Texto: 
18 y/o wdwn black female in moderate discomfort.  vs stable, afebrile.
pt referred to pulmonologist for coil embolization to prevent possible cerebral embolic events.
cxr and pe protocol contrast ct performed to r/o pe, pulm. avm found in left upper lung lobe.  no pe seen.
labs:  ua, neg.
pulmonary avm
pulmonary emboli
ami
congenital heart disease; vsd/asd
valvular heart disease
hemothorax 
osler-weber-rendu syndrome 
partial anomalous pulmonary venous connection 
patent ductus arteriosus 
pulmonary hypertension, eisenmenger syndrome 
respiratory failure 
schistosomiasis
18 y/o black female with benign pmhx presented to ed with cheif complaint of chest pain and dyspnea.


Keywords by value: 
- pe: 0.10469412767852519
- pulmonary: 0.09078364764436594
- black: 0.08952178410647038
- vsd/asd: 0.08014107658151362
- cheif: 0.08014107658151362
- avm: 0.07401065992005905
- ami: 0.0738397385764232
- osler-weber-rendu: 0.0675384005713328
- eisenmenger: 0.0675384005713328
- 18: 0.06744678091028941
- wdwn: 0.062450984317374406
- pulmonologist: 0.05834202864698298
- schistosomiasis: 0.05755101612889543
- ductus: 0.0568233551500451
- arteriosus: 0.05552243838967534
- valvular: 0.05438459163554802
- heart: 0.05398326634379589
- events: 0.05246359987493704
- pulm: 0.05163658370943044
- hemothorax: 0.0495292963089093
- coil: 0.04863438655606155
- r/o: 0.04781973056797349
- connection: 0.04781973056797349
- neg: 0.04756363168645807
- embolic: 0.04731455010292976
- pmhx: 0.045948348257026685
- anomalous: 0.04533524570434003
- syndrome: 0.044434665031538936
- y/o: 0.04302961872399346
- emboli: 0.0420533061994552
- protocol: 0.04178191562536719
- ua: 0.04126229368136766
- discomfort: 0.03893562664375674
- prevent: 0.03855279495875559
- patent: 0.038275893072530966
- dyspnea: 0.03677121635909848
- embolization: 0.036174877427409276
- afebrile: 0.035890763395553776
- complaint: 0.035890763395553776
- ed: 0.032831924880815475
- cxr: 0.032782111555682523
- respiratory: 0.03225145695366518
- stable: 0.032020123629472784
- female: 0.031941095844506065
- partial: 0.031066870204079503
- hypertension: 0.030625282293638072
- vs: 0.03058618154909816
- moderate: 0.030547248260079967
- failure: 0.030431438934830607
- referred: 0.0293139222132331
- pt: 0.028883306860297747
- congenital: 0.028410536087658523
- venous: 0.02819805107688299
- labs: 0.027017945517592165
- cerebral: 0.026913150016037005
- benign: 0.02680954879121092
- possible: 0.026163474717127926
- disease: 0.02539522802210371
- found: 0.024482051040473747
- lung: 0.022501446547624964
- performed: 0.021659803011157445
- presented: 0.02117597850020372
- lobe: 0.020902957708395762
- upper: 0.018746186412442894
- chest: 0.01858844545506835
- ;: 0.01841291989502358
- contrast: 0.017388869880071867
- to: 0.015529749397926772
- seen: 0.015351160136979002
- ct: 0.010866396849018571
- :: 0.010275225599915136
- ,: 0.009844002382446813
- pain: 0.009487346977552134
- left: 0.008691866084299225
- no: 0.007822219551852744
- in: 0.007661767820731908
- for: 0.006628255896751955
- and: 0.0032728910133130625
- .: 0.0025817844434433655
- with: 0.0021273486561798134
- of: 0.0010591254617998947
