Texto: 
noncontributory
annual follow-up with mra
axial and coronal (mip) images of the abdomen and renal arteries demonstrate fusiform dilation of the distal right renal artery up to 1 cm (over twice the diameter of the more proximal normal renal artery) at the segmental bifurcation.
renal artery aneurysm
renal artery aneurysm (congenital, idiopathic, trauma, vasculitis, fibromuscular dysplasia, atherosclerosis)
abdominal pain


Keywords by value: 
- renal: 0.18080813728577952
- artery: 0.1433538023722929
- mip: 0.10149409171172391
- aneurysm: 0.0951391300012198
- fibromuscular: 0.07827354768936642
- twice: 0.0767355294926764
- atherosclerosis: 0.07579621435889228
- bifurcation: 0.07330423255383484
- fusiform: 0.07292862344000159
- mra: 0.06746713708776547
- segmental: 0.06316598709408687
- vasculitis: 0.06158967841515749
- annual: 0.06032280184244003
- noncontributory: 0.05770450074185075
- dilation: 0.0567327701575275
- idiopathic: 0.05486672532589258
- diameter: 0.05063609294208695
- coronal: 0.05011300073153122
- arteries: 0.04982258823571804
- dysplasia: 0.04750846075274232
- congenital: 0.04401632351609067
- follow-up: 0.03915545058368651
- proximal: 0.03613441100995796
- abdomen: 0.03565329947740418
- axial: 0.034349175719265795
- trauma: 0.032915616644477876
- distal: 0.03272223364712714
- up: 0.0323640443810454
- cm: 0.03228107208192938
- over: 0.030642853382252994
- (: 0.03052232646100819
- ): 0.03014947994844951
- more: 0.030101074779044595
- abdominal: 0.030083369551015707
- 1: 0.028638399548728266
- demonstrate: 0.02769650903285973
- images: 0.02308822383027259
- ,: 0.019064089120935733
- normal: 0.018867781050691566
- at: 0.016306523279318776
- pain: 0.014698706584939925
- right: 0.012699038156484743
- the: 0.009735865119973649
- to: 0.00601504378088713
- and: 0.00507067621780897
- of: 0.004922695808365708
- with: 0.0016479461421111232
- .: 0.0004999934661598067
