Texto: 
• bilateral lower extremity weakness
• bilateral supraclavicular adenopathy
• posterior thoracic soft tissue mass
radiation and chemotherapy
posterior paraspinal mass with epidural infiltration of the thoracic spinal canal compressing the spinal cord.
hodgkin lymphoma
• metastatic thyroid cancer
• epidural hematoma
• infection
• lymphoma
15 year old  with three month history of back pain. no trauma.  pain temporarily improved with chiropractic manipulation.  
now presents with bilateral lower extremity weakness.


Keywords by value: 
- •: 0.14433026922593703
- epidural: 0.11079863784153701
- temporarily: 0.09241788098340056
- thoracic: 0.08668572384484872
- weakness: 0.08351608823758906
- extremity: 0.08224102551690625
- bilateral: 0.0818612261571491
- spinal: 0.08052042658893648
- hodgkin: 0.06998698503289497
- supraclavicular: 0.06921276792733005
- compressing: 0.0681306876873699
- manipulation: 0.06681380007477801
- lymphoma: 0.06426838511551278
- chiropractic: 0.06168926367001851
- infiltration: 0.0612715176395635
- paraspinal: 0.060092410288383406
- improved: 0.05356034599477958
- posterior: 0.05183259338690654
- lower: 0.05057531761483849
- adenopathy: 0.05006425170881897
- thyroid: 0.04608305848585145
- 15: 0.044846666480347096
- canal: 0.044670834535450156
- cord: 0.042725972634281593
- chemotherapy: 0.0403019182255377
- hematoma: 0.04001272208450118
- now: 0.03843573144344273
- three: 0.03790295037298566
- back: 0.03709297809667733
- cancer: 0.036962700846904804
- radiation: 0.03689804275739916
- month: 0.03373177027369223
- infection: 0.032684428606221144
- mass: 0.031275289656514854
- trauma: 0.030750115549446434
- metastatic: 0.028304071100211714
- pain: 0.027463372829756177
- soft: 0.027380615315704605
- tissue: 0.02665027879542886
- presents: 0.02296900388826218
- history: 0.01552913865404057
- year: 0.012580332490433088
- old: 0.011512297327134928
- no: 0.011321633561892131
- with: 0.006158114531046828
- the: 0.003638139071148047
- of: 0.003065889494683906
- and: 0.0023685395491081372
- .: 0.0023354957958780444
