Texto: 
physical examination showed decreased sensation in right upper extremity in the triceps region, decreased range of motion in right shoulder secondary to weakness, and weakness in both  lower extremities.
patient was given radiation therapy to areas of extensive osseou involvement of her spine.
lateral radiograph of the chest shows diffuse osteopenia and compression fractures of the thoracic spine. pleural effusions are present.
multiple myeloma
multiple myeloma
metastatic carcinoma
osteoporosis
69 y/o caucasion woman with a history of multiple myeloma was receiving radiation therapy for her extensive vertebral and spinal canal involvement. she also had pleural and rib involvement.


Keywords by value: 
- myeloma: 0.14052936289405019
- involvement: 0.08863977330078726
- osseou: 0.08316526815062734
- caucasion: 0.07662614380572219
- extensive: 0.0644784098575235
- pleural: 0.06261038110704333
- weakness: 0.05987945949110159
- spine: 0.053096293320855616
- radiation: 0.05291040093513842
- multiple: 0.050937905758847234
- 69: 0.050769162447937284
- osteoporosis: 0.04884841758717087
- her: 0.048479465254432745
- decreased: 0.04793880005140678
- triceps: 0.047046009693183045
- osteopenia: 0.04684312096468339
- receiving: 0.046644503896779314
- therapy: 0.04310643011774741
- effusions: 0.04114312384634896
- rib: 0.04030399661977825
- sensation: 0.03702989901645985
- shoulder: 0.03249887165885694
- range: 0.03245509449322956
- motion: 0.03241151953232112
- canal: 0.03202814551598313
- vertebral: 0.03190373981520998
- extremities: 0.031619685084348
- thoracic: 0.031076014208530678
- fractures: 0.030526307528115807
- compression: 0.03017686156886723
- extremity: 0.0294826317890796
- spinal: 0.02886581330546779
- given: 0.027635984835059833
- areas: 0.027125916709868553
- showed: 0.02643210630116695
- radiograph: 0.02567876088605059
- examination: 0.02506059467428835
- diffuse: 0.024405730380899195
- carcinoma: 0.022848374245432703
- region: 0.02276982289848408
- she: 0.022630057938246906
- secondary: 0.022538018551969883
- y/o: 0.022326688960562648
- shows: 0.022163902827630932
- both: 0.02058679236496341
- metastatic: 0.020293484939774436
- physical: 0.019778351599823003
- upper: 0.019453589673289796
- chest: 0.019289896226957724
- was: 0.018646745702145032
- woman: 0.018621725919706664
- present: 0.01820762975407246
- lower: 0.01813077423928172
- lateral: 0.01742139665683538
- had: 0.017394809615478377
- right: 0.017011919039819183
- in: 0.015901782269443582
- also: 0.0158926376761335
- history: 0.011134099412330975
- are: 0.010989376155939638
- patient: 0.008081055952041396
- to: 0.00805788883854691
- for: 0.006878378760780331
- and: 0.006792792669140318
- of: 0.006594554762150289
- ,: 0.005107737085231837
- the: 0.003912715604819598
- a: 0.003741507564326427
- .: 0.002009407703623374
- with: 0.0011038129819800919
