Texto: 
conductive hearing loss on the right.
none to date
absent external auditory canal
malformed ossicular chain
anteriorly displaced mastoid portion of facial nerve canal
opacification of middle ear cavity
microtia and atresia of the external auditory canal
none
5 year old male presents with deformed external ear on right.


Keywords by value: 
- external: 0.21374911021614196
- canal: 0.19970490733495366
- auditory: 0.19075587079941453
- ear: 0.16511169560699634
- microtia: 0.15131188500585074
- ossicular: 0.14129569630455682
- conductive: 0.13469820146884676
- malformed: 0.13207993886836591
- deformed: 0.12256017777460708
- chain: 0.11315678404398186
- mastoid: 0.09654310050697787
- atresia: 0.09224793254496445
- opacification: 0.08872664672192367
- date: 0.08419078131210701
- none: 0.083126255172863
- hearing: 0.08255584780349817
- anteriorly: 0.08216756099376915
- displaced: 0.07696410383813225
- cavity: 0.07334009036730728
- facial: 0.07285592149298627
- absent: 0.07261824775705794
- middle: 0.061277626855734076
- portion: 0.06069032641880562
- nerve: 0.06037149267622169
- 5: 0.049022753381258104
- loss: 0.04863655240134195
- right: 0.03535810623962418
- presents: 0.03422831951976325
- male: 0.03029814780171516
- on: 0.028387882837859924
- year: 0.01874716214260617
- old: 0.01715558033063244
- to: 0.00837388447927424
- of: 0.0068531647528228485
- the: 0.0054215405766127765
- and: 0.003529588347690558
- with: 0.0022941995311743083
- .: 0.0013921386704841675
