Texto: 
none available.
if the findings of avn are found early enough this can be treated with an abduction brace to keep the femoral head directed at the acetabulum in hopes of attaining a more concentric remineralization of the femoral head and acetabulum.  this childs case is more advanced in that the femoral head is sclerotic and collapsed.
the right femoral epiphysis is sclerotic and collapsed.  the remainder of the bones appear normal.
legg-calve-perthes
legg-calve-perthes disease
secondary avn of the femoral head due to an underlying condition such as sickle cell disease or gaucher disease.
7 year old male with right hip pain of unknown duration.  no known significant past medical history.
early radiographic findings are of osteopenia due to disuse.  later there is apparent joint space widening due to soft tissue edema. this is followed by subchondral fracture and eventual sclerosis and collapse. this childs case is more advanced in that the femoral head is sclerotic and collapsed.


Keywords by value: 
- femoral: 0.11474110646978133
- collapsed: 0.10102016418720322
- childs: 0.09078713100351045
- legg-calve-perthes: 0.07447778557857056
- head: 0.07128239148746753
- avn: 0.06907152288000068
- sclerotic: 0.06750151477390168
- acetabulum: 0.062225387051180435
- advanced: 0.051445496087955074
- attaining: 0.04777865437297972
- remineralization: 0.04777865437297972
- disuse: 0.04370131801674475
- due: 0.04024018505210893
- hopes: 0.038931140274295756
- more: 0.03771487604668529
- early: 0.03676657611344045
- keep: 0.03592628366390758
- brace: 0.0355466453042748
- gaucher: 0.0355466453042748
- eventual: 0.03519002988182519
- concentric: 0.03367338806240107
- abduction: 0.03225478772818408
- enough: 0.030011449160365824
- directed: 0.030011449160365824
- osteopenia: 0.029208063660332
- sickle: 0.027771610951437636
- epiphysis: 0.027578729640714155
- duration: 0.026617994016577103
- subchondral: 0.026381088727530394
- collapse: 0.025722748043977537
- widening: 0.025321523043821462
- disease: 0.024648309550865367
- remainder: 0.023694274595202663
- is: 0.023153149698194583
- this: 0.02261499325445019
- apparent: 0.022226857773840408
- case: 0.02199416979843848
- underlying: 0.0215425107615807
- findings: 0.021398081597528935
- bones: 0.021211954536029868
- condition: 0.021022184758275622
- appear: 0.020572931941895776
- hip: 0.020022778659479167
- unknown: 0.019616938238967686
- 7: 0.019260322816518072
- radiographic: 0.019078614069345492
- later: 0.018149521417605435
- sclerosis: 0.018054795490743205
- that: 0.01736447915951557
- available: 0.016898347346116453
- followed: 0.01685221100811042
- space: 0.016626805923980203
- joint: 0.016255466206129887
- past: 0.015971761599684907
- known: 0.015906182849787176
- found: 0.015841327143835956
- such: 0.015713722293181485
- medical: 0.015466528235682378
- treated: 0.015046181388728583
- edema: 0.01421719699665465
- secondary: 0.014053117450051809
- an: 0.01390193957982035
- are: 0.013704398500348255
- if: 0.013639667257533149
- cell: 0.013577886538714624
- significant: 0.013516747947377785
- fracture: 0.013253378413369286
- none: 0.01246893827592945
- soft: 0.012240745670550295
- tissue: 0.011914242285015256
- can: 0.011401307955700409
- right: 0.010607431871887256
- to: 0.010048661375129088
- male: 0.009089444340514547
- by: 0.00836982884261691
- the: 0.008132310864919164
- normal: 0.007880073262347654
- be: 0.00775151013731723
- as: 0.007603397093494869
- there: 0.007480679743911698
- in: 0.00743642170835744
- history: 0.006942438457100491
- at: 0.0068103714872449
- and: 0.006353259025843004
- pain: 0.006138871573710204
- or: 0.005891310288021809
- year: 0.005624148642781851
- old: 0.005146674099189733
- no: 0.0050614361806106
- of: 0.0047972153269759945
- .: 0.002505849606871502
- a: 0.0023329400106976545
- with: 0.001376519718704585
