Texto: 
noncontributory
.
upper gi shows persistant incomplete distension/incomplete filling of the second portion of the duodenum with a normal mucosal pattern.

contrast enhanced ct shows pancreatic tissue encircling the second portion of the duodenum.
annular pancreas
not really applicable in this case.  a pancreatic mass would tend not to encircle the pancreas in this fashion.  given the normal fold pattern and symmetry, an intrinsic duodenal mass or inflammatory process would be unlikely.
29 year old with epigastric pain.
.


Keywords by value: 
- duodenum: 0.10757822516139703
- distension/incomplete: 0.10250602818565696
- pancreas: 0.10169458529014376
- pancreatic: 0.09722766129620611
- encircle: 0.09444617724891341
- encircling: 0.08638632631216986
- symmetry: 0.07832647537542631
- persistant: 0.07695690519337532
- second: 0.07632857988927856
- pattern: 0.07596377532723902
- really: 0.07361176481602905
- portion: 0.07198154993858341
- intrinsic: 0.0718193150505958
- would: 0.07072015996330441
- fold: 0.06604679311671335
- applicable: 0.0655519138792855
- fashion: 0.0655519138792855
- annular: 0.061501836038957404
- epigastric: 0.05824251086274626
- tend: 0.05633984314435322
- shows: 0.05463659766811346
- duodenal: 0.05433004299505774
- incomplete: 0.05361425354157596
- 29: 0.051846623224150075
- mucosal: 0.05126510670584006
- noncontributory: 0.047639762240365154
- unlikely: 0.04733239878608428
- gi: 0.044637031180766555
- enhanced: 0.042517013078511266
- filling: 0.04000279088700387
- process: 0.03825657540505482
- inflammatory: 0.034457162141767715
- given: 0.03406295805251561
- normal: 0.03115377801393258
- not: 0.028716713296324078
- mass: 0.027638628068548013
- upper: 0.023977680294985097
- tissue: 0.023551409168053414
- this: 0.022352028216607745
- contrast: 0.022241577753580294
- case: 0.02173842363799152
- be: 0.015322752597022432
- ct: 0.01389887969060515
- an: 0.013740289119589882
- pain: 0.012134978692217845
- or: 0.01164561336004311
- year: 0.011117503131080404
- old: 0.010173658103049472
- in: 0.009799935584657091
- the: 0.009645298932811103
- a: 0.00922325120508375
- to: 0.004965908237709142
- of: 0.004064086074348433
- .: 0.0033022824276601184
- ,: 0.0031477914595033417
- with: 0.0027210273509276684
- and: 0.0020931279736304473
