Texto: 
poorly responsive 7 year old girl.  no focal neurological signs or symptoms.  no spontaneous verbal communication evident over past 6 months.
prior embolization
supportive care
severely atrophic brain with diffuse cortical and subcortical calcification.
embolic material (producing star artifacts) partially occluding the avm drainage into the falcine sinus.  there is still a patent venous sac draining avm.
vein of galen malformation (aneurysm) & falcine sinus
sturge weber syndrome
post radiation changes with microvascular calcification
congenital toxoplasmosis
cortical laminar necrosis
7 year old girl, with previously embolized vein of galen malformation (aneurysm) presents now with long term mental decline which has accelerated over the past year.


Keywords by value: 
- falcine: 0.12486090861927071
- galen: 0.09867360411428669
- star: 0.074079986756021
- avm: 0.06841321505215543
- verbal: 0.06484795071679318
- occluding: 0.060555298416238634
- accelerated: 0.060555298416238634
- malformation: 0.05728313701691394
- aneurysm: 0.05676368260576979
- artifacts: 0.056605688086442535
- sturge: 0.05561591467756536
- microvascular: 0.05561591467756536
- 7: 0.055029493761480204
- laminar: 0.0539296063123372
- sinus: 0.05252368016205777
- cortical: 0.05235419916934137
- calcification: 0.052130850730371915
- vein: 0.05196526591620365
- weber: 0.05078092186324972
- girl: 0.05049373833596299
- atrophic: 0.04849576459027794
- decline: 0.04810484008914439
- responsive: 0.04773129586586007
- embolized: 0.04773129586586007
- toxoplasmosis: 0.046078268183120115
- past: 0.0456336045705283
- severely: 0.04373613875060734
- subcortical: 0.04373613875060734
- embolic: 0.04373613875060734
- communication: 0.04209122633778301
- producing: 0.04120584385326346
- draining: 0.03814161600798691
- over: 0.03656542168302458
- patent: 0.03538107763007064
- poorly: 0.03505149180525316
- sac: 0.03481251755886211
- still: 0.034206607526077716
- spontaneous: 0.033505921736673924
- mental: 0.033505921736673924
- embolization: 0.03343896232785731
- evident: 0.0328591902985552
- partially: 0.0328591902985552
- term: 0.0328591902985552
- material: 0.03208660630422171
- supportive: 0.03175265396262915
- neurological: 0.031071635391174312
- previously: 0.030166149161792413
- drainage: 0.030031692511822316
- necrosis: 0.028345384146594155
- congenital: 0.026261840081028887
- venous: 0.026065425365185958
- care: 0.0259006482946954
- signs: 0.025272066672151716
- &: 0.02522174699278514
- long: 0.024758163956577508
- now: 0.02454718982942561
- year: 0.024103494183350792
- radiation: 0.023565136550944003
- post: 0.022612059101447844
- diffuse: 0.02173955815441441
- brain: 0.021607995994140854
- 6: 0.021446387910713228
- changes: 0.020580235094412272
- syndrome: 0.020537030056593627
- focal: 0.02050834961460842
- months: 0.019612952056219053
- prior: 0.018437922455482043
- (: 0.018210799821273795
- ): 0.017988345179327018
- symptoms: 0.017896281318471756
- into: 0.017086776201342073
- old: 0.014704783140542094
- presents: 0.01466927979418425
- no: 0.014461246230316
- has: 0.013484873701632587
- which: 0.013404576363382761
- there: 0.010686685348445283
- or: 0.008416157554316869
- is: 0.004725132591468282
- with: 0.0039329134820131
- the: 0.003485276084965356
- a: 0.0033327714438537923
- ,: 0.002274874500145272
- .: 0.0020882080057262513
- of: 0.0019580470722350995
- and: 0.0015126807204388104
