Texto: 
laboratory values were normal with the exception of a slightly elevated glucose level.

on physical exam, the patient had a nontender, soft right parapharyngeal mass.  the overlying skin was normal in appearance.
patient had the mass surgically removed.  follow up imaging is felt to be unnecessary given the benign nature of the neoplasm.
pleomorphic adenoma
57-year old male who presented with a painless, slowly growing right parapharyngeal bulge.


Keywords by value: 
- parapharyngeal: 0.16235244328584317
- 57-year: 0.10548534082346174
- unnecessary: 0.08021378044612
- exception: 0.07694995670221214
- pleomorphic: 0.06244396413940295
- bulge: 0.06198009293677855
- growing: 0.061313946256420754
- slowly: 0.060274430572348846
- glucose: 0.05931198937554726
- nontender: 0.056944176949651745
- surgically: 0.05619327343161505
- painless: 0.055762725284642316
- values: 0.05548342391813629
- nature: 0.05253030908442641
- felt: 0.0522042581606462
- overlying: 0.05021764329335494
- removed: 0.050034724593592095
- had: 0.04789220309716125
- adenoma: 0.046344082490987176
- slightly: 0.04486008127606588
- skin: 0.04262505110699972
- laboratory: 0.04089729527083203
- benign: 0.038299355416015604
- given: 0.038044342759952506
- neoplasm: 0.037794241245609456
- elevated: 0.03765345923842939
- follow: 0.03526233080449915
- normal: 0.034795128690885746
- level: 0.03198557178762249
- appearance: 0.03173904645109924
- mass: 0.030869117063573107
- presented: 0.030251397857433887
- up: 0.029842170792911994
- who: 0.02893465466417795
- physical: 0.027227341163392708
- soft: 0.027025022909007147
- imaging: 0.026000958759163674
- were: 0.025198523853115863
- exam: 0.02437966155778621
- right: 0.023419005431439394
- patient: 0.022249141062763326
- male: 0.020067604388149002
- be: 0.01711372367979129
- a: 0.015451940330594854
- was: 0.012834773015762167
- old: 0.011362786972237074
- the: 0.010772671535347464
- ,: 0.010547145409764444
- on: 0.009401181978771794
- is: 0.0073024776413600735
- to: 0.005546339070688133
- in: 0.0054726913005227916
- with: 0.003039069508828305
- of: 0.0030260727479997
- .: 0.002766197617975034
