Texto: 
palpable mass above the right nipple, approx 1-2 cm in size.  no skin changes.
sceduled for right modified radical mastectomy and lymph node biopsy
right medial lateral oblique and right cranial caudal mammograms demonstrate scattered fibroglandular densities.  just above the nipple in the anterior third of the breast is a well circumscribed, oval density.  
ultrasounf examination of the right breast in the area of palpable concern
demonstrate a 2 cm mass.  the mass is hypoechoic with one wall poorly circumscribed.
infiltrating ductal carcinoma 
ultrasound guided core biopsy
1. fibroadenoma
2. ductal carcinoma in-situ
3. infiltrating ductal carcinoma
4. papilloma
5. phyloides tumor
42 year female with complaint of palpable right breast mass for 2 months.
no significant past medical history.


Keywords by value: 
- ductal: 0.09295446187348737
- nipple: 0.07812075085666353
- breast: 0.07275133716532044
- infiltrating: 0.07140201775493632
- palpable: 0.06989125482922594
- sceduled: 0.06781168018435768
- ultrasounf: 0.06781168018435768
- phyloides: 0.06781168018435768
- circumscribed: 0.05843443980233191
- in-situ: 0.05714787740651237
- carcinoma: 0.05589063853882769
- above: 0.04818367164042795
- fibroglandular: 0.04808130051157663
- biopsy: 0.046641434486719396
- modified: 0.044034430543139866
- approx: 0.04274939912265397
- caudal: 0.04190940456907711
- mammograms: 0.0416486234023411
- fibroadenoma: 0.0416486234023411
- right: 0.04161377118971154
- radical: 0.0411521732397444
- guided: 0.04003538854863287
- oval: 0.03983024818646241
- mastectomy: 0.03906037542833177
- 1-2: 0.03771919552721809
- mass: 0.03656803098300199
- densities: 0.03644600753892907
- core: 0.03644600753892907
- cm: 0.035260863351030555
- 42: 0.03328370810949507
- papilloma: 0.03302869113013429
- concern: 0.032701309480758944
- poorly: 0.03208559634480866
- scattered: 0.030609511669346313
- oblique: 0.030548702596214672
- complaint: 0.030369107488545505
- demonstrate: 0.030253109866662166
- node: 0.030078797273292837
- hypoechoic: 0.029965673062602873
- cranial: 0.028581938431863844
- 5.: 0.028350920838795576
- 2: 0.028309299946316098
- just: 0.02744995655235394
- lymph: 0.026534941607266514
- third: 0.026357282262692287
- 4.: 0.025880615156929215
- skin: 0.025247145655684446
- 3.: 0.02249134009339021
- size: 0.02203750670291363
- density: 0.02162793351430738
- medial: 0.021025380873769633
- 2.: 0.020903416475386603
- past: 0.02088614978420334
- area: 0.020783355724109748
- 1.: 0.020532224356135394
- examination: 0.020434023349804348
- medical: 0.020225460000507726
- ultrasound: 0.01950094296158695
- wall: 0.01903968554029805
- changes: 0.018838830586423543
- months: 0.01795339457453898
- one: 0.0178133183331588
- significant: 0.01767574731580172
- anterior: 0.016929175567405672
- tumor: 0.015324863858544702
- well: 0.01486985348437424
- lateral: 0.014205138812496541
- female: 0.013513540549598722
- no: 0.013237602318520031
- for: 0.011217048440657157
- in: 0.009724551464775114
- history: 0.009078573366977566
- is: 0.00865062735976501
- the: 0.007444192253272159
- year: 0.00735465591748396
- a: 0.006101535412593866
- ,: 0.004164770238727499
- of: 0.003584732332245798
- and: 0.0027693693189572073
- .: 0.002184586836759771
- with: 0.0018000642475367653
