Texto: 
at superior pole of left testicle is a small tender palpable lump.  it is in the location of the epididymis.  there is no palpable intratesticular mass.

patient denies fever/chills.  no labs available.
regular self testicular exam.  annual pcp exam.  annual testicular ultrasound.
multiple, small (1-2mm), punctate hyperechoic lesions within the bilateral testicles.  more than 5 are viualized in a single image bilaterally.  no masses are seen.  the left epidiymis has an anechoic lesion within it, consistent with a spermatocele or epididymal cyst.
testicular microlithiasis
testicular microlithiasis
21 yo male with left-sided, tender testicular mass.


Keywords by value: 
- testicular: 0.19401334624438868
- microlithiasis: 0.10809678270556261
- viualized: 0.0780134373802345
- epidiymis: 0.0780134373802345
- annual: 0.0758038748816503
- 1-2mm: 0.07187939153457126
- fever/chills: 0.06377062399586193
- spermatocele: 0.06377062399586193
- tender: 0.061387803420336805
- epididymal: 0.06079299358328482
- intratesticular: 0.054048391352781305
- palpable: 0.05360391225840337
- epididymis: 0.05347725399758156
- testicles: 0.051956455263717324
- self: 0.05065907938591312
- pcp: 0.047914345507118074
- anechoic: 0.04655018019891225
- lump: 0.0441316551104195
- punctate: 0.0441316551104195
- testicle: 0.04208031339309805
- hyperechoic: 0.03780728886457075
- left-sided: 0.03725971892016289
- pole: 0.035214482451460354
- regular: 0.03487009823686148
- small: 0.034842040431524224
- 21: 0.03421910206715336
- it: 0.03399731654040737
- exam: 0.03322537946813342
- denies: 0.031911790009956434
- single: 0.03065186097779143
- within: 0.028851883334266932
- location: 0.026377944131892858
- labs: 0.02630065492862954
- masses: 0.02556276458403617
- available: 0.025422292467608822
- bilaterally: 0.024838099455963745
- superior: 0.02414817431021408
- image: 0.02362114306458054
- no: 0.02284365001868501
- yo: 0.02275532321506869
- ultrasound: 0.0224347131416487
- 5: 0.0221253134729572
- mass: 0.021034708087567515
- are: 0.020617236681939852
- cyst: 0.020321868460407986
- lesions: 0.020243898286229627
- than: 0.0198145916364449
- more: 0.018913064684178464
- consistent: 0.018542462556028348
- bilateral: 0.01835236928596853
- left: 0.016922217155272826
- multiple: 0.015927486756453706
- lesion: 0.015403143592924377
- seen: 0.01494360721298841
- is: 0.014928073762426344
- has: 0.014200884694639627
- male: 0.013674385291039585
- there: 0.011254119968716714
- a: 0.010529198278369945
- an: 0.010457211188360441
- at: 0.010245691617979053
- ,: 0.00958265718645265
- or: 0.008863033176669978
- patient: 0.007580459565631752
- in: 0.0074583580555797335
- (: 0.006392581648175757
- ): 0.006314492850560222
- the: 0.004893779989508878
- .: 0.004084017427128332
- with: 0.0020708703732723846
- of: 0.0020620141734157245
