Texto: 
not available.
surgical treatment is available to reposition the patella tendon on the tibia to return the patella to its normal location.
ap and lateral radiographs demonstrate elevation of the patella with an abnormally high patella tendon/patella ratio. a post-operative image shows repositioning of the patella in the normal anatomic location.
patella alta
differential diagnosis includes:

-acute patella tendon rupture
-chronic or congenital elongation of the patella tendon
30 year old male with history of recurrent patella dislocation requesting definitive treatment.
this patient received surgical treatment to prevent recurrent patella dislocations.


Keywords by value: 
- patella: 0.5111077483873652
- tendon: 0.12205728632645502
- tendon/patella: 0.0899542696323112
- reposition: 0.08288133921843421
- recurrent: 0.07359249532908321
- alta: 0.0735314337911469
- requesting: 0.0735314337911469
- -chronic: 0.0675336106799008
- repositioning: 0.06645850337726991
- elongation: 0.06645850337726991
- -acute: 0.06548595052212375
- location: 0.06083076912048761
- available: 0.05862691936407749
- dislocations: 0.05491358387225869
- treatment: 0.052947457946965926
- post-operative: 0.050452218500598035
- ratio: 0.048346744694497734
- abnormally: 0.048006577140746805
- return: 0.04415185769626896
- anatomic: 0.04403784442485952
- prevent: 0.043273545361868525
- elevation: 0.04306529156971335
- definitive: 0.04306529156971335
- dislocation: 0.04101763141193629
- received: 0.04052378915824395
- tibia: 0.040052747915762694
- rupture: 0.03702176140944635
- surgical: 0.03665758714798885
- includes: 0.03515184077386566
- 30: 0.033531523841378315
- its: 0.03290338207607797
- ap: 0.031889377241249364
- congenital: 0.031889377241249364
- differential: 0.02768326356482581
- radiographs: 0.02761500858369523
- normal: 0.02733902968569594
- image: 0.027236624145893885
- shows: 0.023973201017641617
- high: 0.023862714908947095
- demonstrate: 0.02006583817686776
- diagnosis: 0.020022646232453263
- lateral: 0.018843551485964796
- to: 0.017431351365019845
- male: 0.015767403447831358
- not: 0.012600190527978932
- an: 0.012057804737599284
- history: 0.012043005486806972
- :: 0.011533416489700663
- or: 0.010219619887384769
- the: 0.009874948907401843
- this: 0.009807522584838092
- year: 0.009756176217070558
- old: 0.008927904049614842
- patient: 0.008740733988942734
- on: 0.007386642983320694
- is: 0.005737661003925771
- of: 0.004755257175428099
- in: 0.00429997173612505
- a: 0.004046936753251033
- with: 0.0023878403283650964
- .: 0.002173440985551813
- and: 0.0018368265891042699
