Texto: 
non-contributory
surgical excision only
ct: non-calcified nodule with surrounding edema right parietal lobe.

mri: enhancing nodule peripheral cortex right parietal lobe.  
tumor cyst present with some associated brain edema
gliofibroma
• astrocytoma
• papillary glioneuronal tumor
• dnet
• ganglioglioma
• gliofibroma
13 year old previously healthy boy presents with first time seizure


Keywords by value: 
- gliofibroma: 0.2849954822247913
- •: 0.13745739926279718
- parietal: 0.1280958754401047
- nodule: 0.12358644207866687
- glioneuronal: 0.12051944341949447
- non-calcified: 0.11258987984505486
- dnet: 0.09385583370468019
- ganglioglioma: 0.08826892614119713
- edema: 0.08480433296250142
- lobe: 0.08067808238328189
- papillary: 0.07610844928926827
- tumor: 0.06990288777581793
- 13: 0.06771388362044276
- healthy: 0.06759076831064194
- seizure: 0.06629062844829595
- cortex: 0.06414847587284156
- previously: 0.06297845175882977
- excision: 0.06153071450114549
- astrocytoma: 0.058216670152163086
- non-contributory: 0.05536905628433117
- peripheral: 0.0542444442458617
- boy: 0.050960031226771424
- first: 0.05030672692606758
- surrounding: 0.049283601129206406
- enhancing: 0.04701672864710104
- some: 0.04552505708538174
- brain: 0.04511143023338179
- only: 0.04507739751727957
- time: 0.04234388117963706
- cyst: 0.04028721291273864
- :: 0.039658765473356665
- associated: 0.03537653617381933
- mri: 0.03444343605113368
- present: 0.0338598027005558
- right: 0.03163620031966374
- surgical: 0.03151266263599041
- presents: 0.03062533851768291
- ct: 0.020970239533193734
- year: 0.016773776653910784
- old: 0.015349729769513237
- with: 0.006158114531046828
- .: 0.0012455977578016235
