Texto: 
bilateral enlarged kidneys measuring about 14 cm each in greatest dimension.  both kidneys display multiple cystic lesions, most of which appear simple.
autosomal dominant (adult) polycystic kidney disease (adpkd)
simple renal cysts
incidental finding on patient with ct performed for evaluation of umbilical hernia.

patient does have a family history of "kidney disease." specific etiology unknown to patient.   .


Keywords by value: 
- simple: 0.11860135881629315
- kidneys: 0.11078074651775006
- display: 0.08511168593981291
- kidney: 0.0847995339450707
- adpkd: 0.08425781802690538
- umbilical: 0.07827354768936642
- polycystic: 0.07118758180666107
- autosomal: 0.06963827342336067
- dimension: 0.0690633157540613
- greatest: 0.06649540650344223
- each: 0.062268581257662804
- dominant: 0.06142494546074634
- adult: 0.06032280184244003
- 14: 0.05303749882699946
- hernia: 0.052680909982150304
- etiology: 0.05094396327747427
- specific: 0.04975091120040155
- family: 0.049328344294714235
- appear: 0.04925913281862369
- measuring: 0.048131770738714726
- cysts: 0.047147299758188266
- unknown: 0.046970133811612774
- about: 0.04639517614231341
- incidental: 0.045574487295496846
- enlarged: 0.04106508549836629
- does: 0.04106508549836629
- disease: 0.03934471947086491
- finding: 0.03878959866251382
- patient: 0.03619402524998822
- renal: 0.036161627457155905
- evaluation: 0.034961109800377574
- cystic: 0.034713136721855754
- performed: 0.03355744128489182
- cm: 0.03228107208192938
- lesions: 0.03221916206118236
- both: 0.030735211136424245
- ``: 0.029579366727208692
- bilateral: 0.02920870041287949
- '': 0.029010556365947085
- most: 0.027786410446874313
- have: 0.02606250814598721
- multiple: 0.02534938033069393
- which: 0.022466825172430264
- (: 0.020348217640672128
- ): 0.02009965329896634
- ct: 0.016835262723831592
- history: 0.0166227399677054
- for: 0.010269128854122749
- on: 0.010195648061484902
- to: 0.00601504378088713
- in: 0.005935172255496548
- a: 0.005585912701670441
- of: 0.004922695808365708
- ,: 0.003812817824187146
- .: 0.00299996079695884
- with: 0.0016479461421111232
