Texto: 
noncontributory beyond the above.
mri evaluation demonstrates hypogenesis of the cerebellar vermis.  no hydrocephalus is present and the tentorium is not abnormally high.
vermain hypoplasia
dandy walker malformation
vermian hypoplasia
mega cisterna magna
posterior fossa arachniod cyst
blake's pouch cyst
4 year old female with neurodevelopmental delay.
dandy walker malformation has at least some degree of vermian agenesis, an enlarged 4th ventricle, and an enlarged posterior fossa with elevation of the tentorium.
vermian hypoplasia the posterior fossa remains normal in size, however the cisterna magna is enlarged.
mega cysterna magna has a normal vermis and 4th ventricle with an enlarged posterior fossa.
posterior fossa arachnoid cysts should have a normal vermis/4th ventricle and normal posterior fossa size.


Keywords by value: 
- fossa: 0.16199068049772694
- vermian: 0.15146356583656867
- magna: 0.14203414471777415
- hypoplasia: 0.1082938451303913
- dandy: 0.09949803335144383
- mega: 0.09814901975470539
- cisterna: 0.09814901975470539
- walker: 0.09468942981184943
- posterior: 0.09161109528848597
- enlarged: 0.09040685489562811
- tentorium: 0.08875156543578577
- vermis: 0.08394296189619135
- ventricle: 0.07447419343205645
- vermain: 0.0683373521237713
- arachniod: 0.0683373521237713
- vermis/4th: 0.0683373521237713
- 4th: 0.06673889794495579
- hypogenesis: 0.06296411816594227
- cysterna: 0.06296411816594227
- neurodevelopmental: 0.05759088420811324
- blake: 0.05586108923668525
- malformation: 0.05284258375978883
- size: 0.04441668017641506
- normal: 0.04153837068524344
- pouch: 0.04123264234496138
- agenesis: 0.03918076207963516
- beyond: 0.038491246684158445
- abnormally: 0.03647011286661385
- cyst: 0.03560265327172252
- remains: 0.03446566334495718
- arachnoid: 0.03328472749548417
- least: 0.0332009219442887
- delay: 0.0328744763214195
- elevation: 0.03271626801420084
- noncontributory: 0.03175984149357677
- degree: 0.031033597430961863
- cerebellar: 0.028570695418941278
- hydrocephalus: 0.0284794950966189
- an: 0.027480578239179765
- cysts: 0.02594928901419664
- has: 0.024879069309988806
- above: 0.024278594237424934
- should: 0.02111789567355659
- some: 0.02011572289819193
- evaluation: 0.01924216120795975
- 4: 0.018457146551775543
- however: 0.018444713609279614
- high: 0.01812826403935516
- mri: 0.015219192673756743
- present: 0.01496130817001303
- 's: 0.014605012545480968
- demonstrates: 0.014469931795761132
- have: 0.01434448122763637
- female: 0.013618296677890183
- is: 0.01307652972987734
- not: 0.009572237765441359
- at: 0.008974908161485527
- year: 0.007411668754053602
- old: 0.006782438735366315
- no: 0.00667010969537831
- the: 0.006430199288540735
- ,: 0.006295582919006683
- a: 0.0061488341367225
- and: 0.005581674596347859
- in: 0.0032666451948856973
- with: 0.0027210273509276684
- of: 0.002709390716232289
- .: 0.002201521618440079
