Texto: 
non-contributory
resection of tumor and surgical fusion of vertebrae.
radiation therapy and chemotherapy
lytic lesion l5 vertebral body with extension into posterior elements.
malignant melanoma with metastatic lesion to l5
• metastatic disease
• myeloma
• infection
55 year old woman with know malignant melanoma.  new onset low back pain.


Keywords by value: 
- l5: 0.17741358271227217
- melanoma: 0.16152485658196258
- malignant: 0.1143952102362704
- know: 0.10518563348217312
- myeloma: 0.0919513115232674
- vertebrae: 0.09117959492325688
- •: 0.08705635286643822
- elements: 0.08682192664669271
- metastatic: 0.07967071865244778
- 55: 0.07671647387971466
- lytic: 0.07083492291088447
- fusion: 0.07058466885224146
- lesion: 0.06446500837038721
- vertebral: 0.06262585963726404
- non-contributory: 0.05844511496679401
- chemotherapy: 0.05672121824334935
- extension: 0.05648754298484543
- new: 0.05514422179260293
- back: 0.05220493213606439
- radiation: 0.05193057869559882
- body: 0.051393772457205264
- onset: 0.04995224492453981
- resection: 0.04935028991704109
- infection: 0.0460003069272742
- low: 0.04400311209011851
- therapy: 0.042308162893344686
- into: 0.03765419199925383
- tumor: 0.03689319077057058
- woman: 0.0365537582868316
- posterior: 0.03647478793893423
- surgical: 0.033263366115767655
- disease: 0.025865510022513038
- pain: 0.019326077176495086
- year: 0.017705653134683606
- old: 0.016202492534486197
- to: 0.007908668674870115
- and: 0.006667000212304387
- with: 0.006500232004993874
- of: 0.004314955585110683
- .: 0.0026295952664700945
