Texto: 
small right frontal lenticular heterogeneous density.  bone windows reveal a fracture through the right frontal bone, with minimal displacement.
acute epidural hematoma
55 yo man, reports falling and hitting his head 3 days ago, with a persistent headache.
the frontal location of this epidural hematoma is unusual.


Keywords by value: 
- epidural: 0.15593882362882985
- frontal: 0.14912732969351986
- lenticular: 0.12256099715981997
- hitting: 0.12060987649948986
- hematoma: 0.11262840290452183
- windows: 0.09638149095041247
- falling: 0.08938026624818933
- bone: 0.07864572894295814
- 55: 0.07671647387971466
- unusual: 0.07654420734893108
- reveal: 0.07046079870130079
- displacement: 0.06781901536053184
- reports: 0.06379408140442287
- persistent: 0.06311753060196999
- minimal: 0.06230518463705181
- ago: 0.05890238557031942
- heterogeneous: 0.05818879919990751
- location: 0.05519829049822024
- headache: 0.054351582177144406
- density: 0.0520672473492585
- days: 0.04850137585503662
- yo: 0.047617620801902995
- his: 0.04560905606753578
- through: 0.044943648489275345
- head: 0.04488150575136844
- fracture: 0.04172359870875516
- acute: 0.039071839427898054
- man: 0.03742466376092591
- 3: 0.0370551023464174
- small: 0.0364550978589096
- right: 0.033393767004089504
- this: 0.017798837283595055
- ,: 0.015039448084293743
- a: 0.014688881548837083
- is: 0.010412792192309733
- the: 0.005120343877912066
- with: 0.004333488003329249
- and: 0.0033335001061521935
- .: 0.0026295952664700945
- of: 0.0021574777925553413
