Texto: 
hyperprolactinemia without elevation of tsh, negative hcg, no history or symptoms of cirrhosis, renal failure.
serum calcium normal
multisequence mri imaging shows subcentimeter within the pituitary gland.
hypointense to pituitary on both pre and post-contrast t1 imaging.
no expansion of the sella turcica or encroachment on surrounding structures.
pituitary adenoma
pituitary micoadenoma
physiologic cyst
rathke's pouch cyst
metastatic disease
34 yo white female with oligomenorrhea and galactorrhea without any significant pmh or fh.


Keywords by value: 
- pituitary: 0.2089228746738167
- micoadenoma: 0.10750632224349388
- oligomenorrhea: 0.10750632224349388
- hyperprolactinemia: 0.08787903062844388
- galactorrhea: 0.08787903062844388
- multisequence: 0.08071090056866194
- fh: 0.07942601623137137
- subcentimeter: 0.0772025826119329
- turcica: 0.0772025826119329
- encroachment: 0.07225788617158944
- physiologic: 0.07037799983223263
- pre: 0.06874956821486039
- post-contrast: 0.06562842950587015
- pouch: 0.064865986128049
- rathke: 0.06450192560183338
- cirrhosis: 0.06135766817131996
- sella: 0.060045099095803314
- hcg: 0.05863640535041497
- tsh: 0.056599160415498305
- cyst: 0.05600905209819763
- pmh: 0.051843539420715394
- 34: 0.05171716396906239
- elevation: 0.05146827529063303
- expansion: 0.051345710219248865
- calcium: 0.050985237021181254
- serum: 0.050294762704114086
- hypointense: 0.04943103035571637
- without: 0.04907349186239415
- imaging: 0.04883106888916104
- gland: 0.04438254501698377
- adenoma: 0.04351822380251234
- failure: 0.040822661985748375
- structures: 0.04012274981505749
- or: 0.03664107618159906
- white: 0.03456224649648802
- surrounding: 0.03425811298005812
- t1: 0.03303043336858834
- any: 0.032815061378930414
- yo: 0.031357945406131245
- renal: 0.03131067743241548
- negative: 0.031123416602132616
- shows: 0.02865089877718145
- significant: 0.028022526232368578
- both: 0.026612195008367336
- metastatic: 0.026233041507513297
- symptoms: 0.025971432645099258
- mri: 0.023942388474568536
- 's: 0.022976178272768842
- female: 0.021423905749363824
- no: 0.02098644270009273
- within: 0.019879651321781485
- on: 0.017655878350376294
- disease: 0.017033384648972003
- normal: 0.01633673725120855
- history: 0.014392860215940042
- ,: 0.00990402678721783
- to: 0.005208147663938857
- and: 0.004390463554444352
- of: 0.0042623341755361616
- the: 0.003371933773259166
- .: 0.002164605859594285
- with: 0.0014268801962181675
