Texto: 
none--although a catheter tip in the coronary sinus may need to be retracted to prevent arrythmias.
persistent left svc
1. veinous catheter within the internal mammary vein(although less likely in this case with catheter not in mid-clavicular line).
2. possible arterial placement of the catheter
the patient is a 63 year old male who presents for placement of a left subclavian line.


Keywords by value: 
- catheter: 0.23462789843738083
- veinous: 0.1160338749058079
- arrythmias: 0.1102415162185484
- line: 0.10034895759735493
- mid-clavicular: 0.1003394136391206
- placement: 0.09909745409282941
- retracted: 0.09168033073097324
- mammary: 0.08632756716752452
- although: 0.08245512230218867
- svc: 0.0783330559113042
- coronary: 0.06868836055334324
- 63: 0.06768544257229683
- tip: 0.06263859464461691
- subclavian: 0.062302444681614146
- need: 0.060880593319513676
- prevent: 0.06058296350661593
- --: 0.05607384708206778
- arterial: 0.05343349441046673
- persistent: 0.04869066646437685
- sinus: 0.04464512813774911
- vein: 0.0441704760287731
- less: 0.04134200006175261
- possible: 0.041114031698343885
- internal: 0.040926798162553873
- 2.: 0.03882063059714654
- 1.: 0.03813127380425144
- likely: 0.034432713799080805
- who: 0.031828120130595744
- none: 0.03028170724154295
- left: 0.027317293407797563
- may: 0.026776119555687483
- case: 0.026707206183818152
- presents: 0.024937775650113226
- within: 0.023287591548372594
- male: 0.022074364826963903
- be: 0.018825096047770416
- in: 0.01805988129172521
- not: 0.017640266739170504
- a: 0.01699713436365434
- this: 0.013730531618773328
- year: 0.013658646703898781
- old: 0.01249906566946078
- patient: 0.012237027584519828
- to: 0.012201945955513892
- for: 0.01041583069489593
- (: 0.01031945323205515
- ): 0.010193395601618643
- is: 0.00803272540549608
- the: 0.007899959125921474
- of: 0.0033286800227996694
- with: 0.0016714882298555676
- .: 0.001521408689886269
