Texto: 
n/a
pt was only seen in the er and discharged same day.
ct brain revealed numerous scattered cystic lesions, several of which 
show focal luminal calcifications, noted throughout the cerebral 
parenchyma; the largest cystic lesion is noted in the posterior right 
temporal lobe measuring 2.8 cm x 2.4 cm. punctate isolated 
calcific densities are noted in the right frontal lobe. no evidence for acute hemorrhage, infarction or midline shift.
neurocystericosis
• pyogenic abscess
• tuberculoma
• metastasis
• amoebic encephalitis
• cysticercosis
24 year old woman presents to the emergency room with a chief complaint of dizziness.
current treatment recommendations include albendazole or praziquantel.


Keywords by value: 
- neurocystericosis: 0.07732910898216226
- •: 0.06872869963139859
- amoebic: 0.0651686321302334
- tuberculoma: 0.06321123255730174
- praziquantel: 0.06321123255730174
- albendazole: 0.059088393704268966
- noted: 0.05330055759085772
- 2.8: 0.05105075570537287
- luminal: 0.04982477375471358
- recommendations: 0.04982477375471358
- pyogenic: 0.04874931478899136
- 2.4: 0.046657990021929975
- cysticercosis: 0.046657990021929975
- chief: 0.0443361255111661
- calcific: 0.04413446307059857
- punctate: 0.04374453532874915
- cystic: 0.04323917030266242
- largest: 0.04250198693345944
- encephalitis: 0.04186374698361358
- densities: 0.04156123666719981
- lobe: 0.040339041191640945
- cm: 0.040209756452929575
- dizziness: 0.04018782385411613
- isolated: 0.03900061904824102
- shift: 0.03555565341376089
- current: 0.03511696551398316
- scattered: 0.0349055834825879
- complaint: 0.03463143836413084
- discharged: 0.034365601965049
- numerous: 0.033613261423317206
- room: 0.03222679708301612
- parenchyma: 0.03192428676660236
- same: 0.030896610519666717
- infarction: 0.030636038989720085
- temporal: 0.03001658664573804
- measuring: 0.02997680458288373
- 24: 0.029144359479174996
- midline: 0.029001141117004567
- er: 0.028756001376736506
- emergency: 0.02838411050859891
- throughout: 0.02805918707280637
- metastasis: 0.02805918707280637
- pt: 0.02786985749677853
- calcifications: 0.02786985749677853
- n/a: 0.02715093550314988
- cerebral: 0.025968828962842725
- hemorrhage: 0.02494961915943891
- x: 0.024728652064451552
- several: 0.02409730557651217
- revealed: 0.024056788507597307
- day: 0.023797893239937976
- abscess: 0.023700317931002343
- frontal: 0.023546420477924185
- show: 0.023010139776242333
- brain: 0.022555715116690894
- only: 0.022538698758639786
- focal: 0.021407838632792997
- include: 0.02102766217570427
- lesions: 0.02006632023108726
- evidence: 0.019653005117253312
- acute: 0.01850771341321487
- ;: 0.01776685253028591
- or: 0.017570574543222937
- woman: 0.017314938135867597
- posterior: 0.017277531128968845
- right: 0.01581810015983187
- presents: 0.015312669258841454
- lesion: 0.015268028298249602
- treatment: 0.015172078592990235
- seen: 0.014812522939190264
- which: 0.013992496379320601
- in: 0.011089400793164603
- ct: 0.010485119766596867
- are: 0.010218191864294752
- was: 0.008669101072049884
- year: 0.008386888326955392
- old: 0.007674864884756619
- no: 0.007547755707928087
- the: 0.007276278142296094
- ,: 0.007123949092560194
- for: 0.006395685514409781
- is: 0.004932375248988821
- to: 0.003746211477570055
- a: 0.00347894562998773
- of: 0.0020439263297892707
- .: 0.0018683966367024354
- and: 0.0015790263660720916
- with: 0.0010263524218411379
