Texto: 
treatment with surgical decompression is usually performed on patients with greater than 5mm midline shift or maximal thickness greater than 1cm.  surgical treatment is also performed for comatose patients with hematomas less than 1cm or less than 5mm midline shift if the gcs decreases by 2 points, the pupils are fixed and dilated or intracranial pressure is greater than 20mm hg.  treatment is with craniotomy and evacuation of hematoma.

meagher rj.  subdural hematoma. emedicine nov 2006.
non-contrast enhanced ct of the brain shows a large right sided extra-axial fluid collection.  the fluid is high density with dependent areas of increased density.  there is significant mass effect with right to left midline shift.
subdural hematoma
acute subdural hematoma
chronic subdural hematoma
85 year old male presents to the emergency department with altered mental status after a fall.
the patient underwent emergent craniotomy and evacuation of hematoma.


Keywords by value: 
- subdural: 0.11861188928051467
- hematoma: 0.11696026455469577
- shift: 0.07794893248401427
- than: 0.0717643863755857
- evacuation: 0.07029889633065761
- 5mm: 0.06899398999335067
- 1cm: 0.06819244695512842
- craniotomy: 0.0657261406391354
- midline: 0.06357942475651002
- greater: 0.06172531457058656
- meagher: 0.05650973348696473
- 20mm: 0.04946734702114351
- 2006.: 0.04242496055532229
- rj: 0.04058084470627242
- emedicine: 0.03873672885722254
- nov: 0.03873672885722254
- hg: 0.037981709397886754
- decreases: 0.037306321477003246
- less: 0.037101794927213876
- comatose: 0.036695358785949886
- gcs: 0.036695358785949886
- points: 0.036410411589983004
- density: 0.03604655585717896
- maximal: 0.035624499268878305
- hematomas: 0.034496994996675336
- emergent: 0.03371904078510951
- treatment: 0.033261864607709364
- fixed: 0.03169434239140133
- fluid: 0.031136398776972475
- altered: 0.031059144297528055
- 85: 0.030592738180333
- performed: 0.030545876041375885
- pupils: 0.029951177548557473
- dependent: 0.029556575670355977
- extra-axial: 0.029184862480289633
- decompression: 0.029006788351398125
- patients: 0.02835352050469264
- thickness: 0.02826153318398875
- non-contrast: 0.026737996954007217
- mental: 0.02555900440169357
- department: 0.024563537193962575
- fall: 0.024097901401398655
- enhanced: 0.023438866184307496
- collection: 0.023186034568594055
- intracranial: 0.02315071626211348
- surgical: 0.023028484233992993
- is: 0.021626568399412526
- pressure: 0.021512390447579098
- emergency: 0.020742234602437664
- sided: 0.02025337572529901
- dilated: 0.01990443209353608
- status: 0.019553380263984958
- effect: 0.019394604186341313
- or: 0.019260052864686683
- underwent: 0.018796128432552687
- areas: 0.018431712636192733
- usually: 0.016634155473504865
- brain: 0.016483022585274114
- chronic: 0.01542942072376282
- shows: 0.015060087818774864
- high: 0.014990679878697535
- if: 0.014863739960132278
- significant: 0.014729789429834765
- acute: 0.013524867494272405
- increased: 0.013400543473074716
- large: 0.01197783610148128
- 2: 0.011795541644298373
- right: 0.011559380886030982
- after: 0.011333341042366682
- presents: 0.011190027535307217
- also: 0.010798843549167636
- male: 0.009905163704406878
- by: 0.009120967328492786
- there: 0.00815202279785249
- ct: 0.007662202906359249
- mass: 0.007618339788125413
- are: 0.007467140208523087
- left: 0.006128879931236632
- year: 0.006128879931236632
- old: 0.005608555108091376
- patient: 0.005490973916130692
- to: 0.005475232159525465
- the: 0.0053172801809086845
- with: 0.0052501873886488986
- a: 0.005084612843828221
- for: 0.004673770183607148
- on: 0.004640327002342488
- and: 0.003461711648696509
- of: 0.0029872769435381648
- .: 0.0022756112882914275
- ,: 0.001735320932803124
