Texto: 
pain and swelling at lateral aspect of foot.
casting and non-weightbeariing.
fracture of the left foot 5th metatarsal.
fractures of the base of the fifth metatarsal
fracture of base of 5th metatarsal
jones’ fracture (>1.5 cm from proximal tip)
normal apophysis of 5th metatarsal
19 year old male playing soccer was involved in a collision at the goal line and struck foot on goalpost. patient was able to walk afterwards with severe difficulty.
see factoid on jones fractures.


Keywords by value: 
- metatarsal: 0.21384747999059942
- 5th: 0.14988674373306476
- jones: 0.13115899968734263
- foot: 0.12041981915551737
- non-weightbeariing: 0.10017634572689203
- goalpost: 0.10017634572689203
- apophysis: 0.0798154426674823
- fracture: 0.07680935216839017
- base: 0.07607859733707652
- fractures: 0.07354064995409718
- afterwards: 0.07292753580872872
- soccer: 0.06671681187272793
- goal: 0.06315252143119336
- collision: 0.06079298319507695
- casting: 0.05743543532128336
- walk: 0.05549650899138832
- fifth: 0.053277091351379625
- struck: 0.052740126750805236
- playing: 0.05173680166960435
- tip: 0.049826154830945275
- 1.5: 0.04854799592836926
- able: 0.04577303046800514
- 19: 0.04477637614506076
- difficulty: 0.04323730829398003
- involved: 0.04073192962627172
- line: 0.03991151722622071
- factoid: 0.034039039700160645
- swelling: 0.03235012345433105
- >: 0.03226326721214278
- aspect: 0.03050331743731088
- severe: 0.029878520455295505
- proximal: 0.02915389979212517
- ’: 0.029023031132334728
- see: 0.028979741036690775
- at: 0.02631279892799166
- cm: 0.02604495588428393
- was: 0.022460852777583792
- lateral: 0.020984864154824437
- male: 0.017559153839630377
- on: 0.01645206846285064
- normal: 0.015222868802262512
- from: 0.014391314922206959
- pain: 0.011859183721940168
- left: 0.010864832605374032
- year: 0.010864832605374032
- old: 0.009942438600707438
- patient: 0.009733999214958955
- of: 0.00926734779074908
- (: 0.00820865598004387
- ): 0.008108382864923921
- the: 0.0062840583956193545
- and: 0.0061366706499619925
- to: 0.004853046686852117
- in: 0.004788604887957443
- a: 0.004506815929756833
- .: 0.002420422915728155
- with: 0.0013295929101123833
