Texto: 
guaiac positive stool
adenocarcinoma of large intestine
this 68 y.o. woman was asymptomatic


Keywords by value: 
- intestine: 0.44117579245365995
- guaiac: 0.4316378358376226
- 68: 0.3460876078867412
- stool: 0.33604603998522764
- adenocarcinoma: 0.2636824603259456
- asymptomatic: 0.20632802842829193
- positive: 0.19806325644886547
- y.o: 0.17616995947047856
- woman: 0.140993067677779
- large: 0.13346731655936284
- was: 0.07059125158669191
- this: 0.06865265809386664
- of: 0.008321700056999172
- .: 0.002535681149810448
