Texto: 
non contributory
chemotherapy and radiation
extradural mass centered on temporal bone extending into middle crainal fossa and temporal scalp.
extraconal mass in the lateral aspect of right orbit.
retroperitoneal enhancing mass.
neuroblastoma
langerhans cell histiocytosis
leukemia
lymphoma
3 year old boy who presented with abdominal mass 12 months ago.  he returns now for ct scan of brain, chest, abdomen and pelvis
the abdominal mass removed 12 months ago was proved to be a neuroblastoma on biopsy.


Keywords by value: 
- neuroblastoma: 0.10294514799268661
- crainal: 0.09297477271443842
- 12: 0.08427466096680197
- temporal: 0.08245520187022017
- extraconal: 0.07973848007988288
- ago: 0.07664406797101804
- returns: 0.07441519390784626
- mass: 0.0715940365631063
- extradural: 0.06792126016407894
- proved: 0.06742942890479876
- langerhans: 0.0608954013044932
- centered: 0.06034766185778529
- scalp: 0.05815101659520752
- histiocytosis: 0.05729006522192867
- months: 0.05623954926964018
- retroperitoneal: 0.05485347646897811
- contributory: 0.052972021881565065
- leukemia: 0.0528277304231709
- orbit: 0.05186336045120059
- abdominal: 0.05146793344872567
- removed: 0.046417756550681824
- non: 0.04255800837624711
- fossa: 0.041961441333748545
- middle: 0.037652517706535396
- pelvis: 0.03741073983845336
- chemotherapy: 0.03690296126675741
- biopsy: 0.036526424598033264
- now: 0.03519416373134515
- boy: 0.03499664795091532
- extending: 0.03461107287758792
- radiation: 0.03378615963328116
- aspect: 0.03234086668052238
- enhancing: 0.03228859678174409
- brain: 0.030980138834973036
- abdomen: 0.030498605577056585
- lymphoma: 0.029424079932403445
- scan: 0.028822547716059983
- he: 0.028725148699193008
- presented: 0.0280645498195471
- cell: 0.02781012905519863
- who: 0.02684299288122533
- bone: 0.025583550379034578
- chest: 0.024635289157319502
- into: 0.024497908047707313
- 3: 0.024108138875982406
- lateral: 0.02224901259788615
- on: 0.017443156924468146
- be: 0.01587658702824011
- ct: 0.014401248836048711
- was: 0.011906958098960082
- year: 0.011519340593649575
- right: 0.01086303263988454
- old: 0.010541380685087405
- for: 0.008784435525815846
- ,: 0.0065231341088502984
- and: 0.00650634960477898
- to: 0.005145398896903449
- in: 0.005077075061930783
- a: 0.004778310865284353
- the: 0.00333130806514761
- of: 0.002807320501156348
- .: 0.0021385262709244742
- with: 0.0014096888685528886
