Texto: 
t8 sensory level
paraplegia
posterior spinal fusion from t4-t7.
spinal cord edema and hematoma at t6 level
paraspinal hematoma
widened disk space at t4-5 with disruption of ligamentum flavum and interspinous ligaments.
hyperflexion injury of the thoracic spine with spinal cord hematoma
none
13 year old boy who was stuck by a falling brick wall


Keywords by value: 
- spinal: 0.16104085317787295
- hematoma: 0.1600508883380047
- t4-t7: 0.15465821796432452
- brick: 0.14249774111239566
- t4-5: 0.13538431816312962
- hyperflexion: 0.12322384131120075
- paraplegia: 0.11817678740853793
- t6: 0.11817678740853793
- interspinous: 0.11817678740853793
- t8: 0.1161104183619347
- cord: 0.11393592702475092
- stuck: 0.10835896656756559
- flavum: 0.10714856531340855
- ligamentum: 0.10124554361829956
- widened: 0.0890850667663707
- level: 0.08641715886480462
- falling: 0.08467604170881093
- ligaments: 0.08372749396722716
- disk: 0.08115550319193109
- paraspinal: 0.08012321371784453
- sensory: 0.0775626187595449
- disruption: 0.07300979076857851
- 13: 0.06771388362044276
- fusion: 0.06686968628107086
- thoracic: 0.057790482563232486
- boy: 0.050960031226771424
- space: 0.04958871942239709
- spine: 0.04937023764921663
- injury: 0.047793132313838596
- wall: 0.043423844214714846
- edema: 0.04240216648125071
- at: 0.04062326852040817
- who: 0.03908716507266144
- none: 0.03718806152470187
- posterior: 0.03455506225793769
- by: 0.024962647425348677
- from: 0.02221817040621425
- was: 0.017338202144099767
- year: 0.016773776653910784
- old: 0.015349729769513237
- a: 0.00695789125997546
- and: 0.006316105464288366
- with: 0.0041054096873645515
- of: 0.004087852659578541
- the: 0.0024254260474320315
- .: 0.0012455977578016235
