Texto: 
bibasilar rales with decreased breath sounds over the lower left lung field.
the patient underwent image guided drainage and chest tube placement by interventional radiology. 600cc of purulent exudate was aspirated. following 3 days of drainage and iv antibiotics, the patient underwent thoracotomy and decortication.
when compared to the patient's original imaging studies, the follow-up cxr and subsequent chest ct demonstrated worsening air-space disease with a new large left sided effusion.
empyema
parapneumonic effusion
empyema
pulmonary abscess
60 yo female with a history of emphysema presented for follow-up care after completing a 2-week course of oral antibiotics for a community acquired pneumonia. the patient claimed to have worsening fatigue, myalgias, chills and fevers, and continued productive cough.


Keywords by value: 
- empyema: 0.08007077709726575
- 600cc: 0.06781168018435768
- claimed: 0.06781168018435768
- decortication: 0.05936081642537222
- parapneumonic: 0.05936081642537222
- 2-week: 0.05936081642537222
- drainage: 0.054981098598567014
- completing: 0.05402891503644956
- myalgias: 0.05402891503644956
- worsening: 0.05176123031385843
- air-space: 0.05090995266638676
- exudate: 0.05009948716132656
- effusion: 0.049956521849313866
- antibiotics: 0.04938025165646925
- thoracotomy: 0.04808130051157663
- community: 0.04808130051157663
- aspirated: 0.04751123918731723
- underwent: 0.045110708238126455
- purulent: 0.044034430543139866
- follow-up: 0.04276979986833449
- bibasilar: 0.042459088907401306
- productive: 0.04217933779839457
- guided: 0.04003538854863287
- interventional: 0.039435684383481245
- original: 0.03924574120970916
- rales: 0.03618957353687067
- emphysema: 0.03594141305826897
- acquired: 0.035241630148994146
- fatigue: 0.035130947553208766
- field: 0.03372847403940911
- chills: 0.032863258782280726
- chest: 0.03145736923165413
- fevers: 0.0312456017912318
- 60: 0.028676323759493187
- continued: 0.028305538360894125
- compared: 0.02782324148231287
- radiology: 0.027780859514536176
- cxr: 0.02773870977788521
- tube: 0.027696789741211637
- oral: 0.027696789741211637
- pneumonia: 0.02717165150175777
- placement: 0.026680083794223305
- patient: 0.026356674797427322
- sounds: 0.026218051173126
- subsequent: 0.025589082290844705
- cough: 0.025186575990831326
- course: 0.024804088026581857
- breath: 0.024577827371148834
- studies: 0.02455000705983969
- sided: 0.024304050870358813
- iv: 0.023987884134316108
- care: 0.023709054977451943
- new: 0.022906061360004296
- abscess: 0.020783355724109748
- image: 0.020532224356135394
- days: 0.020146725355169058
- yo: 0.019779627102328938
- decreased: 0.019544280020958153
- demonstrated: 0.01928784601889975
- pulmonary: 0.01920423315553895
- lung: 0.01903968554029805
- when: 0.018825624904738505
- following: 0.01865598274539345
- presented: 0.017918135654018532
- over: 0.016735712231845865
- imaging: 0.015400567880427714
- 3: 0.015392119436204152
- lower: 0.01478355437972202
- left: 0.01470931183496792
- 's: 0.014492666295131117
- large: 0.014373403321777537
- have: 0.014234139064346861
- after: 0.01360000925084002
- female: 0.013513540549598722
- a: 0.012203070825187732
- for: 0.011217048440657157
- by: 0.010945160794191345
- disease: 0.010744134932428494
- ,: 0.010411925596818746
- ct: 0.0091946434876311
- history: 0.009078573366977566
- and: 0.00830810795687162
- was: 0.00760213478625913
- to: 0.006570278591430558
- the: 0.006380736217090422
- of: 0.003584732332245798
- with: 0.002700096371305148
- .: 0.0019115134821647995
