Texto: 
not available
extra-axial mass at the left cp angle, hypointense on t1, heterogeneous on t2 with avid enhancement on the postgadolinium images. enhancing mass seen extending into (or out of) the internal auditory canal.  focal area of nonenhancement likely represent cystic degeneration.  positive mass effect on the left aspect of pons and fourth ventricle.
vestibular ('acoustic') schwannoma
vestibular schwannoma
unlikely considerations would include:
meningioma and epidermoid
patient has sensorineural hearing loss, l > r


Keywords by value: 
- vestibular: 0.11272403261007706
- schwannoma: 0.08972100087886084
- nonenhancement: 0.08870007052067112
- postgadolinium: 0.08539338003271962
- 'acoustic: 0.08539338003271962
- cp: 0.07184562145408001
- sensorineural: 0.0687621273552906
- avid: 0.06387841248212661
- considerations: 0.05659423133167668
- pons: 0.05613439989933531
- auditory: 0.05591120351017322
- extra-axial: 0.05233147755086417
- degeneration: 0.0498641564308999
- ': 0.0498641564308999
- hearing: 0.048394807333085134
- fourth: 0.04751019766485377
- unlikely: 0.04678834822532469
- epidermoid: 0.04678834822532469
- hypointense: 0.04659016654216945
- angle: 0.04610916527854301
- l: 0.044776293082050264
- r: 0.04460970679121617
- represent: 0.04313705047056932
- mass: 0.040981414032674635
- canal: 0.03902279798499094
- meningioma: 0.03777114179833419
- ventricle: 0.03680908411009687
- heterogeneous: 0.03611718571028742
- would: 0.034953642280713675
- effect: 0.03477653164447408
- on: 0.033282345396111634
- available: 0.033019759182066635
- extending: 0.033019759182066635
- internal: 0.03292960771699737
- >: 0.032634109364006486
- out: 0.03246038938917835
- positive: 0.03187224816418525
- t1: 0.031132132600278663
- area: 0.03105558901303755
- aspect: 0.0308539302814179
- enhancing: 0.03080406359637654
- loss: 0.02851108244216597
- cystic: 0.028329111577606418
- focal: 0.02805165062228048
- t2: 0.02779987090517646
- likely: 0.02770448236707651
- include: 0.027553488368164215
- enhancement: 0.026327457081873975
- into: 0.023371567447812724
- left: 0.02197943147753827
- seen: 0.019409512816870002
- images: 0.01884211370056729
- has: 0.018444827247060664
- (: 0.016606016695261162
- ): 0.01640316533593805
- not: 0.014193318065999256
- at: 0.013307622446340608
- :: 0.012991664551616839
- or: 0.011511755735215028
- patient: 0.009845884263406757
- ,: 0.009334829845423703
- the: 0.006356288951890841
- and: 0.00413813806280962
- of: 0.004017372441309946
- .: 0.0016321625791883344
- with: 0.001344875587240112
