Texto: 
increased sclerosis is noted throughout the osseous structures.   a vertical oriented lucency in the medial femoral metaphysis is seen.
intrinsic sclerotic bone dysplasia (likely osteopetrosis) with fracture
differential diagnosis for dysplasias with increased bone density:
osteopetrosis
pyknodysostosis
osteosclerosis, stanescu type
osteomesopyknosis
central osteosclerosis with ectodermal dysplasia
axial osteosclerosis with bamboo hair
osteopoikilosis
melorheostosis
osteopathia striata
renal osteodystrophy
hyperparathyroidism
osteomalacia
four year-old female presenting with right hip pain and inability to bear weight.


Keywords by value: 
- osteosclerosis: 0.26672502359766237
- osteopetrosis: 0.16755174295266528
- stanescu: 0.11158884080970251
- osteomesopyknosis: 0.11158884080970251
- pyknodysostosis: 0.10281482586590573
- ectodermal: 0.10281482586590573
- bamboo: 0.09404081092210896
- osteopathia: 0.09404081092210896
- striata: 0.09404081092210896
- osteopoikilosis: 0.08695706677102766
- melorheostosis: 0.08695706677102766
- dysplasia: 0.08539495477075201
- osteomalacia: 0.08377587147633264
- dysplasias: 0.0812357360907358
- intrinsic: 0.07818305182723088
- osteodystrophy: 0.07136031131162725
- hair: 0.07034711248031665
- bear: 0.06732925142405086
- vertical: 0.06340323967336935
- inability: 0.06206956225997914
- hyperparathyroidism: 0.05676943143898946
- metaphysis: 0.0538122814240337
- bone: 0.05375784003695873
- oriented: 0.05304488114787629
- increased: 0.0529236653620166
- lucency: 0.04968568728790816
- sclerotic: 0.04841880806566787
- four: 0.04695661962108756
- osseous: 0.045925729343363836
- presenting: 0.04408607127469784
- hip: 0.04308699205204378
- structures: 0.041646398542211575
- femoral: 0.04115187362840259
- throughout: 0.0404904724848092
- year-old: 0.0397311977430154
- sclerosis: 0.0388520915623588
- weight: 0.038771465634694496
- type: 0.03646359782717608
- density: 0.03559027033999948
- central: 0.03559027033999948
- medial: 0.03459872802012724
- differential: 0.03434126366269531
- renal: 0.03249969049946923
- axial: 0.03087077817807432
- likely: 0.030509999568805776
- fracture: 0.028519928231300996
- noted: 0.025638242891804983
- diagnosis: 0.02483821937696734
- female: 0.022237471790478906
- seen: 0.02137503310212266
- :: 0.01430727615178057
- is: 0.014235209579360142
- pain: 0.013210229968743476
- right: 0.011413059608992616
- for: 0.009229217071426774
- (: 0.009143819319542537
- ): 0.009032122684978544
- with: 0.007405327600625933
- to: 0.00540592542332894
- in: 0.0053341421536741125
- a: 0.005020250655931662
- the: 0.0034999818912310326
- ,: 0.003426709690092245
- and: 0.002278595009268588
- .: 0.0013480836492663142
