Texto: 
none
none
abnormal contour to the superior mediastinum
at the right paratracheal region. the trachea is abnormally shifted to the left. absent aortic knob on the left.
right aortic arch with aberrant left subclavian artery
right arch with aberrant left, right arch with mirror image, double arch, lymphadenopathy
40 yo female with right lower anterior chest pain
see factoid


Keywords by value: 
- arch: 0.2366587768855691
- aberrant: 0.14794416119181622
- aortic: 0.1064286815167534
- knob: 0.10363195203517943
- shifted: 0.09739402729505381
- mirror: 0.09616260102315326
- paratracheal: 0.0823043464794888
- abnormally: 0.07237914707374134
- trachea: 0.06982849699923759
- right: 0.0693562853161859
- subclavian: 0.0670949404263537
- none: 0.06522213867409252
- contour: 0.06373368599237833
- double: 0.06359057225911198
- mediastinum: 0.0633082778180628
- left: 0.05883724733987168
- absent: 0.05697739439399931
- lymphadenopathy: 0.05590361344114482
- 40: 0.05531019382904882
- factoid: 0.04608362297867903
- superior: 0.041980672262372176
- image: 0.04106444871227079
- yo: 0.039559254204657876
- see: 0.03923411094198136
- artery: 0.039146615263203066
- abnormal: 0.03749372677407556
- region: 0.0371323265729125
- anterior: 0.033858351134811344
- chest: 0.03145736923165413
- lower: 0.02956710875944404
- female: 0.027027081099197443
- at: 0.017811740812794356
- pain: 0.016055510269703612
- to: 0.013140557182861116
- ,: 0.012494310716182495
- on: 0.01113678480562197
- the: 0.010634560361817369
- is: 0.00865062735976501
- with: 0.007200256990147061
- .: 0.001638440127569828
