Texto: 
none provided
ct - there is a large heterogeneous and partially enhancing mass within the left chest. it compresses the main and left pulmonary arteries as well as left main bronchus. it also has mass effect on the left ventricle although no definite pericardium invasion is identified. 

mr - 12.5 x 12.1 x 16.5cm mass within the left hemithorax with extension through the chest wall and under the left pectoralis muscle. there is a tissue plane between the mass and the aorta. mass effect on left main bronchus and pulmonary artery. lesion is heterogeneous in signal on both t1 and t2 sequences and demonstrates heterogenous enhancement on the post-contrast images.
malignant peripheral nerve sheath tumor (mpnst) with divergent rhabdomyosarcoma differentiation vs pleomorphic sarcoma
mpnst w/ rhabdomyosarcoma vs pleomorphic sarcoma
28 y/o man with h/o nf-1. now has a left sided thoracic mass.


Keywords by value: 
- mpnst: 0.1008745900039005
- main: 0.07802424543166707
- bronchus: 0.06606952036958086
- rhabdomyosarcoma: 0.06285209462397422
- pleomorphic: 0.06285209462397422
- 16.5cm: 0.05761776747690522
- left: 0.04999243238028313
- sarcoma: 0.04973703437738879
- 12.1: 0.047098565434852274
- divergent: 0.047098565434852274
- mass: 0.0466063139979437
- nf-1: 0.04489940048961559
- vs: 0.04398013033203657
- heterogeneous: 0.04107444649405236
- 12.5: 0.0408533925915357
- pectoralis: 0.03991809295989731
- effect: 0.03954978108587248
- pericardium: 0.03771892801466062
- compresses: 0.037414875624890084
- x: 0.036850540331339575
- post-contrast: 0.03517340666327681
- pulmonary: 0.032634644578040044
- hemithorax: 0.03154597632289035
- plane: 0.03119259579171208
- sheath: 0.030749310848321484
- definite: 0.030234403149935113
- differentiation: 0.02975711468578551
- h/o: 0.029142546387430763
- w/: 0.028977070518252393
- heterogenous: 0.02865818055636068
- invasion: 0.026895673582837138
- chest: 0.0267284836608826
- 28: 0.026326971772447402
- partially: 0.025557148009987377
- it: 0.02510912920958192
- under: 0.02440597424171265
- provided: 0.024089017706166175
- aorta: 0.023974012726490492
- -: 0.023944162858932857
- sequences: 0.023323492495464133
- arteries: 0.02312028604402602
- thoracic: 0.02152978762159642
- within: 0.021308907299164466
- has: 0.020976470202539583
- ventricle: 0.020930655670447242
- sided: 0.020650500739520558
- peripheral: 0.020208714522968088
- malignant: 0.02018739004169478
- nerve: 0.020123830892073896
- muscle: 0.020060883878603563
- identified: 0.019957300922786414
- extension: 0.019936779877004273
- now: 0.019092258756219917
- on: 0.01892525522523995
- although: 0.018862282879585645
- mr: 0.017746401777427673
- between: 0.017702585204080024
- t1: 0.017702585204080024
- enhancing: 0.017516036162645486
- as: 0.016896437985544153
- artery: 0.01663091498109934
- there: 0.01662373276424822
- wall: 0.01617751058979573
- through: 0.015862464172685418
- t2: 0.01580776973039446
- y/o: 0.015468163593592424
- enhancement: 0.014970514811261673
- signal: 0.014725976014854763
- is: 0.014700412506790213
- both: 0.014262745037164192
- none: 0.013854375862143834
- tissue: 0.013238046983350286
- man: 0.013208704856797381
- tumor: 0.013021126154319027
- well: 0.012634516032474844
- large: 0.012212695632882874
- demonstrates: 0.01220013857289664
- lesion: 0.01137617794771539
- also: 0.011010585579543474
- images: 0.010714143084636302
- and: 0.008235706144611301
- the: 0.008132310864919164
- ct: 0.0078124421790329605
- a: 0.007776466702325515
- no: 0.005623817978456222
- (: 0.004721318472182095
- ): 0.00466364504649219
- in: 0.0027542302623546075
- with: 0.0022941995311743083
- .: 0.0020882080057262513
