Texto: 
firm swelling over right parietal bone is noted.  there is no evidence of crepitus.
no treatment needed/observation
there is a moderate-sized cephalohematoma overlying the right parietal bone.  the margins are beginning to calcify.  the sutures are within normal limits for the baby's age.  there are no underlying fractures.
cephalohematoma
cephalohematoma, caput succedaneum, subgaleal hemorrhage, parietal skull fracture
14 day old african-american male presents to outpatient pediatrician for 2 week check up and is found to have local swelling over the right side of the head.   patient exhibited no other symptoms and vitals were normal.  no evidence or history of trauma is noted.  he was then sent to childrens medical center for further evaluation of the mass and to rule out fracture.
mother was reassured that this is a benign finding.


Keywords by value: 
- cephalohematoma: 0.1277888502279567
- parietal: 0.07553239551813071
- needed/observation: 0.06079667878597585
- childrens: 0.06079667878597585
- reassured: 0.06079667878597585
- moderate-sized: 0.053220042312402675
- succedaneum: 0.0496971069760855
- subgaleal: 0.04645570263645974
- caput: 0.045643405838829504
- exhibited: 0.04259628340931889
- pediatrician: 0.04125727641317436
- calcify: 0.04086308045565747
- sutures: 0.040490203067586605
- crepitus: 0.03947914462488401
- check: 0.03947914462488401
- swelling: 0.03926635674456734
- african-american: 0.03806676936525634
- beginning: 0.03668283353448288
- outpatient: 0.03354672210610393
- fracture: 0.031076887314107293
- evidence: 0.030902656322301762
- over: 0.030008863312275345
- sent: 0.029997312450426996
- no: 0.029670487955303516
- bone: 0.029288754227032688
- firm: 0.02890031455642915
- center: 0.02890031455642915
- baby: 0.028700400509027415
- vitals: 0.028194004174166603
- noted: 0.027936843978656464
- local: 0.027070133074101686
- mother: 0.026916300263658252
- margins: 0.0267658240747297
- overlying: 0.026667300231643654
- there: 0.02631135634065494
- 14: 0.025970085632530768
- underlying: 0.025256736754956682
- skull: 0.02509909442339772
- rule: 0.024610305874524223
- limits: 0.024291128270634524
- are: 0.02410083874199176
- is: 0.023267204622816232
- fractures: 0.02231578343434673
- then: 0.020972185368428205
- side: 0.02041687242595911
- benign: 0.020338278393332423
- week: 0.0200138994367464
- hemorrhage: 0.019615562649489902
- out: 0.019476233633507006
- finding: 0.018993527620955044
- further: 0.01874099408138109
- day: 0.018710067788640893
- right: 0.018654449154008622
- found: 0.018572590444497324
- normal: 0.018477413166884154
- medical: 0.01813317103493796
- age: 0.017937312589960733
- evaluation: 0.017118888247081434
- head: 0.016714491797061352
- he: 0.01644267132436565
- trauma: 0.016117301943158132
- up: 0.015847221731408435
- for: 0.015084996178814796
- to: 0.014726486498034009
- symptoms: 0.014687292944125097
- was: 0.013631414099499127
- other: 0.013583714128982403
- were: 0.013381285080620146
- 's: 0.012993424954255482
- have: 0.012761641919759254
- 2: 0.012690375838003767
- presents: 0.01203892617591673
- treatment: 0.011928392824833703
- within: 0.011242285575076425
- male: 0.010656589916465332
- that: 0.010179177438336712
- mass: 0.008196282806534928
- history: 0.008139410604876437
- or: 0.006907053441129018
- the: 0.006674103399485383
- this: 0.00662853250561471
- old: 0.006034031702498307
- patient: 0.005907530558044055
- ,: 0.005600897907254222
- a: 0.005470342094049673
- and: 0.0037243242565286575
- of: 0.003213897953047957
- .: 0.002693068255660752
