Texto: 
negative
no treatment following endoscopic biopsy.
• calcified enhancing mass in the left frontal sinus.
• mass is dense on ct.
• mixed signal intensity on mri.
• portions of the mass do enhance.
osteoma left frontal sinus
• squamous cell carcinoma
• melanoma
• inverting papilloma
• osteoma
30 y.o. woman with frontal headaches.  had ct scan for evaluation of source of pain


Keywords by value: 
- •: 0.17656499736291695
- osteoma: 0.14303799452628535
- frontal: 0.11342078596408552
- inverting: 0.09321540629056731
- sinus: 0.08803264703218135
- endoscopic: 0.07086378577532729
- source: 0.06354159620792012
- portions: 0.06262071227464051
- melanoma: 0.06142494546074634
- papilloma: 0.06047506826644307
- squamous: 0.058884358249814965
- enhance: 0.058216721082285615
- dense: 0.056850632828943225
- mixed: 0.052858075928725795
- do: 0.052247506338956584
- calcified: 0.05166230911483162
- mass: 0.050216662265390045
- 30: 0.0462829484007757
- headaches: 0.04600623012776448
- intensity: 0.043502403892666214
- biopsy: 0.04269990481178536
- enhancing: 0.0377458244068276
- negative: 0.03594535438556161
- evaluation: 0.034961109800377574
- y.o: 0.03473773848713662
- following: 0.03415884164649505
- carcinoma: 0.034111657324167134
- scan: 0.0336939642314504
- ct: 0.033670525447663184
- cell: 0.03251043255748572
- signal: 0.03173344127144759
- woman: 0.027801449964632484
- mri: 0.027651772604431267
- left: 0.026932542796420135
- had: 0.025969715763953637
- treatment: 0.024360802247899816
- on: 0.020391296122969804
- pain: 0.014698706584939925
- no: 0.01211893170005355
- for: 0.010269128854122749
- is: 0.007919588427953882
- in: 0.005935172255496548
- of: 0.004922695808365708
- the: 0.003894346047989459
- .: 0.0034999542631186467
- with: 0.0016479461421111232
