Texto: 
cervical spine scoliosis
surgical resection
• klippel feil malformation of cervical spine with multiple fusion abnormalities
• intradural extramedullary mass c5-6 level
cervical spine neurenteric cyst
• meningioma
• schwannoma
• hemangiopericytoma
• arachnoid cyst
• parasitic disease (cysticercosis)
• dermoid/epidermoid (w/o dysraphism)
• neurenteric cyst
10 year old girl with neck and shoulder pain for one week.


Keywords by value: 
- •: 0.22385919308512683
- neurenteric: 0.2138437105487829
- cervical: 0.1478614955519823
- spine: 0.1340049307621594
- feil: 0.12249057357616489
- klippel: 0.11792419147375567
- cyst: 0.10935100647743345
- dermoid/epidermoid: 0.10904140118906643
- dysraphism: 0.10505228327984568
- extramedullary: 0.09160311089274721
- c5-6: 0.08821304580865104
- intradural: 0.08761399298352648
- scoliosis: 0.08491718287566304
- cysticercosis: 0.08442874384920662
- parasitic: 0.08395488729127518
- hemangiopericytoma: 0.08098327551209826
- w/o: 0.07661165678416228
- arachnoid: 0.06815444201456282
- schwannoma: 0.06195021489254676
- fusion: 0.06050114473049268
- shoulder: 0.054680641203791035
- malformation: 0.05410074051597427
- meningioma: 0.052160148197699596
- abnormalities: 0.04982166066187645
- girl: 0.04768853065063171
- week: 0.04606373679886076
- 10: 0.0457241941007446
- resection: 0.04230024850032093
- neck: 0.03982925614315051
- level: 0.03909347662931638
- one: 0.036757641004930855
- multiple: 0.028568349261575695
- surgical: 0.028511456670657992
- (: 0.02293211829345589
- ): 0.022651990225819207
- disease: 0.022170437162154034
- mass: 0.018864460427739118
- pain: 0.01656520900842436
- year: 0.01517627411544309
- old: 0.01388785074384531
- for: 0.011573145216551032
- with: 0.003714418288567928
- and: 0.0028572858052733087
- of: 0.0018492666793331496
- .: 0.0005634846999578773
