Texto: 
labs:  total bilirubin 12.6
alkaline phosphatase 1125
ast 335 alt 173

pe: jaundiced female.  mild discomfort with ruq palpation.
patient went on to ercp where four gallstones were retrieved.
distended gallbladder with hyperechoic biliary sludge within the lumen.  gallbladder wall thickening, pericholecystic fluid, common duct dilatation of 1.7cm, and a hyperechoic round stone in the common duct.
acute cholecystitis
• acute cholecystitis
• chronic cholecystitis
• cholelithiasis
• choledocholithiasis
91 y.o. woman with ruq pain and elevated bilirubin.


Keywords by value: 
- cholecystitis: 0.15129507683168142
- bilirubin: 0.11448792839637449
- ruq: 0.10684856086075616
- 1125: 0.09795020471073887
- 335: 0.09795020471073887
- hyperechoic: 0.09493830314881099
- gallbladder: 0.0912441827256481
- duct: 0.08705952497812415
- 173: 0.08254693403162898
- 12.6: 0.07484529869207403
- 1.7cm: 0.07484529869207403
- jaundiced: 0.07353659829589199
- retrieved: 0.07034013082420552
- •: 0.06964508229315057
- choledocholithiasis: 0.06583496295633705
- 91: 0.06523421605333399
- ercp: 0.06360528856231314
- phosphatase: 0.06218491776775886
- sludge: 0.06218491776775886
- alkaline: 0.060535806599778044
- pericholecystic: 0.06015912269227047
- gallstones: 0.05782889457024749
- cholelithiasis: 0.052834171260223106
- ast: 0.05156812393412068
- alt: 0.05156812393412068
- went: 0.05058709496583537
- common: 0.049694826932364385
- biliary: 0.04795231948484704
- discomfort: 0.04758798812014713
- stone: 0.047235224805540696
- acute: 0.046886207313477674
- distended: 0.04592652440935865
- lumen: 0.04572264509082313
- pe: 0.04265316312828804
- four: 0.04121747722295464
- round: 0.04101727160625821
- total: 0.04088577763240263
- dilatation: 0.0406914092163191
- where: 0.03875158061307686
- labs: 0.033021933410390426
- elevated: 0.03221462623732292
- thickening: 0.03218471744103724
- palpation: 0.03168821200386725
- wall: 0.027501768002652735
- y.o: 0.027404215917630002
- fluid: 0.026984878940042815
- chronic: 0.026744329254522223
- :: 0.02511721813312589
- mild: 0.02500281615479041
- woman: 0.02193225497209896
- were: 0.02155873707433246
- female: 0.019519558571642597
- within: 0.018112571204289798
- pain: 0.011595646305897054
- patient: 0.0095176881212932
- ,: 0.009023668850576245
- on: 0.008043233470726979
- to: 0.00474520120492207
- in: 0.004682191446002832
- a: 0.004406664464651125
- and: 0.004000200127382633
- with: 0.0039001392029963246
- the: 0.00307220632674724
- .: 0.0027610750297935994
- of: 0.0012944866755332048
