Texto: 
hirsutism.
bilaterally enlarged ovaries with multiple perpherial follicles (string of pearls sign)and an echogenic stroma.
polycystic ovarian syndrome
normal variant
polycystic ovarian syndrome
complaints consistent with excess androgen.


Keywords by value: 
- polycystic: 0.29731284166311384
- perpherial: 0.2592799536460735
- ovarian: 0.2300143320898864
- hirsutism: 0.21194354445683522
- pearls: 0.21194354445683522
- androgen: 0.21194354445683522
- follicles: 0.19465570137147878
- string: 0.1697351760659728
- stroma: 0.1697351760659728
- excess: 0.16836694031200536
- ovaries: 0.15644149595588286
- syndrome: 0.14375921039615538
- echogenic: 0.12503441860290182
- variant: 0.119723126341272
- complaints: 0.10910508676664463
- sign: 0.08707195593423737
- enlarged: 0.08575356089364725
- bilaterally: 0.08255015407423245
- consistent: 0.06162641967150598
- multiple: 0.052935470690566734
- normal: 0.039400366311738266
- an: 0.03475484894955088
- (: 0.021245933124819427
- ): 0.020986402709214855
- with: 0.0068825985935229254
- and: 0.0052943825215358365
- of: 0.0034265823764114242
- .: 0.0031323120085893774
