Texto: 
noncontributory
embolization
hyperechoic solid renal mass on ultrasound

hypervascular mass on renal angiography
aml (angiomyolipoma)
aml (angiomyolipoma)
53 y/o female with known left aml which has increased in size


Keywords by value: 
- aml: 0.5386496969154849
- angiomyolipoma: 0.312239804717385
- renal: 0.1556045787550345
- hypervascular: 0.15316116085675563
- 53: 0.13972199407804645
- angiography: 0.13011302566416538
- hyperechoic: 0.12946132247565134
- noncontributory: 0.1241521076567092
- embolization: 0.12058292475803092
- solid: 0.10328323189413272
- size: 0.08681442034481125
- known: 0.08194094195344909
- ultrasound: 0.07682189651534252
- mass: 0.07202793981500391
- y/o: 0.07171603120665578
- increased: 0.06334802369089866
- female: 0.053235159740843446
- has: 0.04862727183315994
- which: 0.04833771476492572
- on: 0.043872182567601704
- (: 0.04377949856023397
- ): 0.04324470861292758
- left: 0.028972886947664082
- in: 0.01276961303455318
- with: 0.0035455810936330222
