Texto: 
no abdominal tenderness or jaundice.
ast = 102, alt= 116, alp= 460, nl bilirubin and inr
multiple target appearing masses that have a hyperechoic center with a hypoechoic rim in the left and right lobes of the liver

the ultrasound was followed by a ct that demonstrated multiple low density solid hepatic masses.
liver metastases, from bronchogenic carcinoma
regenerative nodules in cirrhosis, microabcesses, multiple bacterial abscesses, histoplasmosis, lymphoma, kaposi sarcoma, multnodular hepatocellular carcinoma, sarcoidosis
69yo m presented to the emergency department with a 4 month history of dull right upper quadrant abdominal pain. he has had a 15 lb weight loss over the last year and admits to a 70 pack year smoking history. the chest ct demonstrated a 1.9 cm speculated mass in the right lower lobe that was the primary tumor.


Keywords by value: 
- alt=: 0.05916455318098321
- alp=: 0.05916455318098321
- regenerative: 0.05916455318098321
- microabcesses: 0.05916455318098321
- multnodular: 0.05916455318098321
- 116: 0.05451255868058089
- 69yo: 0.05451255868058089
- 460: 0.05179131634428449
- kaposi: 0.04713932184388216
- speculated: 0.04713932184388216
- admits: 0.04248732734347985
- lb: 0.0401496985228878
- 102: 0.03976608500718345
- dull: 0.03976608500718345
- liver: 0.03954659746084193
- masses: 0.03877305232209513
- 1.9: 0.037561359725491926
- histoplasmosis: 0.036337725116136525
- pack: 0.036337725116136525
- multiple: 0.03623770476803897
- nl: 0.03590458067897162
- inr: 0.03590458067897162
- bilirubin: 0.03457689112642182
- target: 0.03457689112642182
- jaundice: 0.03424125071988047
- cirrhosis: 0.03376730731575998
- demonstrated: 0.03365664405982507
- hepatocellular: 0.03304495386480451
- carcinoma: 0.03250909624182371
- abscesses: 0.032392848170484725
- ast: 0.031148531235374904
- bronchogenic: 0.03027821027357267
- =: 0.030099228749531325
- that: 0.029717732789774964
- m: 0.029589256219478152
- bacterial: 0.02934810179514216
- smoking: 0.028964488279437806
- hyperechoic: 0.0286726418905805
- abdominal: 0.028670056887545172
- center: 0.028124467185786758
- 70: 0.027556967937276272
- hypoechoic: 0.026144546967371632
- sarcoidosis: 0.025903968901780115
- department: 0.025717528874215852
- sarcoma: 0.025536128388390887
- appearing: 0.02549153414195687
- lobes: 0.02527290212561719
- metastases: 0.02450156006740258
- last: 0.02450156006740258
- rim: 0.024275311360407198
- hepatic: 0.023949626522188
- nodules: 0.023775294398676185
- solid: 0.022874809748364963
- 15: 0.022874809748364963
- emergency: 0.021716701999867624
- weight: 0.020556683121750772
- quadrant: 0.020183731100577546
- ,: 0.01998530685026954
- followed: 0.019227354841468265
- density: 0.018870009106442678
- a: 0.018632205454565162
- right: 0.01815365857269295
- tenderness: 0.01744236458309821
- month: 0.017205466716782615
- ultrasound: 0.017014245536955054
- primary: 0.016989156126816753
- loss: 0.016647410553479458
- lymphoma: 0.0163905948616744
- ct: 0.01604434434083279
- he: 0.016001257329080667
- 4: 0.015979677215966746
- low: 0.015947436596418788
- history: 0.015841805875262863
- presented: 0.015633272718271203
- lobe: 0.015431713744453249
- cm: 0.015382255824275073
- over: 0.014601628121744715
- upper: 0.013839466478984687
- chest: 0.013723013423204823
- tumor: 0.013370686587992021
- was: 0.01326547009682801
- lower: 0.012898403150093038
- year: 0.012833627775475365
- have: 0.012419047505805985
- had: 0.012374831001615492
- has: 0.01076979845969314
- by: 0.009549469149294462
- from: 0.008499568544659143
- in: 0.008484507989401105
- mass: 0.0079762483687756
- the: 0.0074227803867718545
- pain: 0.007004081661280099
- or: 0.006721629187675889
- left: 0.006416813887737682
- no: 0.005774792957743637
- to: 0.00573245783144948
- and: 0.003624342397292989
- with: 0.0015705258535555669
- of: 0.0015638094066844084
- .: 0.0011912596005820898
