Texto: 
unavailable
the patient is followed by ent with plans for treatment in the near future with gamma knife.
5 mm x 9 mm lesion within the right iac which demonstrates isointense signal to grey matter and uniform enhancement.
vestibular ('acoustic') schwannoma
meningioma
epidermoid
schwannoma (trigeminal, vestibular, etc.)
47 year old female with long term hearing loss and recent disequilibrium problems.
schwannomas may demonstrate increased signal on t2 weighted sequences. when present, this is due to the presence of antoni b type histology which is characterized by looser areolar tissue with lower cell density versus antoni a histology which is denser and more cellular. this particular lesion does not show does not show hyperintensity, and therefore would be expected to display predominantly antoni a histology.


Keywords by value: 
- antoni: 0.18890396622785355
- histology: 0.10881104583606706
- vestibular: 0.07004993455054788
- looser: 0.05801693745290395
- areolar: 0.05801693745290395
- schwannoma: 0.05575519340329209
- 'acoustic: 0.05306588616319005
- disequilibrium: 0.0501697068195603
- denser: 0.04906863053507989
- plans: 0.048114834873476155
- mm: 0.04488850223992865
- iac: 0.04316378358376226
- schwannomas: 0.04316378358376226
- display: 0.04316378358376226
- grey: 0.04193628174857184
- does: 0.041651729576914376
- cellular: 0.04088911407577273
- knife: 0.038439508710581084
- unavailable: 0.03821273229404837
- trigeminal: 0.03821273229404837
- show: 0.037473656207023226
- gamma: 0.036985230458857946
- ent: 0.03661884978466115
- uniform: 0.035777542387115564
- which: 0.03418166972662604
- future: 0.03384272128614842
- hyperintensity: 0.03360460399852276
- etc: 0.03304188344242909
- particular: 0.032724370852637415
- signal: 0.03218677614675398
- 47: 0.03203417916914405
- ': 0.03098701149634494
- characterized: 0.03036550166070473
- hearing: 0.030073915985560046
- isointense: 0.030002842193751704
- expected: 0.02972541481292125
- epidermoid: 0.029075616397166056
- versus: 0.029013773091858097
- therefore: 0.028831392363249775
- b: 0.028771619151317516
- predominantly: 0.028595243347100573
- problems: 0.028255042997177328
- term: 0.02793031175377192
- weighted: 0.026540371401016425
- near: 0.026410890082498167
- sequences: 0.025489245370042945
- 9: 0.025230819251632213
- lesion: 0.02486507465714935
- matter: 0.024031999788577126
- meningioma: 0.02347206668896482
- presence: 0.022155611560408066
- would: 0.02172119198872921
- long: 0.021044439363090882
- type: 0.020575887345335074
- recent: 0.020519421777427122
- followed: 0.020463399081276937
- by: 0.020326727189212496
- x: 0.020136188109624836
- density: 0.020083081120428278
- 5: 0.017858288731744023
- loss: 0.017717601231917426
- not: 0.017640266739170504
- when: 0.017480937411542895
- t2: 0.017275634062502515
- cell: 0.016487433654153474
- enhancement: 0.016360634043735972
- due: 0.01628769394966314
- is: 0.01606545081099216
- more: 0.015265545066515474
- increased: 0.014932034155711826
- tissue: 0.014467294203232811
- demonstrate: 0.014046086723807433
- present: 0.01378577681379772
- this: 0.013730531618773328
- lower: 0.013727586209741875
- may: 0.013388059777843742
- demonstrates: 0.013333008583237042
- female: 0.012548287653198811
- treatment: 0.01235440685429205
- within: 0.011643795774186297
- (: 0.01031945323205515
- ): 0.010193395601618643
- be: 0.009412548023885208
- to: 0.00915145946663542
- ,: 0.007734573300493925
- year: 0.006829323351949391
- right: 0.006440226493645833
- old: 0.00624953283473039
- patient: 0.006118513792259914
- a: 0.005665711454551446
- for: 0.005207915347447965
- on: 0.005170650088324486
- and: 0.005143114449491956
- the: 0.003949979562960737
- with: 0.003342976459711135
- in: 0.003009980215287535
- .: 0.0017749768048673138
- of: 0.0008321700056999173
