Texto: 
alt=124
no treatment needed.
multiple isoechoic rounded lesions that are non-mobile and are not shadowing.
gallbladder polyp
differential diagnosis for a gallbladder lesion:
polyp
gallbladder stone
gallbladder cancer
adenomyomatosis
46 year old male with hyperlipidemia and elevated alt.


Keywords by value: 
- gallbladder: 0.3910464973956347
- polyp: 0.23163212882786047
- alt=124: 0.20989329580872615
- non-mobile: 0.14882307301202288
- adenomyomatosis: 0.14882307301202288
- isoechoic: 0.1470585974845533
- hyperlipidemia: 0.12593233093691278
- alt: 0.11050312271597286
- shadowing: 0.1080679120226296
- 46: 0.10773949959090731
- stone: 0.10121833886901577
- rounded: 0.10024638661853348
- needed: 0.08861352912285085
- elevated: 0.06903134193712054
- cancer: 0.06688488724678013
- differential: 0.06459428165126023
- are: 0.055470184406171505
- lesions: 0.05446572634152256
- diagnosis: 0.04671950787572428
- multiple: 0.04285252389236354
- lesion: 0.04144179109524892
- treatment: 0.041181356180973495
- male: 0.03679060804493983
- that: 0.0351423982990196
- not: 0.029400444565284175
- :: 0.02691130514263488
- year: 0.022764411173164634
- old: 0.020831776115767964
- no: 0.020486765492947666
- for: 0.01735971782482655
- a: 0.00944285242425241
- and: 0.008571857415819926
- with: 0.0027858137164259457
- .: 0.002535681149810448
