Texto: 
non contributory
surgical removal - which should be curative
5 cm enhancing mass in the atrial portion of the left lateral ventricle with mild surrounding edema.  the mass has non-specific signal intensity, similar to gray matter.
intraventricular meningioma
• meningioma
• choroid plexus papilloma
• ependymoma
• giant cell astrocytoma
• metastasis to choroid
50 y.o. man with a 6 month history of worsening headaches.
presented to er following a syncopal episode.


Keywords by value: 
- choroid: 0.11182490071058948
- •: 0.10044963792281332
- syncopal: 0.08484992111064459
- meningioma: 0.08425870093474551
- curative: 0.07339071757189977
- intraventricular: 0.06365860028533897
- non-specific: 0.06338868478280266
- contributory: 0.05636766430987051
- atrial: 0.056062399583027965
- papilloma: 0.055047818550223816
- episode: 0.05423783263199905
- gray: 0.053599864560729
- plexus: 0.05323178628018502
- giant: 0.052756898181719
- ependymoma: 0.04903956201522772
- non: 0.045286085836262945
- removal: 0.04318950067051523
- matter: 0.04313435859488202
- worsening: 0.04313435859488202
- similar: 0.04297034126847293
- astrocytoma: 0.042542951265042254
- er: 0.042028002012153357
- headaches: 0.04187746588552921
- 50: 0.04167946175184365
- ventricle: 0.04105628612280036
- metastasis: 0.041009581106409315
- portion: 0.03968213650460367
- intensity: 0.039598342004862834
- surrounding: 0.03601493928672776
- should: 0.03492575053703589
- enhancing: 0.03435837862672768
- month: 0.0328668530871873
- 6: 0.03271948924839582
- 5: 0.03205333874928414
- y.o: 0.031620249135726926
- following: 0.031093304575655747
- edema: 0.030986198582452443
- mass: 0.030473359152501652
- presented: 0.02986355942336422
- cell: 0.029592829635660078
- cm: 0.02938405279252546
- signal: 0.028885568336830494
- mild: 0.028849403255527397
- man: 0.02590938260371794
- lateral: 0.0236752313541609
- -: 0.023483698188568762
- surgical: 0.023028484233992993
- has: 0.020573076544798435
- which: 0.020450571631314727
- be: 0.016894316965947807
- to: 0.016425696478576394
- history: 0.015130955611629273
- left: 0.012257759862473265
- a: 0.010169225687656443
- in: 0.00540252859154173
- the: 0.0053172801809086845
- ,: 0.003470641865606248
- with: 0.003000107079227942
- of: 0.0029872769435381648
- .: 0.0022756112882914275
