Texto: 
neuro: cn all intact, cerebellar: normal ram, ftn, proprioception, motor/sensory intact grossly
skin: (no mention of lesions in history)
surgery
ct- hypo attenuated mass in the right cerebellum with linear areas of low attenuation component and calcification.  mass effect against 4th ventricle causing hydrocephalus.

mr- non enhancing low t1 and high t2 signal mass with laminated appearance and areas of calcification.  mass effect and hydrocephalus.
rsna 2003 cotd lhermitte-duclos
lhermitte-duclos disease, glioma, medulloblastoma
30 yo male with history of acute headaches and nausea and vomiting and was originally treated for dehydration.  

pmh: none
psh: thyroid biopsy-negative
      r leg mass excision- negative
fmh: father past away from a cystic adenoid cancer
see factoid


Keywords by value: 
- lhermitte-duclos: 0.11001649635927324
- motor/sensory: 0.06729403377073663
- biopsy-negative: 0.06729403377073663
- excision-: 0.06729403377073663
- rsna: 0.06200283391913399
- cotd: 0.06200283391913399
- ram: 0.0589076804221251
- ftn: 0.0589076804221251
- fmh: 0.0589076804221251
- hydrocephalus: 0.05608938728952424
- laminated: 0.05500824817963662
- mr-: 0.0524397578237495
- :: 0.05176831218277855
- mention: 0.05142043421592871
- hypo: 0.050521327073513575
- proprioception: 0.048325280718919825
- intact: 0.04792007056027811
- attenuated: 0.04771426768324397
- calcification: 0.04735550562529968
- effect: 0.046191729054492286
- psh: 0.04612923436432608
- adenoid: 0.04612923436432608
- mass: 0.04536110713540323
- dehydration: 0.04481740034198518
- areas: 0.0438984300953598
- ct-: 0.04335896342013243
- father: 0.03894615539894802
- medulloblastoma: 0.03790359406302626
- away: 0.03790359406302626
- originally: 0.036843773873299415
- against: 0.03656615826894159
- low: 0.03627737485292213
- cn: 0.03508405128847627
- grossly: 0.0342350006387799
- neuro: 0.03365495554734538
- 4th: 0.03285999173625686
- 2003: 0.03277656371692716
- cerebellum: 0.03245168116411192
- pmh: 0.03245168116411192
- component: 0.029792851436873637
- r: 0.029626293823174093
- glioma: 0.029409723616080845
- causing: 0.02817980492033007
- cerebellar: 0.028134501595751333
- linear: 0.027653141779208305
- non: 0.026964234314721447
- thyroid: 0.026735209503242065
- nausea: 0.026261374170094144
- attenuation: 0.02622611504142014
- leg: 0.025650361134418292
- 30: 0.025084651423321183
- skin: 0.025054419352969298
- headaches: 0.02493467434405556
- vomiting: 0.02490502930568611
- ventricle: 0.0244457276151025
- factoid: 0.022865919798581196
- cancer: 0.02144400965163943
- past: 0.020726713526308657
- t1: 0.020675538444459875
- enhancing: 0.020457660556372208
- yo: 0.01962863758246383
- treated: 0.019525578901403506
- negative: 0.01948183329293797
- see: 0.01946730695594495
- cystic: 0.018813990131692812
- appearance: 0.018655775394920925
- t2: 0.01846250968511719
- all: 0.018449797629246492
- history: 0.018018542560413485
- high: 0.01785149664944134
- lesions: 0.017462293941556854
- signal: 0.01719904068910518
- none: 0.01618106493822906
- acute: 0.016105949077148816
- surgery: 0.015839687514200573
- ,: 0.012398934298501712
- male: 0.011795462121278421
- disease: 0.010662118635234382
- normal: 0.010226049271748862
- from: 0.009667448192016887
- and: 0.009618801833019306
- was: 0.007544103223005243
- right: 0.006882684802369593
- no: 0.006568275959571007
- in: 0.006433545498324503
- for: 0.005565711058341336
- (: 0.005514211650716493
- ): 0.005446852611551947
- of: 0.0035573679632973565
- a: 0.0030274794031954293
- with: 0.002679484948623429
- .: 0.0013549441258529113
- the: 0.0010553380511727159
