Texto: 
right posterior parietal lobe arteriovenous malformation measuring
2.1 x 1.5 x 1.7cm with no obvious deep drainage noted and no eloquent brain
parenchyma involved.  as an mra was not obtained, a aneurysm cannot be
entirely excluded.
arteriovenous malformation
dural arteriovenous fistula
history: 21y.o. male s/p resection of upper back melanoma with clear margins, work up for possible metastatic melanoma to the brain prior to selection for an nih study for melanoma vaccine. no symptomatic complaints.  this young individual underwent a brain mri with contrast to determine possible melanoma metastatic lesions to the brain.  an incidental arteriovenous malformation was discovered on imaging.


Keywords by value: 
- arteriovenous: 0.16017089584572025
- melanoma: 0.15575611170403536
- brain: 0.09183398297509864
- malformation: 0.09129499962070659
- 21y.o: 0.0787099859282723
- selection: 0.0787099859282723
- eloquent: 0.07252117181612994
- 1.7cm: 0.06014354359184519
- vaccine: 0.06014354359184519
- nih: 0.058151190455111176
- 2.1: 0.051526749877170305
- possible: 0.051392539622929855
- x: 0.05034047027406209
- individual: 0.04864484458910735
- entirely: 0.04671428112062846
- mra: 0.042769345832422756
- excluded: 0.04130235430303636
- determine: 0.03863287548423534
- obvious: 0.03853311387175208
- metastatic: 0.038412667921715896
- 1.5: 0.0381448539437187
- discovered: 0.03759239498195006
- fistula: 0.037415585809662734
- dural: 0.036988299906290996
- work: 0.03574405418387572
- margins: 0.03465218295389113
- young: 0.03323007342106907
- complaints: 0.03312118705415998
- parietal: 0.03259582544681236
- parenchyma: 0.03249436331600597
- involved: 0.03200365899207064
- s/p: 0.03200365899207064
- drainage: 0.03190867329381121
- an: 0.03165173743619812
- deep: 0.030883322761557905
- measuring: 0.03051210466472094
- symptomatic: 0.03031235200619832
- aneurysm: 0.030155706384315202
- incidental: 0.02889096962482389
- clear: 0.02821005904595219
- obtained: 0.02712380447092716
- underwent: 0.026180321745341243
- back: 0.025170235137031045
- study: 0.025103851400535348
- resection: 0.023793889781430523
- no: 0.02304761117956612
- not: 0.02205033342396313
- lobe: 0.020529690606460125
- up: 0.020516492420126993
- lesions: 0.02042464737807096
- prior: 0.019590292608949674
- for: 0.019529682552929868
- upper: 0.01841143308364927
- noted: 0.018084117754041014
- imaging: 0.017875659146925023
- was: 0.017647812896672978
- posterior: 0.017586058470557577
- mri: 0.01752924870459482
- can: 0.017305556718473836
- contrast: 0.017078354346499153
- to: 0.015252432444392366
- male: 0.013796478016852439
- be: 0.01176568502985651
- as: 0.011540870588340427
- history: 0.010537629800956102
- :: 0.01009173942848808
- this: 0.00858158226173333
- right: 0.008050283117057291
- a: 0.007082139318189308
- on: 0.006463312610405608
- ,: 0.004834108312808703
- with: 0.0031340404309791892
- the: 0.0024687372268504607
- .: 0.002218721006084142
- and: 0.001607223265466236
- of: 0.0010402125071248965
