Texto: 
• multiloculated lesion in the hoffa fat pad
• low signal  on t1
• high signal on t2
intra-articular ganglion
• pigmented villonodular synovitis
• meniscal cyst
• synovial sarcoma
30 year old woman with 4-5 months of pain in patellar region


Keywords by value: 
- •: 0.22385919308512683
- hoffa: 0.1603827829115872
- villonodular: 0.14107492062072222
- multiloculated: 0.13740466633912082
- 4-5: 0.13523867161993686
- ganglion: 0.12971958557095295
- pigmented: 0.12971958557095295
- intra-articular: 0.12737577431349456
- synovitis: 0.1252421514875496
- pad: 0.12391905979338746
- meniscal: 0.11723090775847313
- synovial: 0.1167498909175798
- patellar: 0.1080679120226296
- signal: 0.10728925382251327
- sarcoma: 0.090592455473101
- 30: 0.0782402222965494
- t1: 0.06448798895772008
- fat: 0.06187886483051508
- t2: 0.05758544687500838
- region: 0.05746669588665029
- low: 0.05657542983015237
- high: 0.05567966812087656
- months: 0.05557003082595398
- cyst: 0.05467550323871673
- woman: 0.046997689225926335
- lesion: 0.04144179109524892
- on: 0.0344710005888299
- pain: 0.02484781351263654
- year: 0.022764411173164634
- old: 0.020831776115767964
- in: 0.020066534768583565
- the: 0.003291649635800614
- with: 0.0027858137164259457
- of: 0.0027739000189997243
