Texto: 
mildly elevated blood glucose and tsh levels.
patient has lower than normal iq, but is functional and lives alone.
normal csf.
supportive
• markedly dilated fluid spaced involving the basal ganglia
• spaces have signal intensity that tracks csf
• no associated mass effect or enhancement.
• extensive deep and periventricular white matter gliosis.
giant tumefactive perivascular spaces
• cryptococcosus
• cysticercosis
• dilated perivascular (virchow robin) spaces
• cystic encephalomalacia
• gliomatosis cerebri
60 year old woman admitted from outside hospital following one day episode of left sided weakness.  she reported a previous stroke 10 years earlier.


Keywords by value: 
- •: 0.1305845292996573
- spaces: 0.1169541177216224
- perivascular: 0.10777381760023161
- cryptococcosus: 0.07520714114265327
- iq: 0.07145283458609618
- robin: 0.07145283458609618
- spaced: 0.06878911169302414
- csf: 0.06608322873714836
- virchow: 0.06360748402695542
- gliomatosis: 0.06360748402695542
- tracks: 0.062371082243395014
- encephalomalacia: 0.057875639504675565
- dilated: 0.05750169271465979
- gliosis: 0.05539171370287298
- lives: 0.053886908800115804
- cerebri: 0.05219874623720881
- tumefactive: 0.05110816257372379
- cysticercosis: 0.04925010057870387
- periventricular: 0.04558979746162844
- functional: 0.043561523701788764
- tsh: 0.042973436611767224
- alone: 0.04283207112907474
- glucose: 0.04228725168441795
- stroke: 0.041285274048860246
- ganglia: 0.04048951080996464
- episode: 0.039171768011999314
- earlier: 0.039077764572517666
- giant: 0.038102204242352604
- markedly: 0.037452164810192895
- basal: 0.03606979164942938
- supportive: 0.034986720569933974
- 60: 0.034517797117908464
- admitted: 0.03418105967188184
- mildly: 0.033697858253635825
- outside: 0.03318897969548066
- levels: 0.03265973512288855
- deep: 0.03202714953050449
- extensive: 0.03164218261526616
- matter: 0.031152592318525903
- previous: 0.03072546480253052
- hospital: 0.029787930231186324
- weakness: 0.029385290305818372
- sided: 0.029254876047654123
- reported: 0.02884328565347974
- intensity: 0.0285988025590676
- effect: 0.028014428269159675
- involving: 0.027763030222252717
- elevated: 0.026845521864435767
- 10: 0.026672446558767687
- white: 0.02624170567325942
- day: 0.025119998419934533
- normal: 0.0248076380481315
- years: 0.023233732750171134
- cystic: 0.022820673215294057
- fluid: 0.022487399116702344
- following: 0.022456275526862482
- she: 0.022210982791242333
- blood: 0.02159639881953055
- one: 0.021441957252876332
- enhancement: 0.021208229315954036
- signal: 0.02086179935437758
- than: 0.02073193384183587
- associated: 0.018670949647293534
- woman: 0.0182768791434158
- lower: 0.017795019160776505
- have: 0.017133685910787885
- but: 0.01687503056512535
- has: 0.014858333060132203
- that: 0.013666488227396512
- from: 0.011726256603279743
- mass: 0.01100426858284782
- or: 0.009273358786700995
- year: 0.008852826567341803
- left: 0.008852826567341803
- old: 0.008101246267243099
- no: 0.007967075469479647
- patient: 0.007931406767744332
- (: 0.006688534502257967
- ): 0.0066068304825306024
- is: 0.0052063960961548665
- and: 0.00500025015922829
- a: 0.0036722203872092706
- ,: 0.0025065746807156238
- .: 0.0023008958581613326
- the: 0.0012800859694780166
- of: 0.0010787388962776707
