Texto: 
unremarkable.
refered to neurology.
broad region of gray matter intensity in the right temporo-occipital region of the brain causing mild mass effect on the right lateral ventrical.
gray matter heterotopia, focal type
n/a
27 year old female with new onset of seizures.
patients with gray matter heterotopias usually have onset of seizures at an earlier age (childhood) than this patient (27 years old).


Keywords by value: 
- gray: 0.1718132644823368
- matter: 0.13826630015345742
- temporo-occipital: 0.12076052635570544
- ventrical: 0.12076052635570544
- 27: 0.10858871671361317
- seizures: 0.10065355801270788
- heterotopias: 0.09410422294398883
- refered: 0.09227502578474879
- heterotopia: 0.07722554237833633
- onset: 0.07390195139520958
- neurology: 0.07129589741537361
- region: 0.06612606102025513
- childhood: 0.06586555121553461
- broad: 0.06073276423688515
- earlier: 0.05781367909358778
- causing: 0.05056923896661971
- n/a: 0.04240009105971351
- intensity: 0.04231055721067536
- effect: 0.041446003466701985
- new: 0.04079161612055559
- type: 0.03946060586776589
- unremarkable: 0.03875433450249398
- age: 0.03562890856910009
- usually: 0.03554696238173642
- brain: 0.03522399346990085
- years: 0.03437319365778743
- focal: 0.03343141923477263
- mild: 0.030825389779878587
- than: 0.030671902122168134
- patients: 0.030295542457068846
- have: 0.025348466826919065
- lateral: 0.025296822542802057
- right: 0.02470223860576484
- female: 0.02406520919791553
- old: 0.02397081087293848
- (: 0.01979073222585919
- ): 0.019548977866117947
- mass: 0.016280287766404992
- an: 0.016187189921708627
- at: 0.015859769216871683
- this: 0.013166263196084013
- year: 0.013097332455793352
- patient: 0.01173413603995052
- on: 0.009916315237882577
- of: 0.006383769906739092
- to: 0.005850248060862825
- in: 0.005772564796441848
- the: 0.005681477453573663
- ,: 0.003708357061880649
- with: 0.003205593865476431
- .: 0.002431475075160704
