Texto: 
focal region of small bowel thickening, with no adjacent inflammatory changes to suggest an external cause.
small bowel lymphoma
ischemic bowel disease, lymphoma, inflammatory bowel disease
78 yo caucasian woman with left lower quadrant pain and a prior history of diverticulitis
given the history of diverticulitis, it was somewhat surprising to find a different source for this patient's pain, even though her symptoms were purportedly similar during her prior episode of diverticulitis.


Keywords by value: 
- diverticulitis: 0.1644263109421194
- bowel: 0.13399767664423798
- purportedly: 0.11019398029958123
- surprising: 0.08779698693423055
- inflammatory: 0.07408289860480059
- find: 0.06995803248872871
- 78: 0.06472415330300141
- her: 0.0642352914621234
- lymphoma: 0.061054965859737145
- source: 0.056393166634529104
- prior: 0.054852819305059086
- different: 0.05288188681619908
- episode: 0.05288188681619908
- somewhat: 0.05250497383906549
- ischemic: 0.05201947592261219
- caucasian: 0.050991499694650035
- though: 0.049543602000586016
- small: 0.04921438210952797
- even: 0.04756103912337803
- suggest: 0.045492108642408366
- external: 0.04542168592093017
- similar: 0.041896082736761105
- quadrant: 0.03759219917482568
- given: 0.03661767990645428
- thickening: 0.0362078071211669
- cause: 0.03614078283189958
- disease: 0.03491843853039261
- adjacent: 0.033772953051678344
- during: 0.0326876156240476
- yo: 0.03214189404128453
- changes: 0.030613099702938257
- focal: 0.030506170051730026
- region: 0.030170015340491407
- history: 0.029505363442677086
- symptoms: 0.02662071846122674
- pain: 0.02609020418826837
- woman: 0.02467378684361133
- were: 0.024253579208624018
- lower: 0.024023275867048284
- it: 0.02401060480666271
- 's: 0.023550582729588064
- ,: 0.01691937909483046
- an: 0.014770810803559124
- was: 0.012353469027671087
- this: 0.012014215166426664
- left: 0.011951315865911435
- no: 0.010755551883797525
- patient: 0.01070739913645485
- to: 0.010676702711074657
- a: 0.009914995045465032
- for: 0.00911385185803394
- of: 0.0058251900398994215
- with: 0.0029251044022472437
- and: 0.0022501125716527307
- the: 0.0017281160587953226
- .: 0.0008874884024336569
