Texto: 
noncontributory
• axial ct: there is a lobulated cystic mass in the pancreatic head/neck with thin septations.

• mr shows a lobulated, cystic mass with thin, nonenhancing, septations.
serous cystadenoma (macrocystic variant)
• serous cystadenoma
• side branch intraductal papillary mucinous neoplasm
• pseudocyst
56 year old woman with abdominal pain.


Keywords by value: 
- serous: 0.18933414026791162
- septations: 0.17439998285034627
- cystadenoma: 0.16551236074188133
- lobulated: 0.14312432823058194
- •: 0.1305845292996573
- thin: 0.11707378386358075
- head/neck: 0.11030489744383797
- macrocystic: 0.11030489744383797
- nonenhancing: 0.0954079328434697
- intraductal: 0.09466707013395581
- pseudocyst: 0.09199469263270282
- mucinous: 0.08544398283087602
- cystic: 0.08215442357505862
- branch: 0.07709772803233454
- 56: 0.07496717184050314
- papillary: 0.07230302682480486
- pancreatic: 0.06967982392894771
- noncontributory: 0.06828365921119005
- variant: 0.0678431049267208
- side: 0.04934077502940118
- neoplasm: 0.048502609598532136
- mr: 0.04525332453244057
- axial: 0.04064652460113119
- mass: 0.03961536689825215
- shows: 0.03915622832881464
- abdominal: 0.03559865396870192
- woman: 0.03289838245814844
- there: 0.021195259274416477
- ct: 0.019921727556534048
- :: 0.01883791359984442
- pain: 0.017393469458845578
- year: 0.015935087821215246
- old: 0.014582243281037577
- ,: 0.01353550327586437
- a: 0.013219993393953376
- (: 0.012039362104064342
- ): 0.011892294868555085
- is: 0.00937151297307876
- in: 0.0070232871690042485
- with: 0.0058502088044944875
- the: 0.00230415474506043
- .: 0.0017749768048673138
