Texto: 
-fnh
-embolized pulmonary avm left lung base
focal nodular hyperplasia (liver), pulmonary avm, hereditary hemorrhagic telangiectasia
-focal nodular hyperplasia
-pulmonary ateriovenous malformation of left lung base
-hereditary hemorrhagic telangectasia
-hepatocellular carcinom
-hemangioma
49 yo woman with a h/o of mucosal bleeding and cough in the setting of hht (hereditary hemorrhagic telangiectasia), presented for abnormal uterine bleeding and eventually was discovered to have 2 fnhs upon imaging. she underwent pulmonary avm embolization in 1997 with a silicone balloon placement.
patient with hht found to have 2 fnhs in segments ii & vii and pulmonary avm


Keywords by value: 
- fnhs: 0.17117511502847568
- avm: 0.15808102118847564
- hht: 0.13992389342781353
- hemorrhagic: 0.1161321753397339
- telangiectasia: 0.11205817449015679
- pulmonary: 0.09695341010563352
- hereditary: 0.09521350327258934
- -fnh: 0.08558755751423784
- -embolized: 0.08558755751423784
- carcinom: 0.08558755751423784
- hyperplasia: 0.0817543347180273
- -hereditary: 0.07885797323695681
- -hepatocellular: 0.07885797323695681
- ateriovenous: 0.07492141878930474
- -hemangioma: 0.07492141878930474
- -focal: 0.0721283889596758
- telangectasia: 0.0721283889596758
- bleeding: 0.07203054271972655
- nodular: 0.0696001904293575
- -pulmonary: 0.0666952259700115
- base: 0.06499918995789061
- vii: 0.05866922040511375
- silicone: 0.053955552290728306
- balloon: 0.048847852330565406
- lung: 0.048061342140558176
- segments: 0.04668141008479638
- 1997: 0.04650647313816843
- 49: 0.045999815340395905
- eventually: 0.04567616077469113
- h/o: 0.04328941356579521
- mucosal: 0.04280387550196354
- uterine: 0.042569918690516344
- setting: 0.041900084986759546
- discovered: 0.04087716735901365
- embolization: 0.038633364242864274
- have: 0.035930836473108574
- ii: 0.03578271562178082
- 2: 0.03573018439826303
- upon: 0.03390784897891349
- placement: 0.0336738921674663
- malformation: 0.03309074419909106
- cough: 0.03178888231852497
- &: 0.029139688273217782
- liver: 0.028604092338181782
- underwent: 0.028467922674545815
- found: 0.026145879751962253
- yo: 0.024964577896143317
- focal: 0.02369411266153788
- abnormal: 0.023661089711795254
- she: 0.023289185839360894
- presented: 0.022615122670120474
- imaging: 0.019437609946170897
- woman: 0.01916410628630006
- left: 0.018565150859668245
- (: 0.014026441286288552
- ): 0.013855100817734079
- in: 0.012273705732240436
- was: 0.009594927400132881
- patient: 0.008316426513751338
- to: 0.008292584629960898
- ,: 0.007884759189823905
- a: 0.007700967025603907
- for: 0.007078719889735098
- and: 0.005242980749482091
- with: 0.003407888623977371
- of: 0.0033933145863491777
- the: 0.0013422260650837454
- .: 0.0006893113805309956
