Texto: 
n/a
none
enhancing complex right renal exophytic mass.
renal cell carcinoma
complicated cyst
renal abscess
lymphoma
62 y/o female w/o of chronic renal insuffiency. previous renal sonogram demonstrated a lobulated right kidney w/o evidence of a discrete mass.


Keywords by value: 
- renal: 0.3131067743241548
- w/o: 0.23544070133669384
- insuffiency: 0.19810661569284277
- sonogram: 0.14194600366859775
- exophytic: 0.12694147588590912
- discrete: 0.12009019819160663
- 62: 0.11396057798963331
- complicated: 0.10813394608030771
- lobulated: 0.10472511821749897
- complex: 0.08346075311253992
- previous: 0.0809353706993487
- n/a: 0.0754928450575387
- kidney: 0.07342398670853682
- abscess: 0.06589844497888457
- enhancing: 0.06536472031426242
- demonstrated: 0.061156584937974816
- lymphoma: 0.05956582035096307
- carcinoma: 0.05907140658575284
- chronic: 0.05870706421724391
- mass: 0.05797370765597876
- y/o: 0.05772265926389367
- cell: 0.05629855394101186
- cyst: 0.05600905209819763
- evidence: 0.05464494105772873
- none: 0.05170047577824406
- right: 0.043982034590752034
- female: 0.04284781149872765
- a: 0.01934633179602933
- of: 0.005683112234048216
- .: 0.002597527031513142
