Texto: 
at the l5-s1 disc level, there is disc protrusion into the central canal with annular tear. there is also a free fragment inferiorly and eccentric to the right which displaces the s1 nerve root.
disc herniation with free fragment
• free fragment from disc protrusion
• hnp - herniated nucleus puplposis
• bulging disk
• protruding disk
• extruded disk
• tarlov cyst
• synovial cyst
50 y/o male with chronic (lbp) low back pain and right le radiculopathy.


Keywords by value: 
- disc: 0.18725818903600094
- disk: 0.16326577700964962
- fragment: 0.139340610829797
- •: 0.12904824071966134
- free: 0.12413650790888688
- protrusion: 0.11585172060837344
- puplposis: 0.10371198145842939
- lbp: 0.0874026360334895
- hnp: 0.08081892088130806
- tarlov: 0.07924796332101955
- extruded: 0.07662274507026415
- protruding: 0.07038005976365037
- nucleus: 0.06450957545636817
- eccentric: 0.06409673639976499
- le: 0.06369789461534521
- displaces: 0.06257659838235315
- annular: 0.062225387051180435
- bulging: 0.06061125620984532
- l5-s1: 0.05866914149973416
- synovial: 0.05768818139456885
- herniated: 0.057455209308731436
- radiculopathy: 0.0544219256698832
- cyst: 0.05403226202414359
- inferiorly: 0.05276217745506079
- s1: 0.0518682256082617
- root: 0.0518682256082617
- herniation: 0.04476333093964991
- tear: 0.04415203989340625
- canal: 0.03994098146699073
- 50: 0.03824703548992711
- nerve: 0.03622289560573301
- back: 0.033165486298205614
- central: 0.033078015963058344
- there: 0.029922718975646793
- level: 0.028975165031140376
- chronic: 0.02831752509302353
- low: 0.027954918269016464
- y/o: 0.02784269446846636
- into: 0.023921486681878903
- -: 0.021549746573039572
- right: 0.02121486374377451
- also: 0.019819054043178252
- which: 0.018766406908735867
- male: 0.018178888681029095
- from: 0.014899243684167203
- at: 0.0136207429744898
- is: 0.01323037125611119
- pain: 0.012277743147420408
- (: 0.008498373249927771
- ): 0.008394561083685942
- the: 0.006505848691935332
- to: 0.005024330687564544
- a: 0.004665880021395309
- and: 0.004235506017228669
- with: 0.004129559156113755
- ,: 0.003184824300203381
- .: 0.001252924803435751
