Texto: 
• decreased color perception on right.
• no proptosis or chemosis
high dose steroid treatment.
• hyperintense optic nerve on right on t2 sequences.
• focal enhancement posterior intra-orbital portion of right optic nerve.
• normal left optic nerve.
• hyperintense lesion in cervical cord seen on gradient echo sagittal study.
• neg brain mri.
devic disease (optic neuritis & spinal cord plaques)
• optic glioma
• sarcoidosis
• neuromyelitis optica (devic disease)
• lyme disease
28 year old woman presents with first episode of right eye pain and decreased vision.


Keywords by value: 
- optic: 0.1920245640584867
- •: 0.16735104725781325
- devic: 0.13992389342781353
- nerve: 0.08967804251904775
- intra-orbital: 0.07885797323695681
- neuromyelitis: 0.06996194671390676
- optica: 0.06996194671390676
- hyperintense: 0.06888660708549844
- cord: 0.0630519207806874
- perception: 0.06230702088512745
- chemosis: 0.06230702088512745
- neuritis: 0.05256622371169264
- lyme: 0.05135104756650812
- neg: 0.05079611150980959
- gradient: 0.0502711870314574
- decreased: 0.049335075781059404
- proptosis: 0.04633463258380532
- plaques: 0.04633463258380532
- steroid: 0.043800517774391534
- dose: 0.043414689340901105
- echo: 0.04316573370387841
- episode: 0.041073310148504134
- disease: 0.04068167595773896
- color: 0.040496383736166264
- 28: 0.0391070551571306
- vision: 0.038329941490397236
- sarcoidosis: 0.03747273171228386
- glioma: 0.037404599938898934
- right: 0.03501482365477346
- eye: 0.03480009521467875
- sequences: 0.03464557623112633
- sagittal: 0.03309074419909106
- cervical: 0.030146518510598335
- portion: 0.03005054997436006
- spinal: 0.029706565149316366
- &: 0.029139688273217782
- on: 0.028112272324870992
- first: 0.027839644997920892
- study: 0.027297391814174357
- brain: 0.024964577896143317
- focal: 0.02369411266153788
- t2: 0.02348144435679953
- high: 0.02270433069006617
- enhancement: 0.02223775501090326
- woman: 0.01916410628630006
- posterior: 0.019122704356334452
- mri: 0.019060930630239028
- presents: 0.016948002869008987
- lesion: 0.016898594427188877
- treatment: 0.01679239766602803
- seen: 0.016394442864734855
- (: 0.014026441286288552
- ): 0.013855100817734079
- normal: 0.01300594616115632
- pain: 0.010132118131366356
- or: 0.0097235218345991
- left: 0.009282575429834123
- year: 0.009282575429834123
- old: 0.008494510649148102
- no: 0.008353826705862155
- in: 0.0040912352440801445
- .: 0.0027572455221239823
- of: 0.0022622097242327847
- and: 0.0017476602498273635
- with: 0.0011359628746591235
