Texto: 
unremarkable
surgery
coronal and axial views show that the stomach passes through the diaphragm into the thorax.
hiatal hernia
• hiatal hernia
• volvulus
83 y.o. man


Keywords by value: 
- hiatal: 0.332864439820843
- hernia: 0.2579548006022532
- passes: 0.1958629037254258
- 83: 0.17946898314904391
- thorax: 0.1670767762211854
- volvulus: 0.16337865448485445
- diaphragm: 0.15848312823415142
- stomach: 0.1302953731569955
- coronal: 0.12269045006685231
- views: 0.12145564135317262
- •: 0.10806995528247502
- unremarkable: 0.09755401443731243
- show: 0.09045365291350434
- y.o: 0.0850475666409207
- axial: 0.08409625779544384
- through: 0.08368817304899547
- surgery: 0.07155169187449224
- into: 0.07011470234343817
- man: 0.0696873049341379
- that: 0.050895887191683566
- the: 0.014301650141754392
- and: 0.006207207094214429
- .: 0.002448243868782502
