Texto: 
normal exam.
none.
no acute osseous findnigs. a non-aggressive, geographic, densly sclerotic lesion is present on the lateral aspect of the right femoral metaphysis. there is no associated soft tissue mass or periosteal reaction.
healing, nonossifying fibroma
healing, non-ossifying fibroma
patient with right knee pain after running a triathalon. pain has persisted for several weeks.
see factoid


Keywords by value: 
- fibroma: 0.13985515921823763
- healing: 0.12967056402065427
- findnigs: 0.12963997682303674
- densly: 0.12963997682303674
- triathalon: 0.12963997682303674
- non-ossifying: 0.09577843133783018
- geographic: 0.08633940360000085
- persisted: 0.08418347015600268
- non-aggressive: 0.08290389108262576
- nonossifying: 0.08290389108262576
- running: 0.07070860645197098
- metaphysis: 0.06251720930145091
- periosteal: 0.05960800719365797
- reaction: 0.05707418368876186
- sclerotic: 0.056251262311584733
- osseous: 0.05335489144302563
- femoral: 0.04780879436240889
- knee: 0.04556604003765112
- factoid: 0.044050521964913776
- several: 0.04039842405474099
- aspect: 0.03947488138946114
- see: 0.0375031942827763
- weeks: 0.03566584936619336
- none: 0.031172345689823626
- acute: 0.031027637192742576
- pain: 0.03069435786855102
- soft: 0.030601864176375736
- tissue: 0.029785605712538143
- associated: 0.02965386120452503
- present: 0.028382481675465893
- exam: 0.027606381469846147
- lateral: 0.027156883023890445
- right: 0.026518579679718136
- after: 0.026000017685429446
- lesion: 0.02559640038235963
- no: 0.025307180903053
- has: 0.02359852897785703
- normal: 0.019700183155869133
- there: 0.018701699359779247
- mass: 0.01747736774922889
- is: 0.01653796407013899
- ,: 0.015924121501016904
- or: 0.014728275720054522
- patient: 0.012596940160535117
- a: 0.011664700053488273
- for: 0.010722178656510517
- on: 0.010645456064197471
- the: 0.004066155432459582
- .: 0.00365436401002094
- with: 0.0017206496483807314
- of: 0.0017132911882057121
