Texto: 
reflux of activity into the right renal pelvis.
vesicoureteral reflux and radionuclide cystography
14 month old boy with a history of febrile uti at age 2 months and vesicoureteral reflux noted on prior vcug.


Keywords by value: 
- reflux: 0.328998664459243
- vesicoureteral: 0.29066663808391047
- cystography: 0.19510441540940118
- radionuclide: 0.16965189507956355
- vcug: 0.15332448772117135
- uti: 0.15039780673067618
- febrile: 0.1367693923848853
- 14: 0.10460173379769336
- activity: 0.08905685079948718
- pelvis: 0.08625253907198968
- boy: 0.08068671610905476
- age: 0.0722475090428974
- renal: 0.07131876526272414
- month: 0.07121151502223914
- months: 0.06483170263027964
- prior: 0.0609475770056212
- into: 0.05648128799888075
- noted: 0.05626169967923871
- 2: 0.051114013791959616
- history: 0.03278373715853009
- at: 0.032160087578656474
- right: 0.02504532525306713
- old: 0.024303738801729292
- on: 0.020108083676817445
- a: 0.011016661161627812
- and: 0.01000050031845658
- of: 0.006472433377666023
- the: 0.00384025790843405
- with: 0.003250116002496937
- .: 0.001972196449852571
