Texto: 
large right upper quadrant mass noted on physical exam.
hepatoblastoma
12 month old female with failure to thrive.


Keywords by value: 
- hepatoblastoma: 0.3256466665486226
- thrive: 0.2962573333035167
- 12: 0.1748699215061141
- failure: 0.16737291414156835
- quadrant: 0.15036879669930273
- month: 0.12818072704003047
- physical: 0.10482526347906192
- upper: 0.10310402526843593
- noted: 0.10127105942262969
- exam: 0.09386169699747691
- large: 0.09342712159155399
- female: 0.08783801357239168
- mass: 0.05942305034737823
- right: 0.04508158545552084
- old: 0.04374672984311273
- on: 0.036194550618271405
- to: 0.021353405422149314
- with: 0.0058502088044944875
- .: 0.0035499536097346276
