Texto: 
neck pain.
no neurological deficit
anterior and posterior fusion from mid cerivcal to upper thoracic spine.
minimally displaced fracture through the c6-c7 disc.
ct demonstrates the following findings of ankylosing spondylitis:
squaring of the vertebral joints, ossification of the longitudinal ligaments, ankylosis of the facet joints.
ankylosing spondylitis with fracture through c6-7 disk space
degnerative arthritis
psoriatic arthritis
58 year old male with known ankylosing spondylitis presents after fall with neck pain.


Keywords by value: 
- ankylosing: 0.19417245990900422
- spondylitis: 0.19132298839733214
- degnerative: 0.11019398029958123
- cerivcal: 0.10152964054258191
- joints: 0.09775609113820172
- arthritis: 0.09126831125107461
- squaring: 0.08779698693423055
- ankylosis: 0.07274732688015634
- c6-7: 0.07274732688015634
- c6-c7: 0.07100030260046686
- psoriatic: 0.06439945972296066
- neck: 0.06273107842546206
- through: 0.06067392546052172
- ligaments: 0.05965583945164935
- 58: 0.05901467327180498
- disk: 0.0578232960242509
- facet: 0.05673565381188054
- fracture: 0.05632685825681947
- longitudinal: 0.05589641252641018
- minimally: 0.05557588214374346
- deficit: 0.05510998970877806
- ossification: 0.05422727011860365
- disc: 0.04974045646268776
- displaced: 0.04906461619680931
- fusion: 0.04764465147526299
- fall: 0.04699090773272738
- neurological: 0.04621905764437179
- mid: 0.0446721426113357
- vertebral: 0.04227245525515323
- thoracic: 0.04117571882630315
- space: 0.03533196258845794
- spine: 0.03517629432506685
- known: 0.03380063855579775
- following: 0.030315971961264357
- anterior: 0.02750991029703422
- pain: 0.02609020418826837
- upper: 0.025776006317108982
- posterior: 0.02462048185878061
- demonstrates: 0.023332765020664826
- findings: 0.022735461697374497
- after: 0.022100015032615033
- presents: 0.021820553693849075
- male: 0.019315069223593415
- from: 0.015830446414427653
- ct: 0.014941295667400538
- :: 0.014128435199883313
- year: 0.011951315865911435
- old: 0.010936682460778183
- no: 0.010755551883797525
- the: 0.008640580293976612
- ,: 0.006767751637932185
- of: 0.0058251900398994215
- to: 0.005338351355537329
- with: 0.004387656603370865
- and: 0.0022501125716527307
- .: 0.002218721006084142
