Texto: 
see above
radiation therapy
nuclear bone scan:  lesion at the left skull base.

ct scan:  erosive lesion involving the left occipital condyle in the region of the hypoglossal canal.
bone metastasis, left occipital condyle from colon cancer
infection
paget disease
neoplasm (metastasis)
54 year old woman with known metastatic colon cancer involving the liver and mesenteric lymph nodes.  she now presents with left sided tongue atrophy and neck pain when turning her head to the left.
the ct scan of the skull base was interpreted as being normal.  

the radiation therapist ask for a review of the study in light of the nuclear bone scan which had been done 3 weeks prior to the ct scan.  at the point the subtle lesion was detected.

mri was not done due to claustrophobia.


Keywords by value: 
- scan: 0.08306498126503398
- condyle: 0.06323386870729421
- nuclear: 0.061233321898642286
- claustrophobia: 0.06121887794421179
- occipital: 0.05537784287033607
- ask: 0.05358962593957214
- hypoglossal: 0.05159183376976811
- therapist: 0.05159183376976811
- skull: 0.050546787380453734
- done: 0.049201650908371544
- turning: 0.046778311682546266
- colon: 0.04661017930308804
- base: 0.04649247615043565
- metastasis: 0.04442704619861009
- bone: 0.044238222530413956
- involving: 0.04164454533337908
- cancer: 0.039016184227288406
- radiation: 0.03894793402169911
- interpreted: 0.03737174457973161
- lesion: 0.0362615672083428
- tongue: 0.036143059106404675
- erosive: 0.035262838928355064
- left: 0.033198099627531764
- paget: 0.03290264569486652
- 54: 0.03132953701918283
- detected: 0.03132953701918283
- atrophy: 0.030616660949321143
- light: 0.027688921435168035
- mesenteric: 0.027363340977537128
- subtle: 0.027258120109338504
- nodes: 0.02680341226642526
- point: 0.025931347631819687
- review: 0.025718962747291352
- ct: 0.02490215944566756
- lymph: 0.023955155617671156
- canal: 0.023576273782598692
- sided: 0.021941157035740594
- above: 0.021749574004359836
- being: 0.0206790831722261
- was: 0.020589115046118475
- liver: 0.020459871603005025
- now: 0.02028552492848366
- neoplasm: 0.020209420666055054
- study: 0.01952521775597194
- known: 0.018778132530998748
- her: 0.017843136517256497
- see: 0.01770984174464436
- neck: 0.01742529956262835
- infection: 0.017250115097727826
- when: 0.016995355816777816
- weeks: 0.01684220664514686
- head: 0.016830564656763167
- region: 0.016761119633606335
- she: 0.01665823709343175
- been: 0.01614440895461105
- at: 0.016080043789328237
- therapy: 0.015865561085004257
- due: 0.01583525800661694
- :: 0.01569826133320368
- prior: 0.0152368942514053
- metastatic: 0.01493825974733396
- 3: 0.013895663379906525
- woman: 0.013707659357561849
- mri: 0.013633860103573748
- the: 0.013440902679519175
- had: 0.012804512633616028
- presents: 0.012122529829916151
- which: 0.011077392966962142
- disease: 0.009699566258442389
- normal: 0.009302864268049313
- as: 0.008976232679820331
- to: 0.00889725225922888
- from: 0.008794692452459807
- not: 0.00857512966487455
- pain: 0.007247278941185657
- year: 0.0066396199255063515
- old: 0.006075934700432323
- in: 0.00585273930750354
- for: 0.0050632510322410765
- (: 0.0050164008766934755
- ): 0.004955122861897952
- of: 0.0032362166888330116
- a: 0.002754165290406953
- and: 0.002500125079614145
- .: 0.001972196449852571
- ,: 0.0018799310105367178
- with: 0.0016250580012484685
