Texto: 
none available.
the patient underwent a suboccipital craniectomy and mass excision.
ct: large cystic mass in the right cerebellar hemisphere with rounded mural soft tissue nodule.
mr: cystic right cerebellar hemisphere mass with enhancing mural nodule.
cerebellar hemangioblastoma
ddx for cyst with mural nodule:
hemangioblastoma (cerebellar hemisphere)
juvenile pilocytic astrocytoma (pediatric)
pilocystic xanthoastrocytoma
33 year old male with increasing headaches and dizziness.
classic imaging findings for cerebellar hemangioblastoma of a cyst with enchancing mural nodule.  imaging findings of hemangioblastoma however, may range from primarily cystic to mostly solid.


Keywords by value: 
- mural: 0.1889038720537891
- hemangioblastoma: 0.1833465577376465
- cerebellar: 0.17891357810890413
- nodule: 0.1367849941453206
- hemisphere: 0.12668767879549267
- pilocystic: 0.08558755751423784
- enchancing: 0.07885797323695681
- cystic: 0.0717854186578182
- craniectomy: 0.06323236243662575
- suboccipital: 0.06068513656800933
- xanthoastrocytoma: 0.05700077130873842
- mostly: 0.04841628182016896
- juvenile: 0.04521005185055171
- cyst: 0.044589730796623345
- dizziness: 0.044479727372516875
- ddx: 0.043800517774391534
- pilocytic: 0.0436701971886426
- primarily: 0.04354160275417638
- 33: 0.04304360960478268
- rounded: 0.04087716735901365
- pediatric: 0.039951825807515357
- imaging: 0.03887521989234179
- findings: 0.03531722205417397
- mass: 0.034615369134395085
- excision: 0.03405097792781838
- increasing: 0.034003033445870974
- range: 0.03340038850759546
- solid: 0.03309074419909106
- :: 0.032920625708465975
- astrocytoma: 0.03221699222012909
- classic: 0.03178888231852497
- headaches: 0.031713032418167746
- underwent: 0.028467922674545815
- available: 0.027890476202328124
- mr: 0.026361159921810037
- enhancing: 0.026018966338686982
- however: 0.023100660733952137
- none: 0.02057980103794181
- soft: 0.020203172465956796
- tissue: 0.01966428338303489
- may: 0.01819736280483615
- large: 0.018141188658554172
- right: 0.01750741182738673
- male: 0.015001995513470612
- for: 0.014157439779470196
- (: 0.014026441286288552
- ): 0.013855100817734079
- from: 0.012295492360720507
- ct: 0.011604889838757697
- year: 0.009282575429834123
- old: 0.008494510649148102
- patient: 0.008316426513751338
- a: 0.007700967025603907
- with: 0.005679814373295618
- to: 0.004146292314980449
- in: 0.0040912352440801445
- and: 0.003495320499654727
- the: 0.002684452130167491
- ,: 0.0026282530632746343
- .: 0.0024125898318584846
- of: 0.0022622097242327847
