Texto: 
n/a
conservative measures.
treatment of complications secondary to increased risk of stone formation, obstruction and infection
• renal fusion or isthmus crossing aorta at ima
• low position and malrotated (anteriorly directed renal pelvis)
• enhancing/functioning renal isthmus
renal ectopia with horseshoe kidney
• renal ectopia-fusion
• lump, cake, disk, or horseshoe kidney
• aberrant arterial supply (may cause obstruction)
15 y.o. boy with a history of arachnoid cyst and megacolon  - now presenting with urinary incontinence over the past year.  currently complaining of occasional right flank pain.  reports intermittent hematuria.
hematuria as seen in this patient is not necessarily a complication of a horseshoe kidney.  hematuria may be secondary to stone formation or infection - which the patient is at risk for secondary to kidney morphology.  no stone was identified on this study.


Keywords by value: 
- horseshoe: 0.11360048416074697
- renal: 0.08558251831526897
- stone: 0.08502340464997325
- isthmus: 0.08334092088673282
- hematuria: 0.08106688978337484
- kidney: 0.08027689213466693
- •: 0.06268057406383551
- enhancing/functioning: 0.058770122826443325
- ectopia-fusion: 0.058770122826443325
- cake: 0.05144604090198926
- secondary: 0.04778059933017615
- formation: 0.047030018576959515
- megacolon: 0.04682505969825629
- malrotated: 0.045797388499407905
- ima: 0.04490717921524442
- risk: 0.04126942196478782
- necessarily: 0.040716454819095256
- obstruction: 0.04017866731452581
- crossing: 0.03758309729079035
- ectopia: 0.03704947923963344
- directed: 0.03401297571508127
- morphology: 0.03401297571508127
- incontinence: 0.033695455388486235
- lump: 0.03324584684984936
- infection: 0.03312022098763743
- aberrant: 0.03205456825822685
- supply: 0.03170050275613386
- disk: 0.030839091212933815
- occasional: 0.030076355538415523
- arachnoid: 0.02862486564611639
- anteriorly: 0.027936970737881515
- complication: 0.027936970737881515
- complaining: 0.027807516832167506
- flank: 0.026798185855798382
- urinary: 0.026371373464032174
- fusion: 0.025410480786806928
- may: 0.024991044918641653
- arterial: 0.024935630724884476
- aorta: 0.024453492981020303
- intermittent: 0.024453492981020303
- -: 0.024423046116111517
- measures: 0.024376420831679797
- position: 0.023720153679591446
- presenting: 0.023218664204674194
- reports: 0.02296586930559224
- conservative: 0.022752273613961458
- 15: 0.0227223110167092
- complications: 0.022574485300080382
- currently: 0.022574485300080382
- pelvis: 0.020700609377277527
- n/a: 0.02063471098239391
- identified: 0.020356446941242144
- or: 0.02003045497927415
- now: 0.019474103931344317
- boy: 0.019364811866173143
- cause: 0.019275084177013107
- study: 0.01874420904573306
- past: 0.018101329812976227
- y.o: 0.016442529550578
- low: 0.015841120352442666
- at: 0.015436842037755107
- cyst: 0.015309140906840685
- over: 0.014504283934266417
- increased: 0.013936565211997706
- this: 0.012815162844188441
- treatment: 0.011530779730672581
- patient: 0.011421225745551841
- seen: 0.011257517433784602
- which: 0.010634297248283658
- (: 0.009631489683251475
- ): 0.009513835894844069
- be: 0.008785044822292861
- as: 0.00861718337262752
- to: 0.008541362168859725
- not: 0.008232124478279569
- a: 0.007931996036372025
- history: 0.007868096918047223
- is: 0.007497210378463009
- ,: 0.007218935080460997
- pain: 0.0069573877835382315
- was: 0.006588516814757912
- year: 0.006374035128486099
- right: 0.006010878060736111
- no: 0.005736294338025347
- for: 0.004860720990951434
- on: 0.004825940082436187
- of: 0.0038834600265996145
- and: 0.0036001801146443692
- in: 0.0028093148676016995
- with: 0.002340083521797795
- .: 0.001893308591858468
- the: 0.001843323796048344
