Texto: 
loss of lumbosacral lordosis
none
blunt appearing conus medullaris
absent lower sacral segments
no coccyx
caudal regression syndrome
none
7 year old boy presents with neurogenic bladder


Keywords by value: 
- coccyx: 0.25442993610782166
- medullaris: 0.21374059208307683
- regression: 0.20583044022018576
- lordosis: 0.20443265029489516
- caudal: 0.20178602199926013
- neurogenic: 0.1948211245361883
- conus: 0.19081321399395748
- sacral: 0.18987551740194672
- blunt: 0.18896097619489594
- lumbosacral: 0.18806847428456033
- segments: 0.1780809347679269
- none: 0.15701625977096345
- appearing: 0.14067550322783606
- absent: 0.13716780131888723
- bladder: 0.128459662712927
- 7: 0.12126869921511377
- boy: 0.10758228814540634
- loss: 0.09186904342475702
- syndrome: 0.09051505839757931
- lower: 0.07118007664310602
- presents: 0.06465349242621947
- year: 0.03541130626936721
- old: 0.032404985068972395
- no: 0.03186830187791859
- with: 0.004333488003329249
- of: 0.004314955585110683
