Texto: 
hypo-active bowel sounds. right mid-abdominal tenderness with rebound.  no guarding. 

wbc: 19.8
ast: slightly elevated
alp: 110
bili: 1.3
• diffuse gallbladder wall thickening and enhancement, with apparent septa or folds. 
• pericholecystic fat stranding.  no definite pericholecystic fluid. 
• no intrahepatic or extrahepatic ductal dilatation.
acute acalculous cholecystitis
• cholecystitis - acute, chronic, xanthogranulomatous
• gallbladder carcinoma
79 y.o. man with right sided abdominal pain starting in the morning, persisting until presentation in the late afternoon.  mild nausea.  no vomiting.  no bowel movement.  no fever/chills.


Keywords by value: 
- pericholecystic: 0.10120226247297835
- cholecystitis: 0.08483836084019519
- hypo-active: 0.0823880226538925
- gallbladder: 0.07674744341409652
- •: 0.07322496970074242
- mid-abdominal: 0.06943200058735147
- alp: 0.06943200058735147
- afternoon: 0.06943200058735147
- 19.8: 0.06734654683675137
- fever/chills: 0.06734654683675137
- acalculous: 0.06420194649449705
- persisting: 0.06420194649449705
- xanthogranulomatous: 0.06086853580348086
- 110: 0.05841653333182206
- bili: 0.05647597852081043
- septa: 0.05537520248663863
- extrahepatic: 0.052686584987089266
- 1.3: 0.051585808952917464
- 79: 0.0509179681680376
- starting: 0.0509179681680376
- bowel: 0.05009258939971512
- folds: 0.048391890320001046
- no: 0.04824920471236273
- intrahepatic: 0.047021764392974175
- morning: 0.0436671373605137
- ast: 0.04337505751468094
- guarding: 0.04323237085925301
- definite: 0.04323237085925301
- :: 0.042253264149183734
- rebound: 0.04179171030011976
- late: 0.04155206141588296
- movement: 0.03992732375417284
- acute: 0.03943699680572888
- stranding: 0.03862978688637643
- ductal: 0.03764510916994815
- apparent: 0.03531369926684924
- until: 0.03507405038261244
- dilatation: 0.03422641896699737
- slightly: 0.03228248839492591
- nausea: 0.03215177585310591
- sounds: 0.0318537070327699
- vomiting: 0.03049120410322318
- sided: 0.029528286104174253
- wbc: 0.02911284907080198
- presentation: 0.02750841714477647
- elevated: 0.027096414592140773
- thickening: 0.02707125766068553
- tenderness: 0.02428890021384704
- fat: 0.02428890021384704
- diffuse: 0.02417763944275995
- wall: 0.023132328226530337
- y.o: 0.023050275070903736
- fluid: 0.022697561725269655
- carcinoma: 0.02263483803753146
- chronic: 0.02249523021408411
- enhancement: 0.021406437066570427
- mild: 0.021030406111505952
- abdominal: 0.01996186203852444
- man: 0.018887213486822423
- or: 0.018720051382499204
- -: 0.017118957558022087
- right: 0.016852929142250776
- ,: 0.010120002449244388
- pain: 0.009753347360100324
- in: 0.007876583740939344
- .: 0.004313027750144875
- with: 0.0032804909184081235
- the: 0.002584098779507024
- and: 0.0016823271563758734
