Texto: 
azygos lobe
please enter the patient's clinical history or presenting symptoms.


Keywords by value: 
- azygos: 0.49366331932062524
- enter: 0.4601773138392525
- please: 0.2916644540861709
- presenting: 0.26790766390008686
- clinical: 0.20225460000507725
- lobe: 0.17687118060950263
- symptoms: 0.16381980591524148
- 's: 0.14492666295131115
- history: 0.09078573366977565
- or: 0.07704021145874673
- patient: 0.0658916869935683
- the: 0.010634560361817369
- .: 0.0027307335459497138
