Texto: 
non-pathologic age-related changes in the pa and lateral cxr


Keywords by value: 
- non-pathologic: 0.9795020471073886
- age-related: 0.7804176616376047
- cxr: 0.4006702523472308
- pa: 0.3970857121007617
- changes: 0.2721164418038956
- lateral: 0.2051853384027278
- in: 0.04682191446002832
- and: 0.02000100063691316
- the: 0.0153610316337362
