Texto: 
• paraplegic 
• neck pain
spinal fusion and physical therapy
• prevertebral soft tissue hematoma
• fracture through the left c4 lateral mass and laminar arch with unilateral perched c4-5 facets on the right.
• herniated  and disrupted disk c4-5.
• torn intracapsular ligaments and ligament flavum.
• spinal cord compression with edema.
cervical spine fracture (unstable) with cord injury
• cervical spine fracture
34 year old man, unrestrained driver, hit a tree and was thrown from his car.  unable to move legs when found by ems.


Keywords by value: 
- •: 0.1292382970388361
- c4-5: 0.1259271798528719
- paraplegic: 0.07955573335359163
- perched: 0.07428948980961235
- thrown: 0.07428948980961235
- fracture: 0.06968271124554985
- unrestrained: 0.06822983347041524
- intracapsular: 0.06714364258734487
- cord: 0.06695203959186394
- laminar: 0.06616106341410441
- cervical: 0.06402250322869338
- spinal: 0.06308816928617703
- facets: 0.06296358992643596
- flavum: 0.06296358992643596
- ems: 0.06229824434769811
- torn: 0.06108398624814777
- disrupted: 0.05949480398188737
- prevertebral: 0.05855695059832318
- spine: 0.05802275352588346
- c4: 0.05690393358723886
- move: 0.05690393358723886
- driver: 0.053938139025880294
- hit: 0.05234895675961989
- tree: 0.05234895675961989
- unstable: 0.05210637431209212
- herniated: 0.05034734836332136
- ligaments: 0.04920069233125719
- car: 0.04920069233125719
- disk: 0.04768931630866054
- legs: 0.04768931630866054
- unilateral: 0.04371966438621769
- 34: 0.04371966438621769
- unable: 0.0407008657062981
- ligament: 0.04046566284272932
- arch: 0.039646444581345336
- fusion: 0.03929455791774267
- compression: 0.03297677655979306
- hematoma: 0.03135017400435144
- injury: 0.028084624143183506
- found: 0.027763150664454766
- neck: 0.02586848594864415
- his: 0.025390608532442595
- when: 0.025230218944494905
- through: 0.02502017544763782
- edema: 0.024916737004446295
- therapy: 0.02355299789938776
- physical: 0.021613456387435444
- soft: 0.021452853237046907
- tissue: 0.020880630808789626
- man: 0.02083434889783504
- lateral: 0.01903781490334588
- by: 0.01466877219840077
- from: 0.013056038279940334
- mass: 0.012252175329356334
- pain: 0.010758847087945719
- was: 0.010188428064058628
- left: 0.009856755353329017
- year: 0.009856755353329017
- right: 0.009295172258870275
- and: 0.009278814728464868
- old: 0.009019944297549017
- on: 0.007462793941911629
- (: 0.007447028105606809
- ): 0.007356058681580464
- ,: 0.005581650835407987
- to: 0.004402764004566869
- a: 0.00408865775070723
- with: 0.003618685858450198
- the: 0.0028505007155386762
- .: 0.002195847593650285
