Texto: 
wbc =14.5
antibiotic therapy with resolution of symptoms.
descending colon wall thickening with pericolonic fat stranding.
diverticulitis
diverticulitis
colon ca
50 year old with fever and left lower quadrant pain.


Keywords by value: 
- =14.5: 0.26713692193837874
- diverticulitis: 0.26573949243170814
- colon: 0.20338987332256603
- pericolonic: 0.18941118383348368
- antibiotic: 0.13251112628715703
- descending: 0.1263978037825796
- stranding: 0.12525415748006904
- ca: 0.12058292475803092
- resolution: 0.11168544572858863
- 50: 0.09851509141344862
- wbc: 0.09439620759320642
- quadrant: 0.09113260406018348
- thickening: 0.08777650211191976
- fever: 0.08761401898642322
- fat: 0.07875491887520102
- wall: 0.07500482182541655
- therapy: 0.06923153928001857
- symptoms: 0.06453507505751938
- lower: 0.05823824452617766
- pain: 0.03162448992517378
- year: 0.028972886947664082
- left: 0.028972886947664082
- old: 0.026513169601886506
- with: 0.010636743280899067
- and: 0.005454818355521771
- of: 0.0035304182059996496
- .: 0.003227230554304207
