Texto: 
not available
debulking of mass with subsequent radiation and chemotherapy.
large left frontal and parietal lobe mass with mixed signal intensity, surrounding edema and sub-falcine herniation.

marked peripheral enhancement of mass following contrast administration, with central region suggesting necrosis.
anaplastic astrocytoma
• glioblastoma
• metastatic disease
• abscess
• demyelinating disease
49 y.o. woman with long history of headaches.  new onset of behavior changes for two to three weeks.


Keywords by value: 
- sub-falcine: 0.11448725225930519
- •: 0.08140334294004613
- behavior: 0.08021378044612
- debulking: 0.07847960651593139
- anaplastic: 0.06989001583742016
- demyelinating: 0.06869036232922515
- 49: 0.061532220520269854
- glioblastoma: 0.06109927999731412
- suggesting: 0.05392310817992768
- herniation: 0.04941406662169146
- mixed: 0.048739264817396516
- parietal: 0.047412109740817984
- mass: 0.04630367559535965
- administration: 0.046073509933807405
- necrosis: 0.043806502772009155
- marked: 0.043310123384733855
- subsequent: 0.04320234672480275
- astrocytoma: 0.04309545712562723
- headaches: 0.04242132907884777
- peripheral: 0.04015497820797555
- intensity: 0.04011260618674417
- chemotherapy: 0.03977851669014111
- new: 0.03867257112727998
- long: 0.038262617023801605
- three: 0.037410704264245594
- available: 0.03730803959532204
- central: 0.03651469294623324
- surrounding: 0.03648266577097098
- radiation: 0.036418847396913465
- disease: 0.036278897174433875
- abscess: 0.03508878239135412
- onset: 0.03503144449253442
- frontal: 0.03486093421406958
- y.o: 0.032030901721905196
- changes: 0.03180581787318261
- two: 0.03178352256644163
- following: 0.03149711372598894
- weeks: 0.03149711372598894
- edema: 0.03138861674586092
- region: 0.03134547048362744
- lobe: 0.029861368154851093
- enhancement: 0.029746607352247222
- signal: 0.029260705587958166
- metastatic: 0.027936485761247926
- woman: 0.02563510321414164
- contrast: 0.024841242685816955
- large: 0.024266784828975062
- not: 0.01603660612651864
- history: 0.015327461528663423
- left: 0.012416951548998894
- for: 0.009468936995359938
- ,: 0.007031430273176296
- and: 0.007013337885670849
- with: 0.00607813901765661
- of: 0.0060521454959994
- to: 0.005546339070688133
- .: 0.002766197617975034
