Texto: 
endovaginal exam unremarkable.
normal pap smear.  other cytology unremarkable.
hydrosalpinx of the right fallopian tube.
hydrosalpinx
not applicable.
32 y.o. woman with infertility.
see topic.


Keywords by value: 
- hydrosalpinx: 0.344243891396203
- endovaginal: 0.19736161609007433
- pap: 0.1944734288232766
- smear: 0.18716548770761332
- cytology: 0.17487866624979015
- unremarkable: 0.1714585708292158
- applicable: 0.1708322604126834
- infertility: 0.15771516700976587
- fallopian: 0.1524645087893405
- topic: 0.13754097893789222
- 32: 0.12914065249593812
- tube: 0.10910856564719736
- see: 0.0772793094311754
- y.o: 0.07473877068444545
- woman: 0.05981524083299716
- other: 0.059686016627346926
- exam: 0.056885876968167826
- normal: 0.04059431680603336
- not: 0.0374187476285435
- right: 0.02732217300334596
- .: 0.008605948144811219
- the: 0.004189372263746236
- with: 0.0035455810936330222
- of: 0.0035304182059996496
