Texto: 
normal cross-sectional gross anatomy
usuhs anatomical teaching laboratory


Keywords by value: 
- usuhs: 0.9286530078558259
- cross-sectional: 0.8141166663715566
- teaching: 0.7913264717723122
- anatomical: 0.672691402435169
- anatomy: 0.5526336586617574
- gross: 0.508823286950406
- laboratory: 0.39363646698175825
- normal: 0.16745155682488763
