Texto: 
small cervix and poorly developed left vaginal fornix on speculum exam.
0 management
  - communicating/non communicating
  o  resection for dysmenorrhea/hematometra and    
     prevents ectopic pregnancy.
- fusiform endometrial cavity
- shifted from midline and tapering at apex.
- drainage into solitary fallopian tube.
- no rudimentary horn opacified.
unicornuate uterus
0 differential
  -  unicornuate uterus
   
   o  communicating
   
   o  non communicating
    -  no cavity
    -  no horn
presents with infertility.three years prior u/s for pregnancy (hcg 75) with bleeding demonstrated no conceptus but normal uterus and right ovary.  left ovary was not identified due to large amount of bowel gas.
- right side predominance.
- associated with abnormal fetal lie and iugr.
- evaluation of renal anomalies. (40% occurrence)


Keywords by value: 
- -: 0.15264403822569694
- communicating: 0.1182863752573244
- o: 0.1182863752573244
- unicornuate: 0.10642059022330974
- uterus: 0.09154606093601028
- 0: 0.07767634802806912
- horn: 0.07032016900107364
- ovary: 0.06986099703902322
- communicating/non: 0.06678423048459468
- dysmenorrhea/hematometra: 0.06678423048459468
- infertility.three: 0.06678423048459468
- conceptus: 0.06678423048459468
- cavity: 0.05667188801110108
- fornix: 0.056282000476110663
- speculum: 0.056282000476110663
- iugr: 0.056282000476110663
- pregnancy: 0.05566446768884603
- prevents: 0.04861835720581915
- shifted: 0.04795918010741286
- rudimentary: 0.04795918010741286
- u/s: 0.04577977046762664
- lie: 0.04532049302962335
- tapering: 0.04447787458181862
- opacified: 0.04447787458181862
- cervix: 0.04303048642452537
- occurrence: 0.04239880756892649
- predominance: 0.04052865546338463
- fusiform: 0.03922675957757661
- fallopian: 0.03811612719733513
- endometrial: 0.03670626144253316
- hcg: 0.036425645747985055
- vaginal: 0.03417767674819946
- anomalies: 0.033876613652369804
- apex: 0.033308165274014395
- 75: 0.03312778157178926
- fetal: 0.03295159322205996
- solitary: 0.03212732913229633
- poorly: 0.0315994509456449
- ectopic: 0.0310380269141773
- gas: 0.030837774966691274
- bleeding: 0.028102825379287256
- tube: 0.02727714141179934
- 40: 0.027236080294607376
- drainage: 0.027074025825051938
- amount: 0.027034048119742516
- non: 0.026759959812337197
- no: 0.026074065172842484
- midline: 0.025046440055594855
- developed: 0.02492473852147511
- management: 0.024428268511027588
- identified: 0.023132326069593343
- side: 0.022427625013364174
- differential: 0.020552725979946437
- bowel: 0.020302678279429994
- resection: 0.020188754966062265
- renal: 0.019450572344379313
- years: 0.019009417704685474
- demonstrated: 0.018995605927704298
- evaluation: 0.018804839362324303
- abnormal: 0.018462820002385694
- due: 0.017274826916309393
- prior: 0.016622066456078513
- into: 0.015403987636058386
- associated: 0.015276231529603803
- %: 0.015100916919287936
- small: 0.014913449124099384
- left: 0.014486443473832041
- exam: 0.014221469242041956
- large: 0.014155624483568786
- but: 0.013806843189648014
- right: 0.01366108650167298
- presents: 0.013224577996272167
- for: 0.01104709316125326
- (: 0.010944874640058493
- ): 0.010811177153231896
- normal: 0.01014857920150834
- from: 0.009594209948137972
- not: 0.009354686907135874
- at: 0.00877093297599722
- was: 0.0074869509258612636
- and: 0.006818522944402214
- on: 0.005484022820950213
- to: 0.0032353644579014114
- .: 0.0026893587952535056
- with: 0.0026591858202247667
- of: 0.0017652091029998248
