Texto: 
wbc - 11 with normal diff.
neg titers for bartonella sp
surgical excision of the largest mass was done w/o complications
large l sided neck mass with ring enhancement and several necrotic appearing lymph nodes.
scrofula - infectious cervical lymphadenitis
infection (mac primarily unlikely to be tb)
neoplasm (lymphoma unlikely with normal blood counts)
congenital (branchial cleft cyst)
2 y/o girl with non-tender mobile l neck mass.

one parent has h/o ppd conversion with appropriate treatment in distant past.


Keywords by value: 
- unlikely: 0.09147384933939884
- l: 0.08754016849749154
- bartonella: 0.08347442767243379
- scrofula: 0.08347442767243379
- mac: 0.08347442767243379
- sp: 0.07891863994088139
- titers: 0.07568625710434451
- lymphadenitis: 0.07436285220932896
- conversion: 0.0721081252940239
- diff: 0.0711304693727921
- counts: 0.06939843926237348
- parent: 0.06939843926237348
- branchial: 0.06334229880470284
- ppd: 0.06244294253870804
- neg: 0.05878651107315043
- neck: 0.05638748622513443
- distant: 0.05603232615143149
- mobile: 0.054654771970618764
- largest: 0.054440747308026706
- w/o: 0.054230723341598015
- necrotic: 0.05249869323117939
- non-tender: 0.05084335935750682
- primarily: 0.05039084363685581
- h/o: 0.05009898423906636
- cleft: 0.046866601402529504
- tb: 0.046236382676113276
- appropriate: 0.04525872675488149
- ring: 0.044621700421437156
- 11: 0.04393532185986594
- nodes: 0.043367318723204915
- appearing: 0.042676838057882846
- infectious: 0.04127926817375099
- -: 0.041162437274345244
- mass: 0.04006048338025498
- done: 0.03980358275733428
- excision: 0.0394073115344415
- lymph: 0.038758903471288166
- complications: 0.03804688533721413
- sided: 0.03550029902411961
- congenital: 0.035114145726319525
- wbc: 0.03500084101770575
- cervical: 0.03488866748979358
- girl: 0.033757049786402225
- neoplasm: 0.03269838849339245
- several: 0.030866211637330197
- past: 0.03050785923535319
- normal: 0.03010365066514834
- infection: 0.027910298585087718
- lymphoma: 0.027440434094263885
- y/o: 0.026591337413703828
- blood: 0.026206865983250557
- one: 0.026019453745063415
- cyst: 0.025801922876697782
- enhancement: 0.0257358288328431
- (: 0.024349271671141367
- ): 0.024051832318426013
- large: 0.02099485878461887
- 2: 0.02067533142146681
- surgical: 0.020182267081477006
- treatment: 0.019433898422481877
- has: 0.01803033674712672
- be: 0.014806255318471113
- was: 0.011104241822625694
- for: 0.00819222638924399
- with: 0.006573268319656727
- to: 0.0047985180723931035
- in: 0.00473480033865455
- and: 0.002022573098114814
- .: 0.0015954847684200573
- the: 0.0015533627494789416
- of: 0.0013090314696403195
