Texto: 
labs within normal limits
preoperative embolization with surgical resection.
mr: well defined mass at the level of the carotid bifurcation on the left.  isointense to muscle on t1, slightly hyperintense on t2 with enhancement on post-gadolinium sequences.  the ica and eca are slightly splayed.  flow voids present on t2 image centrally.

ct:  well defined enhancing mass at the level of the left carotid bifurcation.  splays the ica and eca with partial encasement.

angiography:  highly vascular mass at carotid bifurcation with intense vascular blush. post-emoblization demonstrates residual vascularity at the posterior lateral espect of the mass.
carotid body tumor
for neck mass:
carotid body tumor
nodal metastasis
nerve sheath tumor
abscess
29 y/o woman with enlarging neck mass.
the patient underwent preoperative embolization and balloon test occlusion on the day prior to surgery.  the tumor was resected.  the patient had post-op vocal cord paralysis on the left.


Keywords by value: 
- carotid: 0.11682657933713908
- bifurcation: 0.09520610691443182
- eca: 0.08787903062844388
- preoperative: 0.06380487177451694
- ica: 0.06108360895361194
- post-emoblization: 0.05375316112174694
- espect: 0.05375316112174694
- tumor: 0.04859103174660515
- embolization: 0.048527274597744155
- splayed: 0.04705430570303896
- splays: 0.04530014672467444
- defined: 0.04390954471167698
- mass: 0.04348028074198407
- slightly: 0.04212471046654967
- encasement: 0.03811322601527416
- blush: 0.03811322601527416
- vocal: 0.03612894308579472
- nodal: 0.034905341284196235
- paralysis: 0.034374784107430195
- vascular: 0.034168332535654836
- body: 0.033844679423037614
- post-gadolinium: 0.0324329930640245
- on: 0.030897787113158517
- balloon: 0.03067883408565998
- neck: 0.030600526061201005
- post-op: 0.03054180447680597
- level: 0.03003523204447478
- voids: 0.029778614580744954
- t2: 0.02949498498476039
- vascularity: 0.028787645498441452
- sheath: 0.02868685707190968
- centrally: 0.028394117930529428
- at: 0.02823812567882032
- intense: 0.02759182306596407
- :: 0.02756767843879671
- 29: 0.027187863398029918
- enlarging: 0.02652201405677997
- angiography: 0.026181279554374742
- occlusion: 0.025985619099792426
- residual: 0.025858581984531195
- resected: 0.025796042349365403
- isointense: 0.02561218236051975
- highly: 0.02509169547667123
- well: 0.02357415796303233
- test: 0.022260563719774296
- sequences: 0.02175911190125617
- hyperintense: 0.02163207478599494
- limits: 0.021476912190500037
- partial: 0.020837534892980156
- cord: 0.019799840976862205
- metastasis: 0.01950455686768248
- nerve: 0.018774061746873818
- muscle: 0.018715336789185032
- labs: 0.018121792725214258
- underwent: 0.017879244118769632
- left: 0.017489730535480145
- flow: 0.017219840712551927
- mr: 0.016556094341136793
- day: 0.016542437983859327
- t1: 0.01651521668429417
- abscess: 0.016474611244721143
- enhancing: 0.016341180078565606
- image: 0.01627554369693659
- resection: 0.016249485704391577
- y/o: 0.014430664815973418
- enhancement: 0.013966394915384366
- prior: 0.01337873641586807
- surgery: 0.01265243331926997
- woman: 0.01203599358224943
- posterior: 0.012009991150624687
- the: 0.011801768206407081
- present: 0.011768346060559029
- demonstrates: 0.011381836595446256
- lateral: 0.011260171009905794
- had: 0.011242986702687245
- surgical: 0.010952571769825937
- patient: 0.01044624305995595
- within: 0.009939825660890743
- normal: 0.008168368625604275
- ct: 0.007288436910927091
- are: 0.007102889466643913
- was: 0.006026082452522481
- to: 0.005208147663938857
- for: 0.004445781394162897
- with: 0.0035672004905454185
- and: 0.003292847665833264
- .: 0.0028139876174725705
- of: 0.0021311670877680808
- ,: 0.001650671131202972
