Texto: 
decreased breath sounds on the left.
the patient was hemodynamically stable and did not complain of shortness of breath.  following chest tube placement, approximately 5 liters of fluid were removed from the left chest.  this was a malignant pleural effusion.
opacification of the left lung with shift of the mediastinal contents to the right.  a left chest tube has been inserted.  the breast shadow is not seen on the patient's left.
tension hydrothorax, malignant pleural effusion
• tension hydrothorax
• tension hemothorax
• unilateral pulmonary edema
• pulmonary contusion
• pulmonary/pleural mass
54 year old woman, rule out infiltrate or effusion.
this patient has known metastatic breast cancer with a large liver lesion.


Keywords by value: 
- tension: 0.13142098947528974
- hydrothorax: 0.12892652767311988
- effusion: 0.07731366476679527
- pulmonary/pleural: 0.06996443193624205
- •: 0.06218310919031301
- tube: 0.057152105815198605
- liters: 0.05574411868840034
- pleural: 0.0526722253757666
- breath: 0.05071615171824362
- breast: 0.050040602283024635
- malignant: 0.049026518672687314
- chest: 0.0486840238108933
- inserted: 0.04618877897152783
- hemodynamically: 0.04380699649176324
- hemothorax: 0.043239861856984314
- complain: 0.04245859143783152
- infiltrate: 0.0403003873466915
- pulmonary: 0.03962778270190577
- shadow: 0.038605354804643416
- contents: 0.03830582839208114
- left: 0.03794068528860772
- contusion: 0.037338448887247515
- opacification: 0.03591316653030244
- 54: 0.03580518516478038
- unilateral: 0.03365720194811996
- shift: 0.03216940070768843
- removed: 0.0305767761405285
- mediastinal: 0.028794703318458275
- shortness: 0.028533036499112485
- rule: 0.028321383744492157
- stable: 0.027954076184460365
- placement: 0.0275270705813415
- sounds: 0.027050370257987136
- has: 0.025471428103083775
- did: 0.02448744953168987
- liver: 0.023382710403434315
- out: 0.022413126006813618
- cancer: 0.022294962415593374
- known: 0.021460722892569995
- approximately: 0.020982681163139547
- patient: 0.02039504597419971
- decreased: 0.02016473335495682
- 5: 0.019842543035271137
- lung: 0.019644120001894808
- not: 0.019600296376856115
- fluid: 0.019274913528602007
- following: 0.01924823616588213
- edema: 0.019181932455803893
- been: 0.018450753090984057
- metastatic: 0.017072296854095954
- was: 0.01568694479704265
- woman: 0.015665896408642112
- were: 0.01539909791023747
- this: 0.015256146243081477
- 's: 0.014952750939420991
- large: 0.014829701839929203
- lesion: 0.013813930365082973
- seen: 0.013401806468791192
- on: 0.011490333529609969
- from: 0.010051077088525495
- a: 0.00944285242425241
- mass: 0.009432230213869559
- the: 0.008777732362134971
- or: 0.00794859324574371
- year: 0.007588137057721545
- right: 0.007155807215162037
- old: 0.006943925371922655
- ,: 0.006445477750411604
- of: 0.004623166698332874
- is: 0.0044626252252756
- to: 0.003389429432087192
- .: 0.002535681149810448
- with: 0.001857209144283964
- and: 0.0014286429026366544
