Texto: 
well healed incision.  no symptoms of tetherd cord.
surgical, if symptomatic.
lipoma at level l2 and filum terminale.
cord rotated with fibrous band posteriorly at l2-3.
tethered spinal cord with terminal spinal lipoma.
expected post surgical change versus retethering.
also, atypical dermoid is less likely given the history.
17 year old who at age 10 underwent surgery fo a tethered cord.
repositioning the patient prone and supine with breath hold technique on mri may be considered to distinguish retethering from post-surgical change.


Keywords by value: 
- retethering: 0.18756422178652124
- cord: 0.13817761362576175
- tethered: 0.12179736107676983
- tetherd: 0.09378211089326062
- lipoma: 0.08500503953960556
- l2-3: 0.07166039236475172
- change: 0.07086641469097538
- fo: 0.07040738134713062
- repositioning: 0.06928652479757928
- filum: 0.06827258671455455
- terminale: 0.06827258671455455
- hold: 0.06827258671455455
- spinal: 0.065101621497438
- post-surgical: 0.059121509424946976
- rotated: 0.05872001657406563
- incision: 0.05759916002451428
- l2: 0.05658522194148955
- distinguish: 0.05536809054598163
- healed: 0.05480805082805162
- prone: 0.054538712445240015
- band: 0.05237976729633906
- technique: 0.05237976729633906
- terminal: 0.05216484487806757
- supine: 0.05077092719289306
- expected: 0.04427189440222314
- 17: 0.04427189440222314
- versus: 0.043212002477235466
- posteriorly: 0.04294037160484009
- dermoid: 0.0414418882780678
- atypical: 0.03939926208095697
- surgical: 0.03821748447343518
- at: 0.03694988785632871
- fibrous: 0.03674708785379865
- considered: 0.0366972596696239
- symptomatic: 0.036116844943555444
- breath: 0.033990612321801575
- underwent: 0.03119357484551297
- given: 0.031163982899110026
- less: 0.030786595790666834
- 10: 0.030644938599435217
- post: 0.02862590460715206
- age: 0.027669258782386238
- level: 0.026200947102626933
- likely: 0.02564138261633677
- if: 0.024667483338091864
- who: 0.02370179158661385
- symptoms: 0.02265593060529935
- surgery: 0.022074458131492287
- mri: 0.02088591335015553
- well: 0.020564690989028203
- may: 0.01993966349891621
- also: 0.01792148503904416
- be: 0.014018688546212011
- from: 0.013472720352704385
- history: 0.012555473805394504
- year: 0.010171332651839518
- old: 0.009307814860236751
- no: 0.00915366117770002
- patient: 0.009112680116131786
- on: 0.00770096821665349
- is: 0.005981816791326869
- ,: 0.005759788628027391
- to: 0.004543277749393471
- a: 0.0042191468278574605
- and: 0.0038299788453663498
- .: 0.0037765463933347103
- with: 0.003734175832656055
- the: 0.002941474142630336
- of: 0.001239402136148813
