Texto: 
negative
tumor resected.  post-op clinical course was complicated by sepsis and by a large left pca infarct.
complex mass occupying the frontal horn of the left lateral ventricle with minimal patchy enhancement.
subependymoma, lateral ventricle
• neurocytoma
• ependymoma
• subependymal giant cell astrocytoma
• choroid plexus pappilloma
• menintioma
43 y.o. man with headaches


Keywords by value: 
- menintioma: 0.1469253070661083
- pappilloma: 0.13537285405677588
- •: 0.1305845292996573
- ventricle: 0.10674634391928092
- pca: 0.10294101823918732
- subependymoma: 0.1007154950287786
- neurocytoma: 0.09023868403840571
- occupying: 0.08865018104166696
- sepsis: 0.08766950604128473
- subependymal: 0.08503243928770317
- post-op: 0.08348093223660298
- horn: 0.07735218590118101
- 43: 0.07684709674292554
- patchy: 0.07635686532282064
- complicated: 0.07389152982154361
- choroid: 0.07268618546188317
- resected: 0.07050918242159876
- plexus: 0.06920132216424052
- giant: 0.0685839676362347
- ependymoma: 0.06375143061979603
- infarct: 0.0631939650520037
- lateral: 0.06155560152081834
- complex: 0.05703151462690228
- minimal: 0.05607466617334663
- astrocytoma: 0.055305836644554934
- headaches: 0.05444070565118797
- course: 0.05374219072426069
- by: 0.04742903010816249
- frontal: 0.04473819890805596
- clinical: 0.04382183000110007
- negative: 0.04253533602291457
- y.o: 0.041106323876445
- cell: 0.038470678526358104
- enhancement: 0.038174812768717266
- man: 0.03368219738483332
- tumor: 0.03320387169351352
- left: 0.03187017564243049
- large: 0.031142373863851328
- mass: 0.019807683449126076
- was: 0.01647129203689478
- a: 0.006609996696976688
- the: 0.00460830949012086
- ,: 0.004511834425288123
- with: 0.0039001392029963246
- and: 0.003000150095536974
- .: 0.002366635739823085
- of: 0.0019417300132998072
