Texto: 
fractures of the base of the fifth metatarsal
twisted foot


Keywords by value: 
- twisted: 0.6042929701726717
- metatarsal: 0.47046445597931874
- fifth: 0.4688384038921407
- foot: 0.353231469522851
- base: 0.3347458282831367
- fractures: 0.3235788597980276
- the: 0.02764985694072516
- of: 0.023300760159597686
