Texto: 
normal
malrotation of gut.
-barrium swallow upper gi series with small bowel follow through reveals abnormal positioning of duodenum and intestines.


-malrotation of gut.
malrotation of gut.
37 year old male presents for pre-op evaluation for nissin?fundoplication.


Keywords by value: 
- gut: 0.43163262096671573
- malrotation: 0.21773485151051586
- -barrium: 0.20035269145378407
- -malrotation: 0.20035269145378407
- nissin: 0.20035269145378407
- intestines: 0.14802121206755575
- fundoplication: 0.14802121206755575
- positioning: 0.1290914592735761
- pre-op: 0.1271964227067795
- swallow: 0.11333811426085008
- duodenum: 0.10513326549863801
- 37: 0.09758476924812405
- series: 0.0966175052840605
- gi: 0.08724510639877099
- reveals: 0.07598290341579599
- ?: 0.07579271592328425
- follow: 0.061709078907873506
- bowel: 0.060908034838289986
- evaluation: 0.056414518086972905
- abnormal: 0.055388460007157074
- through: 0.05515811405501974
- upper: 0.046865466031107236
- small: 0.04474034737229815
- presents: 0.0396737339888165
- male: 0.03511830767926075
- for: 0.03314127948375978
- normal: 0.030445737604525024
- year: 0.021729665210748064
- old: 0.019884877201414877
- of: 0.010591254617998948
- and: 0.004091113766641329
- .: 0.004034038192880258
- with: 0.0026591858202247667
