Texto: 
• multiple scalp lacerations with punture wound left parietal region
• agonal breathing
• hypotension
• puncture wounds chest and abdomen
lacerations of scalp repaired
chest tube on right
antibiotics administered
• depressed skull fracture secondary to dog bite.
• minimal amount of subarachnoid blood
• right-sided pneumothorax
depressed  skull  fractures
none
3 day old baby boy taken out of his crib by the family dog who dragged the baby into the woods.
ct scan of abdomen also revealed splenic and left kidney lacerations


Keywords by value: 
- lacerations: 0.21545794515178743
- dog: 0.1597583319746787
- •: 0.12754767978106066
- depressed: 0.12515188882514772
- scalp: 0.11224498552098194
- punture: 0.10250602818565696
- woods: 0.10250602818565696
- baby: 0.09678042032113895
- agonal: 0.09444617724891341
- crib: 0.09444617724891341
- dragged: 0.08638632631216986
- skull: 0.08463648119517835
- bite: 0.07832647537542631
- wounds: 0.0718193150505958
- repaired: 0.06184896351744207
- puncture: 0.06116477165671028
- hypotension: 0.06083720331988823
- abdomen: 0.05886940146269061
- administered: 0.05725230378902176
- wound: 0.055699613177108705
- splenic: 0.05378911258069852
- breathing: 0.05344198510221385
- right-sided: 0.048501482846803785
- subarachnoid: 0.048279992207609666
- chest: 0.04755183721063997
- pneumothorax: 0.04664531836317723
- parietal: 0.042450377326081215
- tube: 0.0418672403064827
- amount: 0.04149412036983735
- taken: 0.041433081347905444
- family: 0.040724563313078034
- minimal: 0.03912186012093951
- fractures: 0.037625448813724136
- antibiotics: 0.03732228322872676
- kidney: 0.035004458779651276
- boy: 0.03377583465030199
- out: 0.03283783577742461
- revealed: 0.03188923127751271
- day: 0.031546044527359644
- his: 0.028638244507522465
- region: 0.028065130549294333
- scan: 0.02781711000503463
- secondary: 0.02777941821521869
- blood: 0.02712105898266627
- fracture: 0.026198538724102077
- who: 0.02590660940862444
- none: 0.024647901243116357
- into: 0.023643329859996592
- 3: 0.023267157287285345
- left: 0.02223500626216081
- multiple: 0.02092797678464266
- also: 0.01958859992639711
- by: 0.01654501050284738
- ct: 0.01389887969060515
- right: 0.010484089640818798
- old: 0.010173658103049472
- on: 0.008417337353086373
- of: 0.005418781432464578
- to: 0.004965908237709142
- the: 0.004822649466405551
- and: 0.0041862559472608946
- with: 0.0013605136754638342
- .: 0.0008255706069150296
