Texto: 
non-contributory
surgical only
• spherical isointense mass inferior aspect of fourth ventricle.
• mass enhances homogeneously.
• no hydrocephalus.
choroid plexus papilloma
• metastatic disease
• lymphoma
• hemangioblastoma
• choroid plexus papilloma
60 year old woman with longstanding history of headache.  complained of vertigo.


Keywords by value: 
- •: 0.21938200922342432
- choroid: 0.1744468451085196
- papilloma: 0.17174919387669832
- plexus: 0.16608317319417726
- spherical: 0.11964610159820564
- longstanding: 0.11360048416074697
- vertigo: 0.10896445187960048
- homogeneously: 0.09973754054954807
- hemangioblastoma: 0.09442347723488796
- complained: 0.09022906661524656
- isointense: 0.08400795814250478
- fourth: 0.08266774393684558
- enhances: 0.08072789861709938
- 60: 0.07455844177468228
- hydrocephalus: 0.07347709734927677
- ventricle: 0.06404780635156856
- non-contributory: 0.06312072416413754
- headache: 0.058699708751315964
- inferior: 0.05798632722718126
- aspect: 0.05368583868966715
- only: 0.05138823316969871
- lymphoma: 0.04884397268778971
- mass: 0.047538440277902584
- metastatic: 0.043022188072321804
- woman: 0.03947805894977813
- surgical: 0.03592443540502907
- disease: 0.027934750824314084
- history: 0.02360429075414167
- year: 0.019122105385458294
- old: 0.017498691937245094
- no: 0.01720888301407604
- of: 0.006990228047879306
- .: 0.0035499536097346276
- with: 0.002340083521797795
