Texto: 
d bili 9.0
t bili 10.3
wbc 9,000
the patient underwent ercp. a large stone was identified in the common bile duct measuring 8mm. it was removed, as was the gall bladder. the patient recovered fully.
there was prompt, homogeneous hepatic uptake of the choletec. after 60 minutes, there was no evidence of biliary to bowel transit of the radiotracer.
high grade common bile duct obstruction
common bile duct obstruction from stone, tumor,  or choledochal cyst.

ampulla of vater tumor

pancreatic head mass from neoplasm or pseudocyst
40 year old white female with ruq pain intermittently for a year now with constant pain and jaundice for 2 days.


Keywords by value: 
- bile: 0.11323197971695387
- bili: 0.09988313556573086
- duct: 0.09713252786815504
- 9,000: 0.07285552416501238
- choletec: 0.07285552416501238
- stone: 0.07026727657022583
- vater: 0.059554384392829736
- choledochal: 0.055670056878402166
- ampulla: 0.055670056878402166
- intermittently: 0.055670056878402166
- common: 0.05544464161875365
- 9.0: 0.05469664336058081
- 10.3: 0.053825895297292994
- 8mm: 0.05104513301116727
- obstruction: 0.049808265265941086
- transit: 0.0494405378504982
- ercp: 0.04730971876535688
- gall: 0.04625324462064709
- pseudocyst: 0.045617202958365036
- recovered: 0.043712048754961465
- prompt: 0.04347248233452136
- constant: 0.04301322736629978
- fully: 0.042792828630083574
- jaundice: 0.0421648459277867
- was: 0.040837914141061436
- ruq: 0.03973706808871097
- minutes: 0.03653776255614925
- biliary: 0.035667014492861436
- d: 0.03522017795343767
- pancreatic: 0.03455197880774267
- homogeneous: 0.03342837850827135
- radiotracer: 0.03295210484846444
- tumor: 0.03292945953075721
- t: 0.032691785285990295
- removed: 0.03184027928683133
- 60: 0.030809273460612515
- 40: 0.029712087594117136
- hepatic: 0.02949168885790093
- bladder: 0.028664552836768838
- measuring: 0.028242609276435914
- uptake: 0.028057714253671175
- grade: 0.02689947762769397
- wbc: 0.025744420252692662
- identified: 0.02523526480319274
- underwent: 0.024233025086596853
- now: 0.02414145115455907
- neoplasm: 0.024050880792660562
- white: 0.023422348865388576
- bowel: 0.022148376304832722
- days: 0.02164524211712378
- there: 0.021020091842396508
- from: 0.020932821705028304
- head: 0.020029762897304928
- high: 0.019326826951048065
- cyst: 0.018978273851455393
- evidence: 0.018516054407990725
- pain: 0.017249721777367517
- or: 0.016554095024193513
- it: 0.015874780037462947
- year: 0.015803392880544047
- large: 0.015442499436620493
- 2: 0.01520747517777311
- after: 0.014611580186852914
- female: 0.01451867992932094
- patient: 0.01415854431266757
- for: 0.01205137435773083
- ,: 0.01118636634368956
- as: 0.01068245872639775
- mass: 0.009821991792955079
- old: 0.007230864436878138
- no: 0.007111108683502496
- the: 0.006855336431584751
- a: 0.006555368625100848
- of: 0.003851365315635981
- to: 0.0035294884995288123
- in: 0.003482621736696322
- .: 0.0023470767667666957
- with: 0.0019339533237998305
- and: 0.0014876777333241195
