Texto: 
eoms not intact - 6th cn abducens palsy on the left
surgery.  chemotherapy and radiation pending.
• intraventricular mass with enhancement expanding the fourth ventricle.
• subtle leptomeningeal enhancement lying behind the spinal cord at t8 and t9 levels.
medulloblastoma (pnet)
• ependymoma
• choroid plexus papilloma
• medulloblastoma (pnet)
• hematoma
5 year old girl with 2 month history of headache.
developed an abducens (6th cn palsy) on the left.


Keywords by value: 
- abducens: 0.16231510559726897
- 6th: 0.13485885780959753
- pnet: 0.12476945215036417
- medulloblastoma: 0.11964748969292627
- palsy: 0.11416821638700672
- •: 0.11327814589849791
- cn: 0.11074724623591305
- eoms: 0.08682024712689636
- t8: 0.07973848007988288
- t9: 0.07441519390784626
- expanding: 0.06695689019210863
- leptomeningeal: 0.06117890127329072
- intraventricular: 0.059823744846463134
- lying: 0.05792994263534973
- enhancement: 0.05519250038850689
- behind: 0.05435485940677504
- choroid: 0.052544230454373377
- papilloma: 0.05173168490261998
- plexus: 0.05002505216692086
- fourth: 0.049799845745087695
- subtle: 0.04729119633427403
- ependymoma: 0.04608537153238267
- pending: 0.04454848929578004
- levels: 0.04249700473821642
- developed: 0.03963934319077969
- cord: 0.03912257735187231
- ventricle: 0.038583015874438895
- intact: 0.03781644122527972
- chemotherapy: 0.03690296126675741
- spinal: 0.036864773619031156
- hematoma: 0.03663815516171193
- girl: 0.036197318445660216
- headache: 0.03536127033211805
- radiation: 0.03378615963328116
- month: 0.0308869221783206
- 5: 0.030122414728242935
- (: 0.02610945998471785
- ): 0.025790518992047172
- surgery: 0.02499998872723223
- left: 0.02303868118729915
- 2: 0.022169933692898148
- -: 0.022069017574799562
- on: 0.017443156924468146
- not: 0.01487733339448115
- mass: 0.01431880731262126
- an: 0.014236926075719638
- history: 0.014219452261531125
- at: 0.013948953648573893
- year: 0.011519340593649575
- old: 0.010541380685087405
- the: 0.00666261613029522
- and: 0.004337566403185987
- with: 0.002819377737105777
- .: 0.002566231525109369
- of: 0.001403660250578174
