Texto: 
no significant abnormalities.
none (normal variant).
1. calcified rll pulmonary nodule and l hilar lymph node
2. teardrop shaped line with convex curvature which extends from the superior vena cava to the thoracic inlet
azygous lobe
azygous lobe
baseline surveillance.


Keywords by value: 
- azygous: 0.25442115424925255
- teardrop: 0.16509386806325796
- curvature: 0.13428732670503815
- rll: 0.1316699259126741
- inlet: 0.1316699259126741
- convex: 0.12824435524984612
- surveillance: 0.11820024138888928
- baseline: 0.11231818462828747
- lobe: 0.1021922376854904
- vena: 0.10055686628484684
- cava: 0.09995622912067086
- shaped: 0.09665800678470922
- hilar: 0.09541621882038795
- variant: 0.09045747323562774
- node: 0.08689430323395708
- l: 0.08656749995863051
- extends: 0.08230068079133233
- calcified: 0.08151164327006767
- nodule: 0.07827141331648903
- line: 0.07804918924238717
- lymph: 0.07665649797654771
- thoracic: 0.07320127791342783
- abnormalities: 0.06975032492662704
- superior: 0.06063874882342648
- 2.: 0.0603876475955613
- 1.: 0.05931531480661335
- pulmonary: 0.055478895782668076
- significant: 0.051063270023427185
- none: 0.047104877931289035
- which: 0.03544765749427886
- normal: 0.029769165657757803
- from: 0.028143015847871385
- no: 0.019120981126751157
- (: 0.016052482805419124
- ): 0.015856393158073447
- to: 0.00949040240984414
- the: 0.00614441265349448
- and: 0.004000200127382633
- with: 0.00260009280199755
- .: 0.002366635739823085
