Texto: 
soft mass right frontal scalp just above orbit
surgery
(chemotherapy contemplated)
• infiltrative mass right frontal bone.  
• destruction of both inner and outer table of frontal bone and sinus walls
• homogeneous enhancement of mass.
plasmacytoma frontal bone
• frontal sinus malignant tumor
• osteomyelitis
• bony metastatic disease
55 year old man presents to local physician with a rapidly growing, yet painless, right frontal mass


Keywords by value: 
- frontal: 0.22062673434109786
- •: 0.12879570013116887
- bone: 0.08726443896410424
- sinus: 0.08562079368883391
- contemplated: 0.0836639482584149
- plasmacytoma: 0.07972309795085626
- table: 0.06923723709962926
- infiltrative: 0.06717117011696372
- scalp: 0.06611690927948251
- yet: 0.06561872237303217
- mass: 0.06512115106561997
- rapidly: 0.06490384904192847
- growing: 0.0646736145444438
- inner: 0.06295905094233413
- outer: 0.062176058971923874
- walls: 0.0597420702426437
- orbit: 0.05896793037602258
- painless: 0.05881821708106107
- destruction: 0.05781367909358778
- 55: 0.056749172458967004
- homogeneous: 0.055408682184942916
- physician: 0.05517844768745825
- osteomyelitis: 0.05440179914394393
- local: 0.05376944240746225
- just: 0.04888348427131523
- bony: 0.046813092088338976
- above: 0.042903269268874195
- malignant: 0.04231055721067536
- chemotherapy: 0.04195816144028582
- right: 0.03705335790864726
- enhancement: 0.031376558440041585
- both: 0.029893150557344126
- metastatic: 0.029467252104330002
- soft: 0.028505846082103423
- surgery: 0.02842464471726404
- man: 0.027683997850547933
- tumor: 0.02729085344672344
- presents: 0.023912935554903092
- disease: 0.01913339097555759
- year: 0.013097332455793352
- old: 0.01198540543646924
- (: 0.009895366112929595
- ): 0.009774488933058973
- ,: 0.007416714123761298
- to: 0.005850248060862825
- a: 0.005432873997515086
- and: 0.004931753581704615
- of: 0.004787827430054319
- with: 0.0016027969327382155
- .: 0.0009725900300642814
