Texto: 
combined extraperitoneal and intraperitoneal bladder rupture
bladder rupture
injured in motor vehicle accident


Keywords by value: 
- extraperitoneal: 0.5714787740651237
- rupture: 0.5581742489424221
- bladder: 0.533601675884466
- intraperitoneal: 0.3906037542833177
- injured: 0.38879371602099505
- combined: 0.36316722013418445
- vehicle: 0.3060951166934631
- accident: 0.29854188391044667
- motor: 0.27449956552353943
- in: 0.03241517154925038
- and: 0.013846846594786036
