Texto: 
none provided
dilation of the proximal urethra (prostatic and membranous portions) with an abrupt narrowing and web-like stricture at the junction of the anterior and posterior urethra. grade 4 vesiculo-ureteral refux is seen on the left.
posterior urethral valves
posterior urethral valve
2 day old baby boy with hydronephrosis from ultrasound and renal failure


Keywords by value: 
- urethra: 0.19163523744637986
- urethral: 0.18447525935057832
- web-like: 0.15199169696493964
- vesiculo-ureteral: 0.15199169696493964
- refux: 0.15199169696493964
- membranous: 0.11064867502014013
- prostatic: 0.10649070852329723
- posterior: 0.10187785596736802
- valves: 0.09223762967528916
- abrupt: 0.0911923775750058
- stricture: 0.07898986067877997
- portions: 0.07665638916378409
- hydronephrosis: 0.07421825719740774
- valve: 0.07365902830511198
- baby: 0.07175100127256853
- dilation: 0.06944873588249056
- provided: 0.06354516739730043
- junction: 0.06170821484718188
- narrowing: 0.059076667140517194
- failure: 0.05771479797985115
- grade: 0.05611787574053397
- boy: 0.05008140999872364
- day: 0.046775169471602235
- renal: 0.04426681981824257
- proximal: 0.04423350313287957
- ultrasound: 0.04370901008631557
- 4: 0.0410512397444663
- anterior: 0.03794470385797823
- none: 0.036546888050138046
- 2: 0.03172593959500942
- seen: 0.029114269225305002
- from: 0.021835098502658832
- an: 0.02037353214284017
- at: 0.019961433669510913
- left: 0.016484573608153703
- old: 0.015085079256245769
- on: 0.012480879523541863
- (: 0.012454512521445872
- and: 0.012414414188428858
- ): 0.012302374001953536
- is: 0.009694668592840096
- the: 0.009534433427836261
- with: 0.004034626761720336
- of: 0.004017372441309946
- .: 0.001224121934391251
