Texto: 
abd: tender rlq on palpation. abd soft with bowel sounds. no rebound. + mcburneys.
removal of appendix.
transverse, sagittal planes: blind-ending pouch which is fluid-filled and dilated (0.7+ cm). it has a target-like appearance which, on transverse images, is non-compressible. no appendicolith seen.
acute appendicitis - sonographic diagnosis
1) appendicitis, uncomplicated
2) appendicitis, complicated by rupture
3) mesenteric adenitis
4) gastrointestinal duplication cyst
5) mesenteric cyst
6) lymphangioma
7) intussusception
8) neoplasm
12 year old male with increasing rlq pain.


Keywords by value: 
- appendicitis: 0.1100452284568668
- rlq: 0.09328900779355863
- abd: 0.08537847137392655
- mcburneys: 0.08316526815062734
- 0.7+: 0.08316526815062734
- target-like: 0.07662614380572219
- mesenteric: 0.07434568114651598
- non-compressible: 0.07008701946081705
- transverse: 0.06464993762547165
- blind-ending: 0.06144276727332502
- ): 0.060583388953016466
- adenitis: 0.055897610057267295
- appendicolith: 0.05279851508583299
- fluid-filled: 0.05207246752794499
- lymphangioma: 0.05207246752794499
- pouch: 0.050179347759434126
- intussusception: 0.04836451858351473
- planes: 0.046259390740927844
- uncomplicated: 0.045360238101264404
- duplication: 0.045360238101264404
- gastrointestinal: 0.04393052208119647
- cyst: 0.04332775728351137
- rebound: 0.04218597171804542
- complicated: 0.041825394238609585
- +: 0.04159244506322873
- appendix: 0.03925998182838656
- sonographic: 0.03908197725947728
- rupture: 0.03422766620873342
- increasing: 0.03304068344268595
- 12: 0.03299432481247436
- tender: 0.03272085748348141
- sounds: 0.03215421370289037
- sagittal: 0.03215421370289037
- removal: 0.03178095332358668
- 7: 0.03088919696988747
- 8: 0.030142618474050455
- which: 0.03009706768382167
- dilated: 0.029293315156524797
- neoplasm: 0.02745430731992385
- palpation: 0.026905085663660868
- bowel: 0.025282580498912823
- 6: 0.02407660529598938
- 5: 0.023586419079661917
- appearance: 0.02305572242202492
- 4: 0.02246199910546269
- cm: 0.021622227526575336
- :: 0.02132593992435217
- acute: 0.019904521972702784
- soft: 0.019631384565976885
- 1: 0.01918232422603497
- 3: 0.018877127610439054
- diagnosis: 0.018511503120569997
- it: 0.01812121117483978
- 2: 0.017359476382174964
- -: 0.01728045715762607
- no: 0.01623479529629815
- seen: 0.015930449198751796
- images: 0.015464753697635416
- has: 0.01513867896692715
- male: 0.014577410734787482
- on: 0.013658320988026945
- by: 0.013423310407970516
- ,: 0.012769342713079595
- is: 0.010609259969523124
- pain: 0.009845360071044666
- year: 0.009019861030876554
- old: 0.008254099970398629
- (: 0.006814733266451514
- a: 0.003741507564326427
- .: 0.003014111555435061
- with: 0.0022076259639601838
- and: 0.0016981981672850796
- of: 0.0010990924603583813
