Texto: 
axial ct images of the chest show a few partially calcified pleural plaques and a small right pleural effusion.
asbestos pleural disease
asbestos related pleural disease
prior pleural infection
prior chest wall hematoma
68 year old caucasian male, previous shipyard worker.
the differential diagnoses of calcified pleural plaques include: prior pleural infection or hematoma.  however, this patient has known asbestos exposure and thus, his plaques are consistent with asbestos related pleural disease.


Keywords by value: 
- pleural: 0.33183501986732966
- asbestos: 0.28400121040186743
- plaques: 0.17896751835494804
- shipyard: 0.10152964054258191
- calcified: 0.09170059867882613
- related: 0.08818128483179909
- worker: 0.08779698693423055
- prior: 0.08227922895758863
- hematoma: 0.07602417196055225
- diagnoses: 0.0631789788534117
- infection: 0.06210041435182018
- 68: 0.060565331380179714
- exposure: 0.05557588214374346
- thus: 0.05313962790623328
- disease: 0.0523776577955889
- chest: 0.05111822500143797
- caucasian: 0.050991499694650035
- partially: 0.04887804556910086
- few: 0.04807131405488122
- previous: 0.04147937748341621
- effusion: 0.04058967400256752
- differential: 0.03391199786691162
- known: 0.03380063855579775
- show: 0.032789449181145326
- wall: 0.03093948900298433
- his: 0.03078611284558665
- axial: 0.030484893450848396
- include: 0.029964418600378587
- however: 0.029742100694963382
- consistent: 0.02619122836039004
- small: 0.024607191054763985
- images: 0.020490798649366926
- has: 0.020058749631178475
- male: 0.019315069223593415
- ct: 0.014941295667400538
- are: 0.014560923406620022
- :: 0.014128435199883313
- or: 0.012519034362046344
- this: 0.012014215166426664
- year: 0.011951315865911435
- right: 0.01127039636388021
- old: 0.010936682460778183
- patient: 0.01070739913645485
- ,: 0.010151627456898276
- a: 0.009914995045465032
- and: 0.004500225143305461
- the: 0.003456232117590645
- of: 0.0029125950199497107
- .: 0.0017749768048673138
- with: 0.0014625522011236219
