Texto: 
well nourished and well developed female
ua: positive for wbc casts
cbc: 10 wbc
negative hcg
antibiotics
contrast enhanced ct:  right kidney shows wedge shaped areas of low attenuation and no enhancement
acute pyelonephritis
acute pyelonephritis
renal infarction
renal contusion
19 year-old woman has right lower quadrant pain with suspected appendicitis.


Keywords by value: 
- pyelonephritis: 0.1813409828173601
- casts: 0.13101964566422541
- wbc: 0.1132754491118477
- wedge: 0.0990585926178186
- nourished: 0.09367194141521548
- renal: 0.0933627472530207
- hcg: 0.08742154979516413
- contusion: 0.08553899199623975
- ua: 0.08252458736273532
- shaped: 0.0790838237329439
- acute: 0.07672288469478164
- 19: 0.07164220183209721
- appendicitis: 0.07069572252380533
- well: 0.07029385283522367
- cbc: 0.06942374818549787
- suspected: 0.06690399976211338
- enhanced: 0.06648114772276308
- infarction: 0.06350015354232891
- attenuation: 0.06246583764410979
- :: 0.06165135359949082
- developed: 0.05981937245154026
- antibiotics: 0.05835847923037274
- year-old: 0.0570684476672403
- kidney: 0.0547342446372729
- quadrant: 0.05467956243611008
- 10: 0.05237498596994382
- areas: 0.05227903947720121
- positive: 0.05041610164152939
- negative: 0.04640218475227044
- low: 0.04320305550666181
- shows: 0.04271588544961598
- enhancement: 0.041645250293146106
- woman: 0.03588914449979829
- lower: 0.034942946715706594
- contrast: 0.034777739760143735
- right: 0.03278660760401515
- female: 0.031941095844506065
- has: 0.02917636309989596
- ct: 0.021732793698037142
- pain: 0.018974693955104267
- no: 0.015644439103705488
- for: 0.01325651179350391
- and: 0.006545782026626125
- with: 0.0021273486561798134
- of: 0.0021182509235997894
- .: 0.0006454461108608414
