Texto: 
unknown
there is an obliquely oriented fracture through the right lateral femoral condyle extending to the physis with widening of the physis medially.
salter harris ii fracture
salter harris ii fracture distal femur
10 y/o boy with leg pain after football injury.


Keywords by value: 
- salter: 0.2602034532094628
- harris: 0.2562483906190251
- physis: 0.23417985353803875
- ii: 0.16752816859288294
- fracture: 0.15361870433678035
- obliquely: 0.1438775403222386
- football: 0.11383763486809498
- medially: 0.1105516978496607
- condyle: 0.1034736033392087
- widening: 0.09783315721476474
- oriented: 0.0952396729700506
- femur: 0.08389896464916453
- leg: 0.07636812065019992
- unknown: 0.07579271592328425
- femoral: 0.07388631856008647
- boy: 0.06601640408922663
- 10: 0.06546873246242978
- extending: 0.06528906929181358
- injury: 0.06191383049747273
- through: 0.05515811405501974
- y/o: 0.053787023404991835
- distal: 0.0528017861124097
- lateral: 0.041969728309648874
- after: 0.04018184551384551
- there: 0.028902626283295197
- an: 0.02685601964283477
- pain: 0.023718367443880336
- right: 0.020491629752509472
- is: 0.012779335872380128
- to: 0.009706093373704233
- the: 0.009426087593429031
- with: 0.005318371640449533
- of: 0.002647813654499737
- .: 0.0016136152771521035
