Texto: 
physical exam was normal
laboratory studies were normal
echocardiogram-  lvef 60%, color flow was observed into the pulmonary artery from the aorta but the study was otherwise normal.
the pda is non-clinical and was not treated.  the syncopal episode was felt to be secondary to dehydration, and not the pda.
she requires prophalaxis prior to dental work.
a ct angiogram image was submitted demonstrating contrast in a patent ductus arteriosis communicating the aorta to the left main pulmonary artery.
patent ductus arteriosus
patent ductus arteriorsus
20 year old female referred to cardiology clinic following a syncople episode while on active duty.  echocardiogram demonstrated a possible patent ductus arteriosis and a ct angiogram was ordered to confirm.


Keywords by value: 
- ductus: 0.1984307640160305
- patent: 0.1336618488247113
- arteriosis: 0.12249057357616489
- pda: 0.09237755794305566
- echocardiogram-: 0.06996443193624205
- non-clinical: 0.06996443193624205
- arteriorsus: 0.06996443193624205
- syncople: 0.06996443193624205
- episode: 0.06715160230628453
- angiogram: 0.06560932058479807
- prophalaxis: 0.06446326383655994
- lvef: 0.06124528678808244
- aorta: 0.05822260233576262
- was: 0.05490430678964926
- syncopal: 0.05252614163992284
- arteriosus: 0.04847197002273244
- dehydration: 0.04659586860952427
- cardiology: 0.04410652290432552
- dental: 0.04245859143783152
- communicating: 0.041306353264462484
- artery: 0.040389364954098395
- submitted: 0.04011363736724552
- echocardiogram: 0.04011363736724552
- pulmonary: 0.03962778270190577
- requires: 0.03602263734087653
- duty: 0.035387377756165926
- confirm: 0.034520716708824714
- color: 0.03310418670496131
- observed: 0.032516028195804784
- felt: 0.03190260220928379
- ordered: 0.03190260220928379
- normal: 0.03189553463331193
- work: 0.03177249260788952
- main: 0.03158124219853191
- clinic: 0.030304017065098277
- 60: 0.029586683243921538
- demonstrating: 0.029441055159253313
- active: 0.025893324119403812
- referred: 0.025591519392505088
- studies: 0.025329372363326663
- laboratory: 0.024992791554397348
- 20: 0.024385041556801712
- otherwise: 0.024359644709732894
- possible: 0.02284112872130216
- flow: 0.022413126006813618
- study: 0.022314534578253643
- while: 0.021338486030573915
- image: 0.02118404100236191
- to: 0.020336576592523154
- treated: 0.020300403460983007
- demonstrated: 0.01990015859092831
- not: 0.019600296376856115
- following: 0.01924823616588213
- she: 0.019037985249636288
- ct: 0.01897307386336576
- secondary: 0.018960555289752438
- prior: 0.017413593430177485
- physical: 0.01663893071096221
- into: 0.016137510856823068
- %: 0.01582000820115879
- a: 0.01573808737375402
- were: 0.01539909791023747
- contrast: 0.01518075941911036
- exam: 0.014898682063091572
- but: 0.014464311912964583
- female: 0.013942541836887567
- be: 0.010458386693205786
- from: 0.010051077088525495
- the: 0.008777732362134971
- left: 0.007588137057721545
- year: 0.007588137057721545
- old: 0.006943925371922655
- on: 0.0057451667648049844
- is: 0.0044626252252756
- ,: 0.004296985166941069
- and: 0.004285928707909963
- in: 0.0033444224614305944
- .: 0.001972196449852571
