Texto: 
none provided
abnormal position of the duodenum with absence of the normal c sweep.  the third portion of the duodenum is to the left of midline; and, the duodenum courses inferiorly to its junction with jejunum. there is no obstruction or volvulus.
malrotation, intestine
malrotation
63 woman with mild epigastric pain and a chronic cough.


Keywords by value: 
- duodenum: 0.22383211364226155
- malrotation: 0.1545215075235919
- sweep: 0.12446622798868368
- intestine: 0.09962034023147161
- jejunum: 0.09469482975483964
- courses: 0.09161329367802175
- epigastric: 0.08078799893864805
- volvulus: 0.07641904806549643
- 63: 0.07641904806549643
- inferiorly: 0.07233524328516398
- c: 0.06551497149774409
- provided: 0.05944547917811975
- junction: 0.05772703969575079
- position: 0.05738746857965672
- absence: 0.05730368121067117
- third: 0.05526526926048383
- midline: 0.05332467882804066
- cough: 0.05281056256142051
- its: 0.052008571668639376
- portion: 0.04992268786063043
- obstruction: 0.04860322659015218
- abnormal: 0.03930793935991792
- chronic: 0.03882241343398387
- mild: 0.036294410547276404
- none: 0.03418902430496785
- ;: 0.032668083684719254
- woman: 0.0318371443143372
- normal: 0.021606652493533888
- there: 0.020511541233306268
- is: 0.018138412205958892
- pain: 0.016832389798882817
- or: 0.01615359272522109
- left: 0.015421052730208301
- no: 0.013878131462964547
- to: 0.01377639059493504
- the: 0.013378963035834754
- ,: 0.008732582758622173
- of: 0.007516374245031512
- a: 0.0063967709970742135
- and: 0.005806742120394144
- with: 0.005661492391446277
- .: 0.002290292651441695
