Texto: 
• pelvic mass
• no laboratory abnormality
surgery
2.7 by 3.0 cm mass in left hemipelvis.  mass is isointense with muscle on t1 and mixed intensity on t2 weighted sequences.  mass extends from and enlarges neural foramen at s1/s2 on left.
ganglioglioma
• schwannoma
• neurofibroma
• ganglioneuroma
• ganglioglioma
• neuroblastoma
• ovarian mass
• teratoma
• rhabdomyosarcoma
4 year old girl with normal growth and development.
pediatrician noted pelvic mass on routine physical examination.


Keywords by value: 
- •: 0.19345856192541824
- ganglioglioma: 0.12423034049501819
- enlarges: 0.09527044611479492
- mass: 0.08803414866278256
- pelvic: 0.08659878337198254
- s1/s2: 0.08170733143987997
- hemipelvis: 0.07815570091578392
- ganglioneuroma: 0.07460407039168786
- pediatrician: 0.0738556182704973
- 2.7: 0.07012375565478207
- 3.0: 0.06529824567099181
- rhabdomyosarcoma: 0.059360311589308976
- neurofibroma: 0.05849359234642936
- neural: 0.053418296965856274
- neuroblastoma: 0.052743501749339436
- isointense: 0.05185676428549677
- foramen: 0.05036197500706176
- teratoma: 0.04932391183162298
- ovarian: 0.04827461290775393
- schwannoma: 0.04818350047198082
- mixed: 0.04633238754246335
- development: 0.04594775584147822
- weighted: 0.045872246865954314
- growth: 0.045872246865954314
- extends: 0.04572260043962907
- sequences: 0.04405548582476558
- routine: 0.04230181103888885
- abnormality: 0.038920468442352495
- laboratory: 0.038877675751284764
- intensity: 0.038131736745423465
- muscle: 0.037892780659584506
- girl: 0.03709107939493578
- on: 0.03574770431434213
- t1: 0.0334382164965956
- examination: 0.03279534611696994
- t2: 0.029859120601856196
- 4: 0.02939471487875364
- cm: 0.02829575454095044
- physical: 0.02588278110594121
- surgery: 0.025617272399509564
- noted: 0.025005199857439427
- left: 0.023607537512911475
- by: 0.017566307447467587
- normal: 0.016538425365421
- from: 0.01563500880437299
- at: 0.014293372257180654
- year: 0.011803768756455738
- old: 0.010801661689657464
- no: 0.01062276729263953
- is: 0.0069418614615398225
- and: 0.006667000212304387
- in: 0.005202434940003147
- with: 0.0028889920022194997
- .: 0.0021913293887250787
