Texto: 
- pre-hsg endometrial stripe is thickened and homogeneously hyperechoic.
- hsg after cannulation and inflation of balloon with start of saline instillation.
- hsg - color flow evaluation of pedunculated polypoid lesion.
- hsg - polypoid lesion measured.
- post hsg - collapse of endometrium around polypoid lesion.
endometrial polyp
thickened endometrial stripe in menstruating female, non-pregnant -
1) endometrial polyp
2) endometrial hyperplasia
3) submucosal fibroid
4) endometrial cancer
5) hyperestrogenism
39 year old female with lifelong history of irregular menses now regular x 3-4 years on ocps. new bleeding on ocps.


Keywords by value: 
- endometrial: 0.27425810436307796
- hsg: 0.26504750772597896
- polypoid: 0.16471092878525964
- -: 0.15552411441863462
- ocps: 0.12961525047002234
- stripe: 0.10559703017166598
- polyp: 0.0917787680261334
- pre-hsg: 0.08316526815062734
- hyperestrogenism: 0.08316526815062734
- cannulation: 0.0728010012763999
- non-pregnant: 0.0728010012763999
- thickened: 0.07230022268411626
- menstruating: 0.07008701946081705
- instillation: 0.06798189161823016
- inflation: 0.06626187693149474
- lifelong: 0.0635478951159119
- endometrium: 0.05896763270287699
- start: 0.055897610057267295
- menses: 0.05444335836078372
- saline: 0.05358513403808819
- pedunculated: 0.051078500399097566
- submucosal: 0.051078500399097566
- fibroid: 0.04989771603160695
- lesion: 0.049260996962277016
- balloon: 0.04746536594385129
- 3-4: 0.04725335786977527
- homogeneously: 0.047046009693183045
- measured: 0.04378425617047982
- collapse: 0.04125346384411492
- hyperechoic: 0.04030399661977825
- hyperplasia: 0.039720266396022705
- color: 0.039350259668161566
- 39: 0.03746538997648969
- regular: 0.03717284057325799
- bleeding: 0.03499597122703696
- ): 0.03365743830723138
- around: 0.03356625520696903
- female: 0.03314642021599686
- irregular: 0.03215421370289037
- new: 0.02809233940377885
- now: 0.027557694242468372
- flow: 0.026642017706212415
- x: 0.02659496542780639
- cancer: 0.026501559097780805
- post: 0.025385236161059373
- years: 0.023672105066212097
- 5: 0.023586419079661917
- evaluation: 0.023417347130441583
- 4: 0.02246199910546269
- 1: 0.01918232422603497
- 3: 0.018877127610439054
- 2: 0.017359476382174964
- after: 0.016679256628388702
- on: 0.013658320988026945
- history: 0.011134099412330975
- year: 0.009019861030876554
- old: 0.008254099970398629
- of: 0.005495462301791908
- is: 0.005304629984761562
- in: 0.0039754455673608954
- and: 0.003396396334570159
- ,: 0.0025538685426159187
- .: 0.002344308987560603
- with: 0.0022076259639601838
