Texto: 
commpression fracture of medial tibial plateau of the right knee
tibial plateau fracture
s/p mva


Keywords by value: 
- plateau: 0.7052210532467116
- commpression: 0.5877012282644332
- tibial: 0.5263978631347888
- fracture: 0.30040991070303713
- mva: 0.28341134883324415
- s/p: 0.23896065380746076
- knee: 0.2065660481706851
- medial: 0.18221996757267012
- right: 0.06010878060736111
- of: 0.015533840106398458
- the: 0.00921661898024172
