Texto: 
not available
surgery
• severe congenital spinal stenosis
• large intraspinal mass centered at l4-5 disk space
» extradural vs. intradural
• no enhancement of mass following contrast administration
l4-l5 herniated disc with a sequestered fragment
• extradural tumor
» herniated disk
• intradural tumor
» meningioma
» schwannoma
50 year old man with chronic back pain that has become much worse over past week.
due to the severe congenital spinal stenosis it was difficult to determine if the mass was intra-dural or extra-dural.  the only lumbar disk of relatively normal height was at l4-5 - making a herniation at that level somewhat unlikely.
the patient was returned to mri for a contrast enhanced scan which failed to demonstrate enhancement, thus helping to make the pre-operative diagnosis of hnp (herniated nucleus pulposis).


Keywords by value: 
- »: 0.12029566394224019
- herniated: 0.10465055981233226
- disk: 0.09912565032728726
- l4-5: 0.08114320297196212
- extradural: 0.08053520848026503
- intradural: 0.07885259368517385
- •: 0.05596479827128171
- intra-dural: 0.0551207581092742
- extra-dural: 0.0551207581092742
- pulposis: 0.05306588616319005
- sequestered: 0.0501697068195603
- hnp: 0.04906863053507989
- stenosis: 0.04782083261187667
- helping: 0.047273527475930555
- congenital: 0.04464512813774911
- spinal: 0.04371108871970837
- intraspinal: 0.04273075057078773
- l4-l5: 0.039976018564987836
- pre-operative: 0.039976018564987836
- nucleus: 0.0391665279556521
- severe: 0.03756156857237149
- centered: 0.035777542387115564
- failed: 0.0340890511152282
- making: 0.03384272128614842
- enhancement: 0.032721268087471944
- make: 0.03262159415655099
- height: 0.0321287879316442
- returned: 0.031234765481972727
- determine: 0.030906300387388275
- thus: 0.03036550166070473
- somewhat: 0.030002842193751704
- become: 0.029075616397166056
- unlikely: 0.029075616397166056
- tumor: 0.028460461451583017
- disc: 0.028423117978678716
- much: 0.028255042997177328
- was: 0.028236500634676764
- fragment: 0.028199885525077968
- schwannoma: 0.027877596701646044
- contrast: 0.027325366954398647
- herniation: 0.0271777366419303
- worse: 0.027036289304100448
- difficult: 0.026716747205233364
- relatively: 0.026117593748228352
- enhanced: 0.026117593748228352
- lumbar: 0.02595524909767438
- mass: 0.02546702157744781
- administration: 0.02534043046359407
- at: 0.024809210417820707
- vs: 0.024031999788577126
- meningioma: 0.02347206668896482
- 50: 0.023221414404598604
- that: 0.02108543897941176
- week: 0.020728681559487344
- available: 0.020519421777427122
- space: 0.020189692907690248
- back: 0.020136188109624836
- past: 0.01939428194247453
- only: 0.018352940417749538
- level: 0.01759206448319237
- following: 0.017323412549293916
- chronic: 0.017192783092192857
- scan: 0.01708765328880699
- if: 0.01656245309843311
- due: 0.01628769394966314
- over: 0.015540304215285445
- to: 0.015252432444392366
- surgery: 0.014821421888287677
- man: 0.014435227450642851
- demonstrate: 0.014046086723807433
- mri: 0.014023398963675856
- diagnosis: 0.014015852362717284
- it: 0.013720345603807261
- large: 0.013346731655936283
- -: 0.01308377470505974
- has: 0.011462142646387698
- which: 0.011393889908875347
- normal: 0.009568660389993579
- not: 0.008820133369585252
- a: 0.00849856718182717
- pain: 0.007454344053790962
- or: 0.007153733921169339
- year: 0.006829323351949391
- old: 0.00624953283473039
- no: 0.0061460296478843
- patient: 0.006118513792259914
- for: 0.005207915347447965
- (: 0.005159726616027575
- ): 0.0050966978008093215
- the: 0.004937474453700921
- of: 0.002496510017099752
- ,: 0.0019336433251234812
- with: 0.0016714882298555676
- .: 0.001267840574905224
