Texto: 
non-contributory
surgical removal
• complex extra-ventricular mass in cerebellum
• cystic and solid components
• nodular enhancement
• minimal or no hydrocephalus
juvenile pilocytic astrocytoma
• juvenile pilocytic astrocytoma
• ependymoma
• hemangioblastoma
• abscess
6 y.o. girl with a two week history of headaches and a two day history of vomiting
the patient's maternal uncle was also diagnosed with a jpa as a child.


Keywords by value: 
- •: 0.1843546295995162
- juvenile: 0.1369598629590243
- pilocytic: 0.13229500913029965
- extra-ventricular: 0.12963997682303674
- uncle: 0.10925329504186188
- jpa: 0.10597177222841761
- astrocytoma: 0.09759853525509694
- maternal: 0.07914016499237282
- two: 0.07198033051811781
- hemangioblastoma: 0.06942902737859409
- cerebellum: 0.06251720930145091
- components: 0.06162567074532686
- ependymoma: 0.056251262311584733
- child: 0.05500506777548046
- hydrocephalus: 0.0540272774627035
- nodular: 0.05271190892811634
- complex: 0.05032192467079613
- solid: 0.050122744889799696
- removal: 0.04954089782794394
- minimal: 0.04947764662354114
- headaches: 0.04803591675104821
- vomiting: 0.04797880645654236
- non-contributory: 0.046412297179512896
- diagnosed: 0.046208752305808905
- girl: 0.044182021043967616
- week: 0.04267669732835629
- day: 0.03989646807871955
- abscess: 0.03973288594315099
- 6: 0.03753117884374815
- y.o: 0.03627028577333383
- cystic: 0.036244598636055274
- history: 0.03471219228550245
- enhancement: 0.03368365832533876
- 's: 0.027706567917162427
- surgical: 0.02641502603310961
- also: 0.024773817553972812
- a: 0.023329400106976546
- as: 0.019008492733737174
- mass: 0.01747736774922889
- or: 0.014728275720054522
- was: 0.014533492973730688
- no: 0.0126535904515265
- patient: 0.012596940160535117
- in: 0.006197018090297867
- and: 0.0052943825215358365
- with: 0.0034412992967614627
- of: 0.0034265823764114242
- the: 0.002033077716229791
- .: 0.0010441040028631257
