Texto: 
there is a left-sided crescentic extra-axial region of increased density with associated mass effect and rightward midline shift.
acute subdural hematoma
acute subdural hematoma
73 year old female with mental status changes after a fall.


Keywords by value: 
- subdural: 0.2500466855102742
- crescentic: 0.1669313809284119
- rightward: 0.1669313809284119
- hematoma: 0.16437658802281568
- 73: 0.14216676655343471
- extra-axial: 0.12304969045743738
- acute: 0.1140475313030538
- left-sided: 0.11379319562103803
- shift: 0.10954985105861466
- mental: 0.1077622888287621
- fall: 0.1016019626653565
- midline: 0.08935486722536544
- status: 0.0824412789508555
- effect: 0.08177184467754717
- density: 0.07599003667189079
- changes: 0.06619048584419084
- region: 0.06523246560106251
- increased: 0.056499588697287995
- associated: 0.054498988159667625
- after: 0.047783816286735205
- female: 0.04748000733642794
- there: 0.034370690715269964
- mass: 0.032120567755339585
- year: 0.025840682953322022
- old: 0.023646880996277153
- a: 0.021437827125329798
- is: 0.015197048064452046
- with: 0.006324550058912959
- and: 0.004865108263032931
- of: 0.0031487513729186066
- .: 0.0019188938430997988
