Texto: 
• absent clavicles
• multiple wormian bones
• platyspondyly
• widened pubic symphysis
• squared iliac bones
cleidocranial dysplasia
cleidocranial dyplasia
3 y.o. boy with a questionable bone dysplasia.


Keywords by value: 
- cleidocranial: 0.4793047782481682
- platyspondyly: 0.26201197559375977
- •: 0.25274425025740127
- squared: 0.24893245597736735
- dyplasia: 0.24893245597736735
- bones: 0.2326472432983921
- wormian: 0.23245421004943218
- dysplasia: 0.21761940086740028
- clavicles: 0.20702010165058476
- symphysis: 0.19297758322291234
- pubic: 0.17688109399326754
- widened: 0.16380157437687515
- questionable: 0.1556946573355556
- iliac: 0.13747230749567604
- absent: 0.11946873018096629
- boy: 0.09370070257825713
- y.o: 0.07956062685763549
- bone: 0.06849789295031838
- 3: 0.06454759763569483
- multiple: 0.05805825817675061
- a: 0.012793541994148427
- with: 0.003774328260964185
- .: 0.002290292651441695
