Texto: 
frontal and scapular y views demonstrate the humeral head to be anterior, medial and inferior to the glenoid fossa consistent with an anterior dislocation of the shoulder.
anterior shoulder dislocation
none.
32 year old man who came to the emergency room after falling and hitting his shoulder.


Keywords by value: 
- shoulder: 0.20264002328463737
- dislocation: 0.1576363873870493
- anterior: 0.1294584013978081
- hitting: 0.12770457511710692
- scapular: 0.11975427887969192
- y: 0.11511920480000114
- came: 0.114113453929657
- glenoid: 0.1068278939996083
- falling: 0.09463792896867106
- humeral: 0.08872664672192367
- 32: 0.0835615986738423
- room: 0.07203636995027134
- views: 0.06906301174984325
- fossa: 0.06829018883727704
- emergency: 0.06344683525451521
- inferior: 0.056849340418805155
- medial: 0.05359410810960886
- frontal: 0.052633175185948185
- his: 0.048291941718567294
- head: 0.04752159432497835
- who: 0.04368565508120984
- none: 0.0415631275864315
- consistent: 0.041084279781003985
- man: 0.03962611457039214
- demonstrate: 0.038557885124177266
- after: 0.034666690247239264
- be: 0.025838367124390766
- to: 0.02512165343782272
- an: 0.023169899299700585
- year: 0.01874716214260617
- old: 0.01715558033063244
- the: 0.010843081153225553
- and: 0.010588765043071673
- ,: 0.005308040500338968
- with: 0.0022941995311743083
- of: 0.0022843882509409495
- .: 0.0020882080057262513
