Texto: 
pain in wrist.
cast and immobilization
buckle fracture of distal radius (torus fracture)
torus fracture of the distal radius
buckle fracture
young man fell on wrist during football game. had some pain, which increased overnight to the point he needed to go to the doctor.
see factoid.


Keywords by value: 
- torus: 0.23150255801870226
- buckle: 0.22620252677275138
- radius: 0.17424609480715506
- fracture: 0.16689439483502064
- wrist: 0.14622162864855243
- overnight: 0.11575127900935113
- game: 0.10687029604153842
- go: 0.09741056226809415
- doctor: 0.09588763452296505
- football: 0.0927565913740033
- cast: 0.0919513115232674
- distal: 0.08604735514614914
- immobilization: 0.08511130960722947
- fell: 0.07570612231952144
- point: 0.06915026035151917
- young: 0.06892163376221733
- needed: 0.06892163376221733
- factoid: 0.05547102765952105
- during: 0.04842609722081126
- some: 0.048054226923458496
- see: 0.047226244652384966
- he: 0.04415161744505591
- increased: 0.038712681144438064
- pain: 0.03865215435299017
- man: 0.03742466376092591
- had: 0.034145367022976075
- which: 0.029539714578565714
- to: 0.023726006024610346
- on: 0.013405389117878298
- (: 0.013377069004515935
- ): 0.013213660965061205
- in: 0.007803652410004721
- the: 0.0076805158168681
- ,: 0.0050131493614312475
- of: 0.004314955585110683
- and: 0.0033335001061521935
- .: 0.0026295952664700945
