Texto: 
skin lesion lower back in midline.
none to date
conus tethered at l3/l4 level.
intradural lipoma surrounding filum terminale at l5 level.
spine,  tethered  cord
thickened filum terminale with lipoma
epidermoid tumor
caudal regression syndrome
15 month old female underwent mri to evaluate hemangioma on back.


Keywords by value: 
- filum: 0.2516714961242403
- terminale: 0.2516714961242403
- tethered: 0.22448925374934048
- l3/l4: 0.15926218124326574
- lipoma: 0.15667595522986122
- back: 0.11055162099401872
- regression: 0.10896905658715716
- intradural: 0.10822905015612096
- caudal: 0.1068278939996083
- conus: 0.10101876034974219
- level: 0.09658388343713459
- l5: 0.09392483790649703
- date: 0.08419078131210701
- epidermoid: 0.079815417560848
- thickened: 0.07513552553447377
- hemangioma: 0.07486874804318398
- evaluate: 0.06772992663249162
- 15: 0.06683032651973293
- midline: 0.06482608014389256
- skin: 0.06435546931841134
- cord: 0.06367007686677258
- underwent: 0.057494039911337634
- spine: 0.05517850090206564
- surrounding: 0.05508167185028952
- month: 0.05026695178040411
- syndrome: 0.04791973679871846
- at: 0.04540247658163266
- none: 0.0415631275864315
- tumor: 0.039063378462957085
- mri: 0.038495604998325876
- lower: 0.03768356998752672
- female: 0.03444627983231046
- lesion: 0.03412853384314617
- old: 0.01715558033063244
- to: 0.01674776895854848
- on: 0.014193941418929962
- in: 0.008262690787063822
- ,: 0.005308040500338968
- .: 0.002784277340968335
- with: 0.0022941995311743083
