Texto: 
bilateral lower extremity weakness and loss of sensation
neurosurgical consultation for decompression
ap myelogram radiograph demonstrates attenuation of the intrathecal contrast column at l2-l3 and l3-l4. a representative axial ct images demonstrates a broad disc protrusion and moderate facet arthropathy and ligamentum flavum thickening resulting in moderate to severe central canal stenosis.
spine, spinal stenosis
spinal stenosis
severe low back pain; patient is barely able to ambulate; he experienced severe pain during the imaging procedure.


Keywords by value: 
- stenosis: 0.12397993640116173
- severe: 0.09738184444688903
- moderate: 0.08296783478046411
- barely: 0.08170733143987997
- intrathecal: 0.08040658433299323
- myelogram: 0.07716751933956742
- l2-l3: 0.07716751933956742
- spinal: 0.0755500298859157
- representative: 0.0754008422575838
- flavum: 0.0754008422575838
- ambulate: 0.0754008422575838
- l3-l4: 0.0724824622814822
- ligamentum: 0.07124686402769227
- neurosurgical: 0.07012375565478207
- column: 0.06360440466465249
- protrusion: 0.060786396615504584
- arthropathy: 0.059360311589308976
- consultation: 0.05891934760656726
- facet: 0.05603521364136349
- decompression: 0.05586492571380379
- broad: 0.05473446653447674
- experienced: 0.05473446653447674
- ;: 0.050010399714878855
- able: 0.049728724459067314
- disc: 0.049126376753271854
- sensation: 0.04845888019437956
- resulting: 0.04633238754246335
- demonstrates: 0.04608941238649842
- procedure: 0.044186129149833935
- attenuation: 0.04241507494353134
- canal: 0.04191337561350879
- weakness: 0.0391803870744245
- extremity: 0.03858220950175849
- ap: 0.03858220950175849
- thickening: 0.035760797156708046
- back: 0.034803288090709594
- spine: 0.034742019086485776
- central: 0.034711498232839
- radiograph: 0.03360430436939954
- during: 0.03228406481387417
- loss: 0.030623014474919004
- axial: 0.030108536741578658
- he: 0.029434411630037276
- low: 0.029335408060079005
- pain: 0.02576810290199345
- bilateral: 0.0256026880162277
- imaging: 0.02471696079574818
- lower: 0.023726692214368673
- contrast: 0.023614514651949445
- images: 0.020237825826535234
- ct: 0.014756835227062257
- at: 0.014293372257180654
- patient: 0.01057520902365911
- to: 0.010544891566493486
- a: 0.009792587699224722
- for: 0.009001335168428581
- and: 0.00888933361640585
- is: 0.0069418614615398225
- in: 0.005202434940003147
- the: 0.003413562585274711
- ,: 0.0033420995742874985
- of: 0.002876637056740455
- .: 0.0013147976332350472
