Texto: 
non-contributory.  the patient did not complain of a palpable breast mass.
the patient is scheduled for surgical excision.  node status has not yet been ascertained.
there is an irregularly shaped mass with spiculated borders in the upper outer quadrant of the left breast, middle 1/3 of breast.
infiltrating ductal carcinoma
neoplasm
fat necrosis
radial scar
66 year old female presented for a screening mammogram.


Keywords by value: 
- breast: 0.13320667368298109
- ascertained: 0.10463695863164237
- irregularly: 0.07827354768936642
- 1/3: 0.07827354768936642
- complain: 0.0753490495938982
- spiculated: 0.07330423255383484
- yet: 0.06746713708776547
- borders: 0.06697289314676168
- infiltrating: 0.06536804442353325
- 66: 0.06473254533507594
- outer: 0.06392749725282314
- scar: 0.06280013517291418
- mammogram: 0.06280013517291418
- shaped: 0.06126211697622415
- scheduled: 0.060628998837318995
- ductal: 0.0567327701575275
- radial: 0.055178572169233615
- node: 0.05507385416236717
- screening: 0.051338513083497836
- excision: 0.04939789755725765
- necrosis: 0.04750846075274232
- non-contributory: 0.04445121420009686
- middle: 0.04401632351609067
- did: 0.043456600577365126
- status: 0.04296235663636132
- palpable: 0.042656634402813955
- quadrant: 0.04235740752093035
- neoplasm: 0.04098812078749195
- fat: 0.036604398913825824
- not: 0.03478362455611086
- carcinoma: 0.034111657324167134
- mass: 0.03347777484359337
- presented: 0.03280785401440013
- been: 0.032743589992450584
- upper: 0.029043387399559414
- surgical: 0.025298898172555685
- female: 0.02474310241475822
- patient: 0.024129350166658816
- has: 0.022601408035130676
- for: 0.020538257708245498
- there: 0.01791148671077449
- an: 0.01664316710260183
- is: 0.015839176855907765
- left: 0.013466271398210067
- year: 0.013466271398210067
- old: 0.01232302249101767
- a: 0.011171825403340881
- the: 0.007788692095978918
- in: 0.005935172255496548
- of: 0.004922695808365708
- ,: 0.003812817824187146
- .: 0.00299996079695884
- with: 0.0016479461421111232
