Texto: 
non-functional teenager, requires full time care
anti-seizure medication
•partial agnesis of corpus callosum
•no midline separation of midportions of cerebral hemsipheres
•heteroptic gray matter
•intact hypothalamus 
•paritial fusion of the thalami
middle interhemispheric variant of holoprosencephaly
•alobar holoprosencephaly
•agenesis of the corpus callosum
•open lip schizencephaly
13 year old mentally handicapped boy with severe seizure disorder.


Keywords by value: 
- holoprosencephaly: 0.1989998615945888
- •partial: 0.15199169696493964
- agnesis: 0.15199169696493964
- hemsipheres: 0.15199169696493964
- •heteroptic: 0.15199169696493964
- •intact: 0.15199169696493964
- •paritial: 0.15199169696493964
- •alobar: 0.15199169696493964
- •agenesis: 0.15199169696493964
- •open: 0.15199169696493964
- callosum: 0.15119660776286842
- corpus: 0.1451844219992554
- midportions: 0.14004088350700952
- handicapped: 0.14004088350700952
- non-functional: 0.12424276744021376
- teenager: 0.12424276744021376
- anti-seizure: 0.12424276744021376
- mentally: 0.12424276744021376
- •no: 0.11844152198122733
- hypothalamus: 0.10418844313321925
- interhemispheric: 0.10122550766896651
- schizencephaly: 0.10122550766896651
- lip: 0.0994999307972944
- thalami: 0.09278502102554055
- separation: 0.08560984176304207
- requires: 0.0782560742232835
- medication: 0.07421825719740774
- gray: 0.07208257647822176
- variant: 0.07018252233798704
- 13: 0.06654640286836616
- disorder: 0.06618594278527455
- fusion: 0.06571676065553515
- seizure: 0.06514768657849775
- full: 0.06364749042350412
- matter: 0.058008275351737894
- midline: 0.05700224288514691
- middle: 0.05388205120073169
- care: 0.05314098529428884
- cerebral: 0.051042181064897774
- boy: 0.05008140999872364
- severe: 0.0453329275873449
- time: 0.04161381426274677
- year: 0.016484573608153703
- old: 0.015085079256245769
- of: 0.012052117323929837
- the: 0.004767216713918131
- ,: 0.004667414922711851
- with: 0.002017313380860168
- .: 0.0006120609671956254
