Texto: 
the patient complained of back pain and pain on inspiration.
patient was hemodynamically stable. supportive care was rendered.
<li> left abdominal wall swelling and soft-tissue air.
<li>fluid within gerota's fascia associated with renal laceration may represent blood, urine, or a combination of each.
grade iv renal laceration
none
22 y/o male presenting to trauma center with history of motor cycle crash.
delayed imaging after contrast is critical in order to identify the true nature of renal injuries and appropriately categorize the injury in order to guide treatment.


Keywords by value: 
- laceration: 0.1020509904180838
- li: 0.08927134405735652
- order: 0.08397880256496552
- categorize: 0.07963109062163287
- renal: 0.07551398674876673
- rendered: 0.06886038190920042
- gerota: 0.06488523379049292
- <: 0.06466795151964295
- crash: 0.06128008888730354
- guide: 0.06055354014069843
- inspiration: 0.05865004980304198
- fascia: 0.055686511843503414
- >: 0.05566995126801107
- cycle: 0.054869045089198994
- hemodynamically: 0.05411452507806048
- critical: 0.05214716531862763
- appropriately: 0.05214716531862763
- soft-tissue: 0.050509380174871096
- identify: 0.05001908193394304
- true: 0.04596454940119026
- complained: 0.04422993461531694
- each: 0.04334381636562803
- combination: 0.0422025384063691
- center: 0.041083780496884575
- urine: 0.04043304452683681
- nature: 0.03965523332843954
- injuries: 0.03909024202611958
- 22: 0.03736835409824548
- supportive: 0.037044762956400676
- represent: 0.03679336657783854
- motor: 0.034985238743196194
- stable: 0.034531505874921625
- presenting: 0.03414509441863852
- delayed: 0.034097846512403725
- grade: 0.03191016463677422
- iv: 0.030572793504520527
- care: 0.030217423010477966
- air: 0.028345712025019273
- swelling: 0.02790991043118757
- back: 0.02763790524850468
- injury: 0.026707926881262743
- wall: 0.02426626588469359
- fluid: 0.023810187300037776
- y/o: 0.023202245390388634
- trauma: 0.022911850801548325
- blood: 0.022866775220679408
- abdominal: 0.020940384687471718
- none: 0.02078156379321575
- pain: 0.020462905245700682
- associated: 0.019769240803016685
- imaging: 0.01962817474956473
- was: 0.019377990631640918
- contrast: 0.018752702811842208
- 's: 0.018471045278108285
- may: 0.018375768322530624
- after: 0.017333345123619632
- treatment: 0.01695702901569497
- patient: 0.016795920214046824
- within: 0.015981680474373348
- male: 0.01514907390085758
- to: 0.01256082671891136
- history: 0.011570730761834151
- or: 0.009818850480036348
- left: 0.009373581071303086
- in: 0.008262690787063822
- on: 0.007096970709464981
- is: 0.00551265469004633
- ,: 0.005308040500338968
- and: 0.0052943825215358365
- of: 0.004568776501881899
- the: 0.004066155432459582
- a: 0.0038882333511627573
- .: 0.0024362426733472936
- with: 0.0022941995311743083
