Texto: 
negative
none required.
linear enhancing lesion in the interhemispheric fissue with branching tributaries consistent with developmental venous anomaly (dva, also called "venous angioma".
dva, developmental venous anomaly, venous angioma
• developmental venous anomaly
• venous angioma
• venous malformation
• cerebral lightning bolt
20 year old man with migraine headaches. no trauma. he was concerned that he might have a brain tumor. ct scan revealed high density lesion adjacent to medial aspect of right frontal lobe.


Keywords by value: 
- venous: 0.24673294692272618
- angioma: 0.17075645230214245
- anomaly: 0.1442233276805429
- dva: 0.14037411578071
- developmental: 0.13538629559686047
- bolt: 0.10017634572689203
- lightning: 0.09229967322052901
- fissue: 0.08188727854014088
- tributaries: 0.08188727854014088
- •: 0.07122792507254036
- interhemispheric: 0.06671681187272793
- concerned: 0.0650508633023657
- migraine: 0.06272365406775192
- branching: 0.061526375480731164
- might: 0.055059392163799736
- he: 0.0541860759552959
- called: 0.0509634668600019
- linear: 0.04116547242132145
- lesion: 0.03955807331819215
- malformation: 0.038731211960299765
- headaches: 0.0371186629439918
- required: 0.03495142627030982
- 20: 0.034914945865420634
- cerebral: 0.03364143752004626
- density: 0.03195035632795408
- revealed: 0.031164476021205607
- medial: 0.0310602217453415
- adjacent: 0.030702684592434856
- aspect: 0.03050331743731088
- frontal: 0.03050331743731088
- enhancing: 0.030454017419144993
- brain: 0.02921990367389502
- negative: 0.029001365470169026
- scan: 0.027184902959465664
- high: 0.026574387057691086
- trauma: 0.02655691797452192
- lobe: 0.026128697135494705
- none: 0.024087721669409166
- ``: 0.02386517088217974
- consistent: 0.023810207600354582
- '': 0.023406244340707306
- man: 0.02296513458056817
- tumor: 0.022639003427395582
- have: 0.021027705435966954
- also: 0.019143404473524448
- that: 0.016772508279077537
- ct: 0.013582996061273216
- was: 0.011230426388791896
- year: 0.010864832605374032
- right: 0.010245814876254736
- old: 0.009942438600707438
- no: 0.009777774439815931
- ,: 0.009228752233543887
- (: 0.00820865598004387
- to: 0.004853046686852117
- in: 0.004788604887957443
- a: 0.004506815929756833
- with: 0.003988778730337149
- .: 0.002420422915728155
- the: 0.0015710145989048386
- of: 0.0013239068272498686
