Texto: 
wheezing and tachypnea noted on physical exam.  no pertinent labs.
no treatment required specifically for the pneumomediastinum.  the asthma was treated in standard fashion.
plain films show air lucencies in the neck.  ct images demonstrate air dissecting through the mediastinal structures and tissue planes of the neck and right shoulder.
pneumomediastinum
pneumomediastinum
boerhaave syndrome
fractured airway
19 year old female with long history of asthma presents with wheezing.
asthma is a common cause of pneumomediastinum.


Keywords by value: 
- pneumomediastinum: 0.2563378728915671
- asthma: 0.17064483837630354
- wheezing: 0.11914017862791826
- boerhaave: 0.0846236018643186
- dissecting: 0.08276636475796609
- air: 0.06966897895305943
- fashion: 0.06792126016407894
- fractured: 0.0633755465358685
- lucencies: 0.06176673457653689
- tachypnea: 0.06117890127329072
- neck: 0.060463690048638136
- planes: 0.059078258054678943
- pertinent: 0.05792994263534973
- specifically: 0.057712852207606614
- airway: 0.05729006522192867
- standard: 0.052685146596098575
- 19: 0.047473748201992134
- mediastinal: 0.04371244118223787
- films: 0.04249700473821642
- shoulder: 0.04150458308239561
- structures: 0.03963934319077969
- required: 0.03705693387695499
- labs: 0.03580691574620649
- long: 0.035496644708828
- cause: 0.034834489476529715
- plain: 0.03343691220107331
- show: 0.03160428836736899
- treated: 0.030817479952817584
- syndrome: 0.029444657551019777
- through: 0.029240446005070708
- common: 0.02694297845730599
- physical: 0.025259099633508895
- noted: 0.024402664921115588
- tissue: 0.024402664921115588
- demonstrate: 0.023692194473892057
- exam: 0.022617276384934194
- female: 0.02116578640298595
- presents: 0.021031858982023203
- treatment: 0.020838758549408278
- no: 0.0207335939928627
- images: 0.019750167372883785
- ct: 0.014401248836048711
- history: 0.014219452261531125
- was: 0.011906958098960082
- year: 0.011519340593649575
- right: 0.01086303263988454
- old: 0.010541380685087405
- in: 0.010154150123861566
- for: 0.008784435525815846
- on: 0.008721578462234073
- the: 0.008328270162869024
- is: 0.0067745876913822365
- and: 0.00650634960477898
- a: 0.004778310865284353
- of: 0.0042109807517345214
- .: 0.003421642033479159
- with: 0.002819377737105777
