Texto: 
non-contributory
surgery
lipid containing extra-axial mass occupying arising from the cribiform fossa.  there are also some lipid collections in the sylvian fissure on the right and interhemispheric fissue.
ruptured dermoid inclusion cyst
dermoid inclusion cyst, ruptured
epidermoid inclusion cyst
retained pantopaque
lipoma
chronic headaches for many years.   mri requested after patient had an abnormal ct done at outside hospital


Keywords by value: 
- inclusion: 0.2504843029750992
- lipid: 0.18475511588611132
- ruptured: 0.1411450975079199
- dermoid: 0.12366785708375787
- pantopaque: 0.11792419147375567
- fissue: 0.11438223034178409
- cribiform: 0.11148823737680068
- cyst: 0.10935100647743345
- interhemispheric: 0.09319173721904854
- sylvian: 0.09015911441329125
- retained: 0.08647972371396863
- occupying: 0.08442874384920662
- requested: 0.07915677821392703
- collections: 0.07295255109191097
- fissure: 0.07272082411697203
- extra-axial: 0.07226727852262195
- containing: 0.06886002554743319
- epidermoid: 0.06461248088259124
- lipoma: 0.06341645806922953
- outside: 0.056895393763681135
- done: 0.056230458180996055
- arising: 0.05614926610692033
- many: 0.0557494208874194
- fossa: 0.05528253382065284
- headaches: 0.05184829109636949
- hospital: 0.05106502325346227
- non-contributory: 0.050095812828680586
- some: 0.04118933736296443
- years: 0.03982925614315051
- abnormal: 0.0386840038145224
- chronic: 0.03820618464931746
- surgery: 0.03293649308508373
- mri: 0.03116310880816857
- had: 0.02926745744826521
- after: 0.02806351115252702
- also: 0.026739993550319863
- there: 0.020185961213729977
- from: 0.02010215417705099
- ct: 0.01897307386336576
- mass: 0.018864460427739118
- an: 0.018756585147376662
- are: 0.018490061468723836
- at: 0.01837719290208941
- right: 0.014311614430324074
- patient: 0.013596697316133142
- for: 0.011573145216551032
- on: 0.011490333529609969
- in: 0.006688844922861189
- the: 0.006583299271601228
- ,: 0.004296985166941069
- and: 0.0028572858052733087
- .: 0.001690454099873632
