Texto: 
well female.
this patient had an uncomplicated pregnancy with the aid of in vitro fertilization with embryo transfer (ivf-et).
there is normal uterine contour. the left fallopian fills and spills normally in the context of mild proximal irregularities. the right fallopian tube fills partially, demonstrating a nodular and beaded appearance and then terminating without evidence of spill into the peritoneal cavity.
salpingitis isthmica nodosa
salpingitis isthmica nodosa, tuberculous salpingitis
30 y/o female with multple failures to conceive, presenting via obsterics and gynecology fertility clinic.


Keywords by value: 
- salpingitis: 0.22756043720628624
- isthmica: 0.16246118179575553
- nodosa: 0.13510785581406584
- fills: 0.11469942303115839
- fallopian: 0.10592271136943657
- ivf-et: 0.09279493077859471
- obsterics: 0.09279493077859471
- vitro: 0.0854986446674374
- spills: 0.0854986446674374
- multple: 0.0854986446674374
- fertilization: 0.07820235855628008
- embryo: 0.07820235855628008
- failures: 0.07585347906876208
- spill: 0.07393430478672045
- conceive: 0.07393430478672045
- beaded: 0.07090607244512276
- terminating: 0.06855719295760476
- gynecology: 0.06855719295760476
- context: 0.06663801867556313
- fertility: 0.06663801867556313
- transfer: 0.06428913918804513
- tuberculous: 0.06297163242010823
- irregularities: 0.062369964906003515
- aid: 0.056647697047172124
- uncomplicated: 0.05061247619720029
- peritoneal: 0.04680074285788923
- uterine: 0.0461547539486651
- normally: 0.0443194551366148
- contour: 0.043607258836890435
- partially: 0.04116045942661125
- clinic: 0.04019269631791982
- cavity: 0.03937204851297549
- demonstrating: 0.039048136316483344
- pregnancy: 0.038672156499619345
- via: 0.038610778391084684
- tube: 0.03790087017218434
- nodular: 0.03773062954854644
- female: 0.03698442676732281
- presenting: 0.03666104874422241
- 30: 0.034590414067948154
- then: 0.03201017766760095
- proximal: 0.027005717702179105
- appearance: 0.025725332386680438
- y/o: 0.02491188452441727
- mild: 0.02368687846243302
- evidence: 0.023583606140703976
- into: 0.02140343545220744
- without: 0.021179085961664845
- well: 0.020348220557564748
- had: 0.019408945465691666
- normal: 0.014101183732622116
- there: 0.013386479541736723
- an: 0.01243857751878663
- this: 0.010117233824359294
- left: 0.01006426599234647
- right: 0.009490860095899122
- patient: 0.009016757167540926
- in: 0.008871520634531683
- ,: 0.008548738911072233
- (: 0.0076038076446722155
- and: 0.00757932655714604
- ): 0.0075109230748768956
- the: 0.007276278142296094
- is: 0.0059188502987865856
- to: 0.0044954537730840655
- a: 0.004174734755985276
- with: 0.003694868718628097
- of: 0.0036790673936206875
- .: 0.002242075964042923
