Texto: 
n/c
initial multiple mr images demonstrate a ring-enhancing lesion in the site of glioma, previously treated with radiation therapy, with some areas of nodular changes.  

mr spectroscopy of normal site, te = 144 msec, which demonstrates prominent n-acetylaspartate (naa) peak at the 2.0 ppm, which is the normal neuronal marker.  creatine peak at 3.0 ppm and choline peak at 3.2 ppm are also demonstrated, showing normal relationships.

mr spectroscopy of the abnormal site, te = 144 msec, which demonstrates elevation of the choline peak, and the suppression of the naa peak, along with an inverted peak at the 1.0-1.2 ppm, which is the lactate peak (which characteristically inverts at te = 144 msec).  these findings suggest tumor recurrence with some areas of necrosis, rather than radiation-induced changes.
recurrent high-grade astrocytoma
• residual tumor
• recurrent tumor
• radiation effect
• normal brain
• post-operative changes
38 y.o. white male with previously diagnosed high-grade glioma in the left parietal lobe, s/p radiation treatment.


Keywords by value: 
- peak: 0.18306410181556718
- ppm: 0.1597682594160561
- msec: 0.14218578103171772
- te: 0.11328643475384585
- 144: 0.10864640132720423
- naa: 0.07552428983589723
- choline: 0.07386675564420629
- =: 0.07233524328516398
- spectroscopy: 0.07003154119325218
- high-grade: 0.0625783457033603
- site: 0.05825018930467262
- 1.0-1.2: 0.047395260343905905
- inverts: 0.047395260343905905
- radiation: 0.04522985886390865
- mr: 0.04379353987010377
- n-acetylaspartate: 0.04366866259895997
- which: 0.04288023083985346
- •: 0.04212404170956688
- radiation-induced: 0.04148874266289456
- glioma: 0.04142659993232894
- relationships: 0.039942064854014026
- changes: 0.03950077381024291
- recurrent: 0.03877454054973202
- creatine: 0.038742368341572034
- previously: 0.03859969623928277
- ring-enhancing: 0.03403554717300268
- inverted: 0.03403554717300268
- neuronal: 0.03248886936412214
- lactate: 0.03216293053715206
- tumor: 0.03213277905823889
- n/c: 0.03185562723693728
- 3.2: 0.03185562723693728
- characteristically: 0.031564943251613214
- suppression: 0.03128917285168015
- at: 0.031122665398699813
- areas: 0.030917711518774912
- 2.0: 0.030308949428056734
- marker: 0.02987861229002697
- normal: 0.02880886999137852
- 3.0: 0.028436332792206115
- some: 0.027902454342653326
- post-operative: 0.026582351683110794
- 38: 0.024477626596371954
- residual: 0.02280004002937159
- elevation: 0.02269031491307478
- rather: 0.021838323832581365
- showing: 0.021143637104194233
- demonstrates: 0.020071195716700928
- recurrence: 0.020042591874914594
- parietal: 0.0196275938174354
- suggest: 0.019566498340820804
- nodular: 0.01927102046834361
- s/p: 0.01927102046834361
- ,: 0.018920595977014707
- prominent: 0.018856186701963942
- necrosis: 0.01813495007228336
- astrocytoma: 0.017840592465985464
- diagnosed: 0.016893522348360245
- effect: 0.016266442220802393
- white: 0.015237119423182892
- initial: 0.015223559910103808
- along: 0.015183085359454389
- brain: 0.013824470555391195
- treated: 0.01375188621550462
- demonstrated: 0.013480752593854664
- y.o: 0.013260104476272582
- abnormal: 0.013102646453305975
- lobe: 0.012361964236148033
- therapy: 0.012283015033551684
- than: 0.012037897069453086
- these: 0.01195615425783785
- demonstrate: 0.01057232334050022
- findings: 0.009778693203171826
- multiple: 0.00967637636279177
- lesion: 0.00935782379570137
- treatment: 0.009299015911832726
- also: 0.00905709458962447
- images: 0.008813246730910506
- male: 0.008307556655308997
- (: 0.007767330389718931
- ): 0.0076724483022936035
- the: 0.007432757242130419
- an: 0.006353036904756613
- are: 0.006262762755535493
- is: 0.006046137401986298
- left: 0.005140350910069434
- in: 0.004531153012260806
- of: 0.0043845516429350485
- with: 0.0031452735508034875
- a: 0.0021322569990247383
- and: 0.001935580706798048
- .: 0.0013360040466743222
