Texto: 
stool (+) for blood, exam otherwise wnl
surgical resection
single contrast barium enema demonstrates a 3 cm "apple core" annular constricting lesion at the hepatic flexure of the colon.
colon cancer
• benign strictures resulting from diverticulitis
• annular carcinoma
• lymphoma
72 year old man with a history of painless bleeding per rectum


Keywords by value: 
- annular: 0.1763052633116779
- constricting: 0.11449347124851975
- colon: 0.11186443032741131
- apple: 0.10551019623630829
- strictures: 0.0932773766516383
- flexure: 0.08766950604128473
- 72: 0.08075377517357295
- enema: 0.0795411192688658
- rectum: 0.0795411192688658
- core: 0.07896634966767964
- stool: 0.07841074266321978
- •: 0.0783507175797944
- +: 0.07347998627837075
- wnl: 0.07307836041871973
- diverticulitis: 0.07307836041871973
- painless: 0.07156216411529097
- barium: 0.06904482649174319
- resulting: 0.06254872318232552
- per: 0.06233907681221119
- bleeding: 0.06182621583443196
- hepatic: 0.059474905863433535
- single: 0.05772767150817386
- otherwise: 0.05115525389043908
- benign: 0.04915083945055335
- cancer: 0.04681942107274609
- resection: 0.04441526092533698
- lymphoma: 0.0407033105731581
- carcinoma: 0.040365461166931106
- blood: 0.03887351787515499
- cm: 0.0381992686302831
- ``: 0.03500225062719695
- '': 0.03432915836637072
- man: 0.03368219738483332
- 3: 0.03334959211177566
- contrast: 0.031879594780131755
- exam: 0.0312872323324923
- demonstrates: 0.031110353360886432
- surgical: 0.02993702950419089
- lesion: 0.029009253766674244
- from: 0.02110726188590354
- history: 0.019670242295118056
- at: 0.01929605254719388
- year: 0.015935087821215246
- old: 0.014582243281037577
- a: 0.013219993393953376
- for: 0.012151802477378584
- (: 0.012039362104064342
- ): 0.011892294868555085
- the: 0.00460830949012086
- ,: 0.004511834425288123
- of: 0.0038834600265996145
- with: 0.0019500696014981623
- .: 0.0005916589349557712
