Texto: 
n/a
f/u images 2 mos after accident show healed fx.
plain film and axial and sagittal recontructed images of minimally displaced chance fracture l1. ct images obtained 2 mos after inital images demonstrate healed fx.
chance-type fracture
n/a
h/o restrained driver s/p high speed mva


Keywords by value: 
- mos: 0.2573525455979683
- fx: 0.24249108960052113
- healed: 0.21466486574320215
- recontructed: 0.18365663383263536
- chance-type: 0.18365663383263536
- inital: 0.13788112180479745
- images: 0.13660532432911282
- restrained: 0.13568611106192607
- n/a: 0.12896694363996192
- l1: 0.1246313558314642
- speed: 0.12124554480026056
- chance: 0.11659672081454786
- f/u: 0.11081272630208369
- driver: 0.10899998928146643
- fracture: 0.0938780970946991
- h/o: 0.09289186660993555
- minimally: 0.09262647023957243
- mva: 0.0885660465103888
- displaced: 0.08177436032801551
- accident: 0.0808550935590793
- 2: 0.07667102068793942
- s/p: 0.07467520431483149
- after: 0.07366671677538343
- sagittal: 0.07100722192721623
- film: 0.06837768615081204
- obtained: 0.06328887709883003
- plain: 0.057817994014355924
- show: 0.05464908196857554
- axial: 0.05080815575141399
- high: 0.04871970960576699
- demonstrate: 0.04096775294443834
- ct: 0.02490215944566756
- and: 0.0075003752388424355
- of: 0.0024271625166247587
- .: 0.002218721006084142
