Texto: 
see above
neg for hiv
antibiotics following stereotactic drainage.
• ring enhancing lesion right thalamus.
• ring is low signal on t2 images.
• central necrosis.
• restricted diffusion on adc map and dwi images.
thalamic abscess due to streptococcus intermedius
• abscess
• metastatic lesion
• glioma
• tumefactive ms
35 year old previously healthy man presents to er with headache, decline in mental status, and right hemiplegia.

no history of drug abuse.


Keywords by value: 
- •: 0.1510375278646639
- ring: 0.09569473102428692
- intermedius: 0.07627243101419877
- thalamic: 0.07138730922976307
- stereotactic: 0.07011790542665672
- streptococcus: 0.0689695900073275
- decline: 0.0689695900073275
- thalamus: 0.06843402660285963
- hemiplegia: 0.06792126016407894
- map: 0.06650218744532735
- tumefactive: 0.06650218744532735
- abscess: 0.06510448781046427
- neg: 0.06303613837964324
- adc: 0.06146923322002639
- abuse: 0.059823744846463134
- hiv: 0.05708410819350336
- ms: 0.05502437568574867
- dwi: 0.05468496752952341
- drug: 0.0528277304231709
- mental: 0.048038610682701176
- restricted: 0.04738212652265214
- 35: 0.04738212652265214
- glioma: 0.046417756550681824
- healthy: 0.046417756550681824
- diffusion: 0.04608537153238267
- previously: 0.04325026205124455
- drainage: 0.04305748685429947
- lesion: 0.04194108978314349
- necrosis: 0.040639767631863916
- images: 0.03950033474576757
- er: 0.039496194662023636
- antibiotics: 0.038671281417716884
- above: 0.03773420068226285
- status: 0.03675093158050185
- headache: 0.03536127033211805
- central: 0.03387507658867421
- enhancing: 0.03228859678174409
- see: 0.030725508569021547
- following: 0.029220213938568055
- t2: 0.02913962371988376
- low: 0.028628530757426503
- due: 0.027473218710275176
- signal: 0.027145473858708177
- metastatic: 0.02591698076645892
- man: 0.024348576422771075
- right: 0.02172606527976908
- presents: 0.021031858982023203
- on: 0.017443156924468146
- history: 0.014219452261531125
- year: 0.011519340593649575
- old: 0.010541380685087405
- no: 0.01036679699643135
- to: 0.010290797793806898
- for: 0.008784435525815846
- is: 0.0067745876913822365
- ,: 0.0065231341088502984
- in: 0.005077075061930783
- and: 0.004337566403185987
- .: 0.002993936779294264
- with: 0.0014096888685528886
- of: 0.001403660250578174
