Texto: 
n/a
1. rehydration and decompression
2. orperative pyloromyotomy
there is a long segment of increase muscular thickness with coaptation of the lumen of the  pylorus.  the length of the pyloric canal is 1.5 cm.  this is greater than the 1.2cm normal length.  the muscle thickness is .46cm which exceeds the greater than or equal to 3mm thickness of normal.  during the study40 cc of water was instilled into the stomach, and no fluid was seen to pass through the pylorus.
hypertrophic pyloric stenosis
pylorospasm
this is a 2 month old male, who was born at 29 weeks, now presents with a history of coffee ground emesis, weight loss, and concern for pyloric stenosis.


Keywords by value: 
- pyloric: 0.12868574667338753
- thickness: 0.10666449621053818
- pylorus: 0.08844054699663377
- orperative: 0.07109289051585886
- .46cm: 0.07109289051585886
- study40: 0.07109289051585886
- length: 0.06907933759376196
- rehydration: 0.06550299389843994
- coaptation: 0.06223311399434184
- coffee: 0.059913097281021024
- 1.2cm: 0.058113552512358044
- instilled: 0.056643217376922926
- pyloromyotomy: 0.05432320066360211
- exceeds: 0.05432320066360211
- stenosis: 0.05399126262631237
- pylorospasm: 0.05337333747282482
- greater: 0.051769618672104854
- 3mm: 0.045463424142085096
- muscular: 0.04095039359421879
- hypertrophic: 0.04004331308271322
- pass: 0.039707242950450576
- water: 0.03907440734205143
- emesis: 0.0389236643338889
- ground: 0.03794068193381602
- cc: 0.03694687031749386
- decompression: 0.03649241115175893
- than: 0.03611369120835926
- equal: 0.03606220162994205
- born: 0.035958141913523436
- 29: 0.035958141913523436
- 1.5: 0.03445341646529431
- concern: 0.03428363090724727
- lumen: 0.03318579079172646
- stomach: 0.030472305012523137
- segment: 0.03006388781237189
- increase: 0.028906530702515414
- canal: 0.027378898586243646
- n/a: 0.024961343930315214
- muscle: 0.02475254220505117
- weight: 0.02470117568661988
- was: 0.023909940053556938
- long: 0.023759850893812287
- now: 0.02355738378791651
- is: 0.022673015257448612
- 2.: 0.021914872111292404
- normal: 0.021606652493533888
- 1.: 0.021525719083045167
- during: 0.021088784273579096
- month: 0.02067431081290814
- loss: 0.020003743326358382
- fluid: 0.019585799230676236
- through: 0.019572234019523134
- weeks: 0.019558691587912486
- cm: 0.01848351707916924
- who: 0.017967487170497596
- into: 0.016397793289997634
- this: 0.015502213117969888
- 2: 0.014839552391214083
- presents: 0.014077776576676821
- seen: 0.013617964637642662
- which: 0.012864069251956038
- male: 0.012461334982963493
- the: 0.011149135863195629
- ,: 0.010915728448277717
- there: 0.010255770616653134
- a: 0.009595156495611322
- history: 0.009517859175057123
- at: 0.009336799619609943
- or: 0.008076796362610545
- old: 0.007055924168243989
- no: 0.0069390657314822735
- to: 0.00688819529746752
- of: 0.006576827464402572
- for: 0.0058799044245380246
- and: 0.004355056590295608
- with: 0.0018871641304820926
- .: 0.0017177194885812713
