Texto: 
none
there is a well circumscribed cystic mass lesion in the medial canthus which is continuous with the nasolacrimal duct. there is enlargement of the duct distally. there is remodeling of the osseous structures posterior to the mass but there is no invasion or destruction. there is also no communication with intracranial contents.
congenital dacrocystocele
congenital dacrocystocele
dermoid cyst
15 day old female infant with suspected dacrocystocele on physical exam.


Keywords by value: 
- dacrocystocele: 0.2971689625138643
- duct: 0.10447142997374899
- canthus: 0.09159477699881581
- nasolacrimal: 0.0868391110796327
- there: 0.0847810370976659
- congenital: 0.08333757252379835
- remodeling: 0.07219094723072457
- continuous: 0.06678474578928238
- distally: 0.06678474578928238
- communication: 0.06678474578928238
- contents: 0.06435379169869632
- destruction: 0.05627198098442545
- invasion: 0.05486717410898776
- infant: 0.05393111732667778
- dermoid: 0.051940499975178314
- circumscribed: 0.05064318116202098
- suspected: 0.04906293315888315
- osseous: 0.04837510157500991
- intracranial: 0.04815348982519604
- 15: 0.0454446220334184
- enlargement: 0.04520757875313461
- is: 0.04498326227077805
- structures: 0.043867539797796194
- medial: 0.03644399351453403
- day: 0.03617279772470573
- cystic: 0.032861769430023446
- mass: 0.03169229351860172
- cyst: 0.03061828181368137
- none: 0.028262926758773423
- physical: 0.02795340359441651
- posterior: 0.02626184731603265
- well: 0.02577441270624868
- exam: 0.025029785865993845
- but: 0.024300044013780504
- female: 0.023423470285971117
- lesion: 0.023207403013339397
- no: 0.022945177352101387
- also: 0.022461594582268686
- which: 0.021268594496567317
- or: 0.013353636652849435
- old: 0.011665794624830063
- on: 0.009651880164872374
- the: 0.00921661898024172
- to: 0.005694241445906484
- in: 0.005618629735203399
- a: 0.005287997357581351
- with: 0.00468016704359559
- of: 0.0031067680212796918
- .: 0.002366635739823085
