Texto: 
left forefoot swollen and tender to palpation over second metatarsal.
stress reaction in second metatarsal. healed third proximal phalanx and 4th metatarsal fractures.
stress fracture
stress reaction, fracture.
23 year old male with hx of prior stress fractures. has felt pain in left foot since beginning a running program.


Keywords by value: 
- stress: 0.26761530155330476
- metatarsal: 0.25203452998892073
- reaction: 0.13860873181556452
- second: 0.11721889054424921
- forefoot: 0.11630238091022235
- fractures: 0.11556387849929556
- program: 0.10906193255114799
- beginning: 0.09498233683035745
- healed: 0.09199922817565806
- running: 0.08586045069167905
- phalanx: 0.08491206095392999
- swollen: 0.08130068833794969
- fracture: 0.08046694036688495
- 4th: 0.0768689092401723
- hx: 0.0755455525945701
- 23: 0.07253443272964524
- felt: 0.07178085497088851
- foot: 0.06307704812908053
- tender: 0.06193590880801838
- third: 0.06118654810982138
- since: 0.05604936824461101
- palpation: 0.05092748357764378
- proximal: 0.04581327110191098
- prior: 0.03918058521789935
- over: 0.03885076053821362
- left: 0.03414661675974695
- has: 0.028655356615969248
- male: 0.027592956033704878
- pain: 0.018635860134477406
- year: 0.017073308379873475
- old: 0.015623832086825974
- in: 0.015049901076437675
- to: 0.007626216222196183
- a: 0.007082139318189308
- and: 0.006428893061864944
- ,: 0.004834108312808703
- .: 0.0038035217247156723
- with: 0.0020893602873194596
- of: 0.002080425014249793
