Texto: 
non-contributory - but possible vertical gaze asymmetry
none
• small left maxillary sinus with concave sinus walls.
• right orbit larger than left
• downward displacement of left orbital floor.
silent sinus syndrome
• hypoplastic maxillary sinus
• "silent sinus syndrome"
• allergic aspergillus sinusitis
52 year old man with unsteady gait.  ct followed by mri done to rule out cerebral infarction
the unsteady gate may be related to diplopia caused by the collapsed sinus.


Keywords by value: 
- sinus: 0.23149325701055093
- silent: 0.1584598308930402
- unsteady: 0.1508016845151676
- •: 0.11607513715525095
- maxillary: 0.1153674987055547
- gate: 0.09171881559069886
- aspergillus: 0.07815570091578392
- concave: 0.07716751933956742
- gaze: 0.07184921173348774
- collapsed: 0.07067254284701459
- allergic: 0.06909435307528762
- downward: 0.06861014674006193
- asymmetry: 0.06604669779218236
- vertical: 0.06183772758266887
- diplopia: 0.06156638305527658
- hypoplastic: 0.06104095571677293
- sinusitis: 0.06104095571677293
- syndrome: 0.060343372265052875
- floor: 0.059360311589308976
- 52: 0.05620788329537262
- walls: 0.053841618860654195
- orbit: 0.053143937252464794
- larger: 0.050802938989803474
- orbital: 0.05004128998973755
- gait: 0.049126376753271854
- displacement: 0.04521267690702122
- caused: 0.044251972927307544
- rule: 0.04405548582476558
- done: 0.043734800807441375
- related: 0.04354631349718473
- infarction: 0.043117388207754195
- non-contributory: 0.03896340997786268
- cerebral: 0.036548722244000874
- possible: 0.03553064467758114
- left: 0.03541130626936721
- followed: 0.035368837918256436
- by: 0.035132614894935174
- out: 0.03486486267726563
- than: 0.027642578455781157
- none: 0.026169376628493907
- ``: 0.025927593057182924
- '': 0.02542900619731164
- man: 0.024949775840617274
- small: 0.0243033985726064
- mri: 0.024237973517464442
- may: 0.023139856406149677
- -: 0.02261393158899214
- but: 0.022500040753500462
- be: 0.016268601522764558
- ct: 0.014756835227062257
- year: 0.011803768756455738
- right: 0.011131255668029834
- old: 0.010801661689657464
- to: 0.010544891566493486
- the: 0.003413562585274711
- with: 0.0028889920022194997
- .: 0.001753063510980063
- of: 0.0014383185283702274
