Texto: 
non-contributory
lesion resected by ent with neurosurgery assistance.
expansile mass right ethmoid and sphenoid sinuses.
mass enhances following contrast administration
chondrosarcoma of the skull base
• chronic sinusitis
• mucocele
• olfactory neuroblastoma
• fibro-osseous lesion
• chondrosarcoma
53 year old man with 1 year history of pain and nasal congestion.


Keywords by value: 
- chondrosarcoma: 0.1582305052480183
- •: 0.1450939214440637
- fibro-osseous: 0.1334459353987481
- assistance: 0.11884487316978014
- olfactory: 0.11575127900935113
- mucocele: 0.10089301099963006
- ent: 0.09493775870097336
- ethmoid: 0.09234957458291487
- sinusitis: 0.09156143357515939
- neurosurgery: 0.08904046738396346
- sphenoid: 0.08805695210037183
- congestion: 0.0862339877890153
- 53: 0.08538566304769504
- sinuses: 0.08141995955870185
- neuroblastoma: 0.07911525262400915
- resected: 0.07834353602399863
- nasal: 0.07834353602399863
- expansile: 0.0776026964941153
- enhances: 0.07474805427509201
- skull: 0.06739571650727165
- administration: 0.06569741231302166
- lesion: 0.06446500837038721
- base: 0.061989968200580864
- non-contributory: 0.05844511496679401
- following: 0.044912551053724964
- chronic: 0.04457388209087037
- mass: 0.04401707433139128
- 1: 0.03765419199925383
- man: 0.03742466376092591
- contrast: 0.03542177197792417
- year: 0.03541130626936721
- by: 0.026349461171201384
- history: 0.021855824772353396
- pain: 0.019326077176495086
- right: 0.016696883502044752
- old: 0.016202492534486197
- and: 0.006667000212304387
- with: 0.004333488003329249
- of: 0.004314955585110683
- the: 0.002560171938956033
- .: 0.001972196449852571
