Texto: 
lethargic, thin, hispanic boy.  hyperacive bowel sounds.  no palpable abdominal masses.
patient underwent pyloroplasty the next morning.
right upper quadrant upper sound demonstrates thickened, elongated pylorus with no opening on real time evaluation.
hypertrophic pyloric stenosis
hypertrophic pyloric stenosis
3 week old male with 5 days of projectile vomiting.


Keywords by value: 
- pyloric: 0.1834141676724144
- hypertrophic: 0.17121968352608413
- hyperacive: 0.15199169696493964
- pyloroplasty: 0.12809007004907944
- stenosis: 0.1154295959597023
- lethargic: 0.10530117625628083
- sound: 0.0994999307972944
- projectile: 0.09719766540721642
- real: 0.09649383791548788
- elongated: 0.09516692341314084
- pylorus: 0.09453989506536714
- hispanic: 0.09335036279835073
- opening: 0.0911923775750058
- morning: 0.08055833961336148
- next: 0.07479623464634985
- upper: 0.07110622432305926
- thickened: 0.06606744486652004
- thin: 0.0605554054466797
- sounds: 0.05876459745700654
- vomiting: 0.05625101446629104
- palpable: 0.052217604182755006
- quadrant: 0.05185130920665611
- underwent: 0.0505551040599693
- boy: 0.05008140999872364
- week: 0.050034748591866
- masses: 0.04980331720682909
- bowel: 0.046206095394564814
- days: 0.045156453382275474
- 5: 0.04310621418007178
- evaluation: 0.04279722061770358
- time: 0.04161381426274677
- abdominal: 0.03682619376072613
- 3: 0.034499578046664474
- demonstrates: 0.03218312416643424
- no: 0.029670487955303516
- male: 0.02664147479116333
- right: 0.015545374295007184
- old: 0.015085079256245769
- patient: 0.014768826395110138
- ,: 0.014002244768135554
- on: 0.012480879523541863
- with: 0.004034626761720336
- .: 0.0036723658031737527
- the: 0.0023836083569590653
- of: 0.002008686220654973
