Texto: 
n/a
treatment is supportive to include analgesics and hydration.
diffuse serpentine t1 intermediate signal and t2 hyperintense lesions in both femurs.
bone infarcts, sickle cell disease
• bone infarcts due to sickle cell disease
• trauma 
• bone infarcts due to steroid use 
• collagen vascular disease 
• hemophilia 
• bone infarcts due to gaucher disease 
• infection (osteomyelitis)
• radiation therapy
• diffuse metastatic disease
20 year old man with leg pain.


Keywords by value: 
- infarcts: 0.2327094034830578
- •: 0.17852062233370874
- sickle: 0.11952338890492147
- bone: 0.10751568007391746
- disease: 0.08840111020352559
- due: 0.08659280327669011
- hemophilia: 0.08244219406294244
- gaucher: 0.0764927810345154
- hydration: 0.07431746132658301
- femurs: 0.07431746132658301
- serpentine: 0.07305058210434272
- analgesics: 0.0718990406080677
- diffuse: 0.06549385874367886
- intermediate: 0.0623252927323528
- collagen: 0.06157309753651988
- cell: 0.058436473710923705
- steroid: 0.057107004186864915
- osteomyelitis: 0.05027001693047983
- supportive: 0.047829947108264166
- hyperintense: 0.044907091960799624
- use: 0.04275239386130763
- leg: 0.04253414314694679
- n/a: 0.03917983097922894
- 20: 0.03889259792603818
- radiation: 0.035496851260282736
- vascular: 0.03546586415093287
- t1: 0.03428475362309169
- infection: 0.03144324777307351
- t2: 0.030615047705700657
- include: 0.03034371503835806
- trauma: 0.02958238964250543
- lesions: 0.02895646210561959
- therapy: 0.028919503749881177
- signal: 0.028519928231300996
- both: 0.027622784692229382
- metastatic: 0.0272292329571657
- man: 0.025581415735316446
- treatment: 0.02189388556456819
- to: 0.02162370169331576
- pain: 0.013210229968743476
- year: 0.012102598345226768
- old: 0.011075121479269045
- (: 0.009143819319542537
- ): 0.009032122684978544
- is: 0.007117604789680071
- in: 0.0053341421536741125
- and: 0.004557190018537176
- ,: 0.003426709690092245
- with: 0.0014810655201251866
- .: 0.0013480836492663142
