Texto: 
bilateral optic nerve atrophy and papilledema
no chemotherapy or radiation therapy
• large suprasellar mass with some small cystic foci
• homogeneous enhancement.
• marked hydrocephalus.
hypothalamic glioma
• optic or hypothalamic glioma (astrocytoma)
• craniopharyngioma
• teratoma
• neuroblastoma
4 month old baby girl noted to be blind.
by some definitions, the lesion must present at < 60 days to be called "congenital".  however, considering the size, this tumor is almost certainly congenital.  unfortunately there are no prenatal ultrasounds available for confirmation.


Keywords by value: 
- hypothalamic: 0.11744717903371983
- •: 0.11426146313720016
- definitions: 0.08460803378548493
- optic: 0.08241054207510054
- glioma: 0.0802640373688873
- congenital: 0.06510747853421744
- ultrasounds: 0.06433813639949207
- certainly: 0.0623156779157321
- blind: 0.05572690126215386
- papilledema: 0.055406363151041846
- considering: 0.054214588659607016
- some: 0.05406100528889081
- confirmation: 0.05340248926929751
- unfortunately: 0.05107807727644116
- suprasellar: 0.0485066181313211
- prenatal: 0.04834511618823813
- craniopharyngioma: 0.04713603107102195
- called: 0.04671651128833507
- atrophy: 0.045924991423981716
- neuroblastoma: 0.04450232960100515
- baby: 0.04334956326884349
- almost: 0.04305611663377373
- homogeneous: 0.04213368541146701
- teratoma: 0.04161705060793189
- must: 0.04057851560560805
- 60: 0.03883252175764702
- hydrocephalus: 0.038269321536081646
- foci: 0.03820858278284422
- marked: 0.03473832813150528
- astrocytoma: 0.03456614790284683
- <: 0.03435484924481032
- nerve: 0.03207235548424277
- chemotherapy: 0.03190568526188401
- girl: 0.03129559823947706
- available: 0.029924156758747884
- size: 0.029842456993528867
- radiation: 0.029210950516274335
- be: 0.027453265069665188
- days: 0.027282023918458097
- month: 0.02670431813333968
- cystic: 0.025673257367205816
- 4: 0.024801790678948388
- however: 0.02478508391246948
- enhancement: 0.02385925798044829
- therapy: 0.023798341627506384
- ``: 0.021876406641998095
- bilateral: 0.021602268013692125
- '': 0.021455723978981697
- noted: 0.021098137379714516
- or: 0.020865057270077238
- tumor: 0.02075241980844595
- small: 0.02050599254563665
- present: 0.02010425785345501
- large: 0.019463983664907078
- lesion: 0.0181307836041714
- no: 0.017925919806329207
- by: 0.014821571908800778
- there: 0.013247037046510299
- mass: 0.012379802155703796
- are: 0.012134102838850018
- at: 0.012060032841996176
- this: 0.010011845972022218
- old: 0.009113902050648486
- to: 0.00889725225922888
- ,: 0.00845968954741523
- for: 0.007594876548361615
- (: 0.007524601315040213
- ): 0.007432684292846927
- is: 0.005857195608174225
- the: 0.0028801934313255374
- .: 0.002218721006084142
- and: 0.0018750938097106089
- with: 0.0012187935009363513
