Texto: 
febrile, 
exquisite rlq tenderness, leukocytosis to a 
wbc of 16k
appendectomy
unopacified enhancing enlarged tubular structure in the rlq with surrounding fat stranding.
appendicitis
appendicitis
acute onset of rlq pain


Keywords by value: 
- rlq: 0.44948340118714614
- 16k: 0.2461324619214107
- appendicitis: 0.23565240841268448
- unopacified: 0.22512800190444265
- exquisite: 0.19736161609007433
- leukocytosis: 0.159399101893245
- appendectomy: 0.15316116085675563
- febrile: 0.149202973510784
- stranding: 0.12525415748006904
- tubular: 0.12058292475803092
- structure: 0.11760740881320626
- wbc: 0.09439620759320642
- enlarged: 0.0883521536480002
- surrounding: 0.08512622013226562
- onset: 0.08174003714924698
- enhancing: 0.08121071311771998
- tenderness: 0.07875491887520102
- fat: 0.07875491887520102
- acute: 0.06393573724565137
- pain: 0.03162448992517378
- ,: 0.016406670637411358
- to: 0.012941457831605645
- in: 0.01276961303455318
- a: 0.012018175812684887
- of: 0.007060836411999299
- the: 0.004189372263746236
- with: 0.0035455810936330222
- .: 0.0010757435181014024
