Texto: 
nondisplaced fractures are usually treated with casting and non-weight bearing status.
plain radiographs of the left knee demonstrate degenerative change with no acute fracture.

mri of the left knee demonstates edema involving the medial tibial plateau with transverse low t1 signal line consistent with fracture.  no extension to the weight bearing articular surface.
tibial plateau fracture
tibial plateau fracture
55 year old female with left knee pain afterstarting running program.


Keywords by value: 
- plateau: 0.21156631597401349
- tibial: 0.15791935894043663
- bearing: 0.13184846434822955
- knee: 0.12393962890241106
- fracture: 0.12016396428121487
- afterstarting: 0.11754024565288665
- demonstates: 0.09905632083795478
- non-weight: 0.08235281459134987
- program: 0.08143290963819051
- nondisplaced: 0.07462190132131064
- casting: 0.06739091077697247
- running: 0.0641091365164537
- articular: 0.06108549225825652
- 55: 0.05523586119339456
- degenerative: 0.051651680018095926
- surface: 0.05029457742729669
- line: 0.04682951354543231
- transverse: 0.04568595592199997
- change: 0.044409619873011244
- fractures: 0.043143847973070346
- weight: 0.04083927713521154
- status: 0.040671030949088714
- extension: 0.040671030949088714
- involving: 0.03997876352004392
- left: 0.03824421077091659
- plain: 0.037003516169187796
- medial: 0.03644399351453403
- t1: 0.03611327381632325
- radiographs: 0.03608361121602844
- usually: 0.03459904338489012
- treated: 0.03410467781445146
- edema: 0.032225646525750544
- low: 0.03168224070488533
- signal: 0.030040991070303717
- acute: 0.028131724388086605
- consistent: 0.02793731025108271
- demonstrate: 0.026219361884440545
- mri: 0.0261770113988616
- female: 0.023423470285971117
- no: 0.022945177352101387
- are: 0.015531651633728024
- pain: 0.013914775567076463
- year: 0.012748070256972197
- old: 0.011665794624830063
- with: 0.007800278405992649
- the: 0.007373295184193376
- to: 0.005694241445906484
- of: 0.0031067680212796918
- and: 0.0024001200764295796
- .: 0.002366635739823085
