Texto: 
cn intact.  visual field defect and cerebellar signs.
radiation therapy
• enhancing mass in the left cerebellar hemisphere.
• mass is bright on dwi (restricted diffusion)
diffuse large b-cell lymphoma
• metastatic carcinoma
• medulloblastoma
• lhermitte duclos
75 year old woman who completed radiation treatment for cervical lymphoma presents to er with left sided facial numbness and weakness


Keywords by value: 
- •: 0.12242299621842874
- cerebellar: 0.11517561590760703
- duclos: 0.11259500799269372
- lhermitte: 0.10733762929548726
- radiation: 0.08763285154882301
- b-cell: 0.08310954472656278
- medulloblastoma: 0.07758391909775687
- completed: 0.07693278321649799
- lymphoma: 0.07631870732467143
- cn: 0.07181266748109986
- dwi: 0.07091956726485067
- field: 0.06851096289254975
- 75: 0.06832604949181534
- hemisphere: 0.06796266102049867
- bright: 0.06675349440150773
- numbness: 0.06415606597897132
- restricted: 0.06144869533406449
- visual: 0.060529312521206156
- diffusion: 0.05976696620605878
- facial: 0.05805706243972343
- er: 0.0512216274523119
- defect: 0.049980426973436354
- weakness: 0.04958767739106851
- sided: 0.049367603330416336
- intact: 0.049043197214034634
- cervical: 0.0485170532279942
- signs: 0.0469902489685321
- enhancing: 0.04187427395132436
- diffuse: 0.040421990943364294
- carcinoma: 0.037842619843997914
- mass: 0.03713940646711139
- therapy: 0.03569751244125958
- who: 0.034812006392839094
- metastatic: 0.03361108443150141
- woman: 0.03084223355451416
- left: 0.029878289664778585
- large: 0.02919597549736062
- presents: 0.027275692117311342
- treatment: 0.02702526499376386
- year: 0.014939144832389293
- old: 0.013670853075972728
- for: 0.011392314822542424
- on: 0.011310797068209814
- (: 0.01128690197256032
- ): 0.011149026439270392
- is: 0.008785793412261338
- to: 0.00667293919442166
- in: 0.006584331720941483
- and: 0.005625281429131827
- the: 0.002160145073494153
- with: 0.0018281902514045271
- .: 0.0016640407545631068
