Texto: 
unremarkable.  no visual field defect
tumor removed via a frontal approach.
small complex mass in the suprasellar cistern.  lesion has both cystic and solid components, and is partially calcified.  it enhances following contrast administration.
craniopharyngioma
• craniopharyngioma
• rathke cleft cyst
• pituitary adenoma
• metastatic disease
• meningioma
• dermoid/epidermoid
33 year old woman with a long history of headaches.  recent onset of galactorrhea


Keywords by value: 
- •: 0.1305845292996573
- craniopharyngioma: 0.12569608285605854
- galactorrhea: 0.10008445154906108
- dermoid/epidermoid: 0.09541122604043312
- rathke: 0.07346052637986579
- suprasellar: 0.06467549084176147
- cistern: 0.06343087752662693
- approach: 0.0622886817177801
- 33: 0.06157627485128633
- field: 0.060898633682266445
- pituitary: 0.05948498515018391
- components: 0.05820202237058648
- cleft: 0.0579323267336823
- enhances: 0.05606104070631901
- partially: 0.054308939521223176
- visual: 0.05380383335218325
- removed: 0.05350935824592487
- via: 0.05094477704379229
- calcified: 0.05094477704379229
- adenoma: 0.04956242155286128
- administration: 0.04927305923476625
- complex: 0.04752626218908523
- solid: 0.04733814795147749
- meningioma: 0.04564012967298715
- headaches: 0.045367254709323304
- defect: 0.04442704619861009
- long: 0.04091974320601005
- recent: 0.03989887567833051
- unremarkable: 0.03929258914836195
- onset: 0.03746418369340486
- frontal: 0.037281832423379964
- cystic: 0.03423100982294109
- following: 0.03368441329029372
- cyst: 0.031894043555918086
- both: 0.030308333203973907
- metastatic: 0.02987651949466792
- tumor: 0.027669893077927932
- woman: 0.027415318715123697
- small: 0.0273413233941822
- it: 0.026678449785180785
- contrast: 0.02656632898344313
- lesion: 0.0241743781388952
- has: 0.022287499590198302
- disease: 0.019399132516884778
- mass: 0.016506402874271728
- history: 0.016391868579265046
- year: 0.013279239851012703
- old: 0.012151869400864646
- no: 0.011950613204219472
- a: 0.011016661161627812
- is: 0.0078095941442323
- in: 0.00585273930750354
- and: 0.00500025015922829
- ,: 0.0037598620210734356
- of: 0.0032362166888330116
- .: 0.0029582946747788563
- the: 0.001920128954217025
- with: 0.0016250580012484685
