Texto: 
not available
surgery, chemotherapy, and radiation
• large heterogeneous mass in the right parietal lobe with extension across the splenium of the corpus callosum.
• mass enhances and has central regions of necrosis as well as perilesional edema.
glioblastoma multiforme (who grade 4 astrocytoma)
• metastatic disease
• tumefactive ms
• ependymoma
• astrocytoma (glioblastoma)
38 year old woman presents with headache and disorientation


Keywords by value: 
- glioblastoma: 0.1306845711053663
- •: 0.1305845292996573
- disorientation: 0.09355662336509253
- astrocytoma: 0.09217639440759155
- perilesional: 0.0891336548773351
- splenium: 0.08578418186598943
- tumefactive: 0.07666224386058568
- multiforme: 0.06896348364245056
- across: 0.06343087752662693
- ms: 0.06343087752662693
- 38: 0.06323386870729421
- callosum: 0.060898633682266445
- corpus: 0.0584770588608112
- enhances: 0.05606104070631901
- regions: 0.054308939521223176
- ependymoma: 0.053126192183163355
- parietal: 0.050704617361708115
- necrosis: 0.04684862102006534
- grade: 0.04520606656876348
- heterogeneous: 0.043641599399930626
- chemotherapy: 0.04254091368251201
- extension: 0.04236565723863407
- headache: 0.0407636866328583
- available: 0.03989887567833051
- central: 0.03905043551194388
- radiation: 0.03894793402169911
- as: 0.035904930719281324
- edema: 0.03356838179765682
- 4: 0.03306905423859785
- mass: 0.033012805748543456
- lobe: 0.03193507427671575
- who: 0.03094400568252364
- metastatic: 0.02987651949466792
- surgery: 0.028819431449448263
- woman: 0.027415318715123697
- well: 0.02684834656900904
- large: 0.025951978219876104
- presents: 0.024245059659832303
- has: 0.022287499590198302
- (: 0.020065603506773902
- ): 0.019820491447591806
- disease: 0.019399132516884778
- not: 0.0171502593297491
- year: 0.013279239851012703
- right: 0.012522662626533565
- old: 0.012151869400864646
- ,: 0.007519724042146871
- and: 0.0075003752388424355
- in: 0.00585273930750354
- the: 0.005760386862651075
- with: 0.003250116002496937
- of: 0.0032362166888330116
- .: 0.0009860982249262854
