Texto: 
negative
none to date
elongation and ossification of both styloid processes and stylohyoid ligaments.
eagle syndrome
• foreign body
• hypercalcemia
• calcified stylo-hyoid ligament ("eagle's syndrome")
58 year old woman with ear pain and pain with swallowing (odynophagia)


Keywords by value: 
- eagle: 0.2866415694590069
- stylo-hyoid: 0.17281640943418197
- stylohyoid: 0.14616187818959966
- elongation: 0.13857304959515857
- odynophagia: 0.1285729723771642
- styloid: 0.126066950341922
- hypercalcemia: 0.12179736107676983
- syndrome: 0.10399602454189964
- swallowing: 0.10230181359008568
- ligaments: 0.10154185438578613
- 58: 0.10045050769668931
- •: 0.10002219265505666
- processes: 0.09842263153063983
- ossification: 0.09230173637209131
- date: 0.09135595418973315
- foreign: 0.08958187740379588
- ear: 0.08958187740379588
- ligament: 0.08351424033499456
- calcified: 0.07804306270538394
- body: 0.05904816409976775
- negative: 0.05430042896542286
- both: 0.04642978703587492
- none: 0.045100415040595886
- ``: 0.04468372420493228
- pain: 0.04440885819279722
- '': 0.04382445748898389
- woman: 0.04199793505295545
- 's: 0.04008609826312862
- (: 0.030738796861440872
- ): 0.030363306047374684
- year: 0.020342665303679036
- old: 0.018615629720473502
- and: 0.01148993653609905
- to: 0.009086555498786942
- with: 0.0049789011102080736
- of: 0.002478804272297626
- .: 0.000755309278666942
