Texto: 
• stiff neck
• photophobia
• mild disorientation
pending.  supportive to date.
• ct- left-sided subarachnoid blood and a hematoma left temporal lobe.

• cta- multilobulated aneurysm, without a discrete neck, arising from the left middle cerebral artery trifurcation.
aneurysm, left middle cerebral artery trifucation
• aneurysm
• aneurysm with avm
• mycotic aneurysm
56 year old woman with a new episode of headache and neck pain, followed by brief loss of consciousness.  she called ems after waking up.


Keywords by value: 
- aneurysm: 0.18974377050805072
- •: 0.1408552226153607
- cta-: 0.08670681050897065
- trifucation: 0.08670681050897065
- neck: 0.08458122933770165
- trifurcation: 0.08347442767243379
- waking: 0.08347442767243379
- disorientation: 0.07568625710434451
- stiff: 0.0721081252940239
- multilobulated: 0.07023111310679732
- middle: 0.07022829145263905
- ems: 0.06789808653625524
- cerebral: 0.06652688768009148
- brief: 0.06596718477303436
- ct-: 0.06382049671952077
- mycotic: 0.06244294253870804
- photophobia: 0.059103037780641396
- artery: 0.057180449260858406
- discrete: 0.05532245085231316
- 56: 0.05053966640932796
- called: 0.05039084363685581
- consciousness: 0.04874361358975608
- date: 0.04824415558334222
- episode: 0.047534280284223886
- left-sided: 0.047307283572791084
- subarachnoid: 0.04665257673993743
- avm: 0.04573692466969942
- supportive: 0.04245579574778505
- pending: 0.0415452203544915
- arising: 0.03974610971613462
- temporal: 0.03844821210802401
- hematoma: 0.03416816717328191
- new: 0.033458291874163576
- headache: 0.032977364467031436
- left: 0.0322282675035814
- followed: 0.03218961653234575
- loss: 0.027870383960319545
- she: 0.02695265327476598
- blood: 0.026206865983250557
- lobe: 0.025835116268803752
- up: 0.025818507315215993
- mild: 0.02528374667338356
- without: 0.02260688950964225
- woman: 0.022178684803246137
- after: 0.01986518205178879
- by: 0.015987313519605334
- from: 0.014229614754541712
- a: 0.013368532645570828
- ,: 0.012166744517630893
- pain: 0.011725934466637469
- year: 0.010742755834527131
- old: 0.009830725807441062
- to: 0.0047985180723931035
- and: 0.004045146196229628
- with: 0.0026293073278626906
- of: 0.002618062939280639
- .: 0.002393227152630086
- the: 0.0015533627494789416
