Texto: 
decreased breath sounds left lower lung.  normal wbc.
patient went to surgery where she underwent partial resection of the lingula, which revealed an intrabronchial fungus ball with no tissue invasion.  special stains were consistent with aspergillus, which correlated with the presence of aspergillus fumigatus on the patient's cultures from a previous bronchoscopy.
• portable cxr (ap) shows a mass within the left lower lung with an eccentric lucency within it.
• axial ct images through the chest demonstrate a soft tissue density mass within the lingula with surrounding dilated bronchioles and airspace opacities.
aspergilloma fungus ball
• neoplasm
• infection
• bronchial obstruction
82 year old woman presenting to the emergency room with hemoptysis.


Keywords by value: 
- aspergillus: 0.10048590117743646
- lingula: 0.09591951907502724
- fungus: 0.09591951907502724
- ball: 0.08177709171169606
- intrabronchial: 0.06996443193624205
- fumigatus: 0.06996443193624205
- •: 0.06218310919031301
- aspergilloma: 0.058962095736877836
- bronchioles: 0.05452070059453321
- correlated: 0.04702497354024074
- stains: 0.04618877897152783
- special: 0.04410652290432552
- eccentric: 0.043239861856984314
- 82: 0.04197744364563759
- bronchoscopy: 0.04174738382918321
- airspace: 0.04088854585584803
- portable: 0.0403003873466915
- lung: 0.039288240003789617
- hemoptysis: 0.039076969252824376
- within: 0.03881265258062099
- bronchial: 0.038454178654082356
- went: 0.036133639261310975
- opacities: 0.035387377756165926
- cultures: 0.034894268382300794
- invasion: 0.0326590322077308
- tissue: 0.032149542673850694
- lucency: 0.031152137267815433
- lower: 0.030505747132759723
- room: 0.029157578313205063
- cxr: 0.028619303739087915
- where: 0.027679700437912038
- presenting: 0.02764126691032642
- partial: 0.02712187081308528
- sounds: 0.027050370257987136
- previous: 0.0263361126878833
- emergency: 0.025680861888732347
- breath: 0.02535807585912181
- which: 0.025319755353056327
- ap: 0.024802848965416173
- wbc: 0.024722816274411204
- dilated: 0.024643582591997053
- presence: 0.02461734617823118
- obstruction: 0.023915873401503456
- underwent: 0.023271397106969995
- neoplasm: 0.023096480761205778
- density: 0.022314534578253643
- surrounding: 0.022294962415593374
- revealed: 0.02176566579258804
- resection: 0.021150124250160465
- decreased: 0.02016473335495682
- infection: 0.019714417254546087
- axial: 0.019355487905300565
- through: 0.01926156363826086
- she: 0.019037985249636288
- mass: 0.018864460427739118
- an: 0.018756585147376662
- shows: 0.01864582301372126
- consistent: 0.016629351339930182
- soft: 0.016515291777726586
- surgery: 0.016468246542541864
- chest: 0.016228007936964432
- woman: 0.015665896408642112
- demonstrate: 0.015606763026452704
- were: 0.01539909791023747
- it: 0.015244828448674735
- left: 0.01517627411544309
- 's: 0.014952750939420991
- patient: 0.013596697316133142
- images: 0.013010030888486936
- normal: 0.010631844877770642
- from: 0.010051077088525495
- ct: 0.00948653693168288
- a: 0.00944285242425241
- the: 0.0076805158168681
- year: 0.007588137057721545
- old: 0.006943925371922655
- no: 0.006828921830982555
- to: 0.006778858864174384
- on: 0.0057451667648049844
- (: 0.005733029573363972
- ): 0.005662997556454802
- with: 0.0055716274328518915
- ,: 0.004296985166941069
- .: 0.001972196449852571
- of: 0.0018492666793331496
- and: 0.0014286429026366544
