Texto: 
non-contributory
none to date
• isodense subdural hematomas.
• the venticles are compressed and obviously much smaller than would be expected in a 92 year old man.
• the cerebral cortical sulci are also obliterated.
• there is no midline shift because the bilateral extra-axial collections are approximately equal in volume
bilateral subacute (isodense) subdural hematomas
• subdural empyema
• lymphoma
• intracranial hypotension
92 year old man presents with confusion.  on coumadin for "irregular heart beat" according to son.


Keywords by value: 
- subdural: 0.15592798927887883
- 92: 0.13443382202045578
- •: 0.12324831978844061
- isodense: 0.12167013578212005
- hematomas: 0.12093328583104161
- venticles: 0.09905076880861234
- obviously: 0.07568625710434451
- beat: 0.07568625710434451
- obliterated: 0.0721081252940239
- son: 0.0721081252940239
- coumadin: 0.060835067891060024
- hypotension: 0.05878651107315043
- compressed: 0.05847865743058734
- empyema: 0.05847865743058734
- confusion: 0.057602685054523164
- sulci: 0.054872952710586204
- according: 0.05342781363393347
- collections: 0.05164056987404934
- extra-axial: 0.05115548929129419
- equal: 0.050243966315874314
- subacute: 0.049266310394642514
- date: 0.04824415558334222
- expected: 0.04675907948099972
- bilateral: 0.046602645602571775
- smaller: 0.04654707403937743
- shift: 0.045543196507513956
- man: 0.04541419872112357
- volume: 0.0453527520320783
- much: 0.04444613505173962
- intracranial: 0.040578783560558454
- are: 0.03926541143358208
- irregular: 0.03829602980344247
- midline: 0.037147529071219335
- non-contributory: 0.0354610809910885
- cortical: 0.03500084101770575
- would: 0.03416816717328191
- because: 0.033590093444787056
- heart: 0.03336044549335701
- cerebral: 0.03326344384004574
- approximately: 0.029705818275905425
- lymphoma: 0.027440434094263885
- than: 0.025157852302452516
- none: 0.023817073111325915
- ``: 0.023597022894739517
- '': 0.023143252831261157
- year: 0.021485511669054262
- old: 0.019661451614882124
- presents: 0.01961398084840366
- also: 0.018928310041237656
- be: 0.014806255318471113
- there: 0.014288938836685266
- no: 0.009667911805660696
- to: 0.009597036144786207
- in: 0.0094696006773091
- for: 0.00819222638924399
- on: 0.008133606880510428
- (: 0.008116423890380454
- ): 0.008017277439475338
- is: 0.0063178739144351195
- the: 0.004660088248436825
- a: 0.00445617754852361
- and: 0.002022573098114814
- .: 0.0019943559605250715
- with: 0.0013146536639313453
