Texto: 
blood pressure 18/125
renal biopsy results pending
supportive
hematoma left temporal lobe.
thrombosis left transverse and sigmoid sinus and jugular vein.
acute dural venous sinus thrombosis (dvst), secondary temporal lobe venous hemorrhagic infarction
ruptured avm
hemorrhagic tumor
hypertensive hemorrhage
amyloid angiopathy
mycotic aneurysm
vasculitis
venous infarction
27 year old man presents with acute onset of severe headache and somnolence.  he had a renal biopsy one week earlier, for suspected glomerulonephritis.


Keywords by value: 
- venous: 0.11929944686373574
- 18/125: 0.11301946697392946
- dvst: 0.11301946697392946
- hemorrhagic: 0.10223601760677428
- thrombosis: 0.09405189608084731
- somnolence: 0.09238564758374869
- infarction: 0.08955149858533563
- temporal: 0.08774079173369581
- glomerulonephritis: 0.08116168941254484
- sinus: 0.08013228127288302
- biopsy: 0.07773572414453232
- angiopathy: 0.07669621897320875
- mycotic: 0.07124899853775661
- amyloid: 0.07076514817900216
- renal: 0.06583270639636074
- hypertensive: 0.06479895267016583
- jugular: 0.06286532587869682
- lobe: 0.05895706020316754
- ruptured: 0.0570009047628138
- vasculitis: 0.056062399583027965
- sigmoid: 0.05576423468348608
- earlier: 0.054107674023486006
- acute: 0.05409946997708962
- dural: 0.05311140499364861
- avm: 0.05218700378978523
- 27: 0.050813950769831806
- supportive: 0.04844315155837012
- pending: 0.04740416168653517
- suspected: 0.04717589726815687
- results: 0.04422490267877752
- transverse: 0.04392880377115381
- aneurysm: 0.043300501474914134
- pressure: 0.043024780895158196
- vein: 0.03964017079505278
- hematoma: 0.038986754851565254
- headache: 0.03762801843033074
- week: 0.03720532587600292
- hemorrhage: 0.036464828002256866
- onset: 0.034582323409296796
- severe: 0.033709100000846204
- secondary: 0.03062858931421548
- he: 0.03056650438503871
- blood: 0.02990270605781153
- one: 0.029688863888598
- man: 0.02590938260371794
- tumor: 0.02554143976424117
- left: 0.02451551972494653
- had: 0.023639100246675745
- presents: 0.022380055070614434
- year: 0.012257759862473265
- old: 0.011217110216182751
- for: 0.009347540367214297
- (: 0.009261047772357187
- ): 0.009147919129657758
- ,: 0.006941283731212496
- and: 0.006923423297393018
- a: 0.005084612843828221
- .: 0.0018204890306331423
- with: 0.001500053539613971
- of: 0.0014936384717690824
