Texto: 
pe: non contributory

ct was read as abnormal, and additional tests were done
functional mri has been done in anticipation of a combined embolization and resection
• ct calcified lesion right temporal lobe.

• mri mixed signal intensity enhancing lesion right temporal lobe with large flow voids.

• angiogram confirms and arteriovenous malformation - avm
cerebral arteriovenous malformation (avm)
• brain tumor
• trauma with hematoma
• vascular malformation
36 year old woman with syncope and chest pain.
also noted on the mri is a gray matter heterotopia in the left frontal lobe.


Keywords by value: 
- malformation: 0.10123801938137761
- •: 0.09308996148094383
- arteriovenous: 0.08880762541940926
- avm: 0.0806056692198663
- anticipation: 0.08041951726145102
- done: 0.07014888842381686
- lobe: 0.06829679251258021
- temporal: 0.06776021539829974
- mri: 0.05831512440340455
- syncope: 0.05762164505358918
- heterotopia: 0.05581648112493616
- read: 0.05465031245507098
- voids: 0.04835339397269477
- combined: 0.04674429566083562
- functional: 0.04658063920587314
- confirms: 0.044939131732182606
- tests: 0.044274386159532816
- contributory: 0.04353146352643465
- 36: 0.04240513792884398
- gray: 0.041393954809275865
- angiogram: 0.04092462571130969
- embolization: 0.03939838135658436
- pe: 0.038007769124217064
- mixed: 0.03715765733603497
- calcified: 0.036317068783693514
- non: 0.034973412824044654
- lesion: 0.034466440118820885
- additional: 0.03392521479356433
- matter: 0.033311682875255426
- intensity: 0.030580897785933675
- hematoma: 0.030108582954674157
- cerebral: 0.029311351502614564
- flow: 0.027960929473846693
- vascular: 0.027740626415086105
- frontal: 0.026577147866171855
- enhancing: 0.026534193394898608
- resection: 0.026385303520002165
- brain: 0.025458925973294674
- abnormal: 0.024129626141731794
- ct: 0.02366937927508996
- trauma: 0.023138700809484446
- been: 0.023017771182811793
- signal: 0.022307666636364146
- chest: 0.020244841584727908
- noted: 0.020053675133193997
- tumor: 0.019725072293176348
- woman: 0.01954359353949412
- were: 0.0192107558088111
- large: 0.018500420117139402
- -: 0.018135925333746174
- right: 0.017854093249711222
- also: 0.016679401917526253
- has: 0.015888118519745326
- as: 0.012797797088060671
- :: 0.011190839762283812
- pain: 0.01033275413396767
- was: 0.00978492596251175
- year: 0.009466388804682323
- left: 0.009466388804682323
- old: 0.008662718780814403
- in: 0.00834449960673772
- a: 0.00785346142215052
- on: 0.007167237746192357
- (: 0.007152096299444164
- and: 0.007129069533949246
- ): 0.007064729624884209
- is: 0.005567235429551739
- with: 0.0034753715670264277
- the: 0.0027376095980916
- ,: 0.002680297678388984
- .: 0.0014059222216770803
- of: 0.0011535029781979053
