Texto: 
the mass was first biopsied and a large amount of straw colored fluid was aspirated from it.  subsequently, a repeat surgery was performed to resect the entire mass.  the patient later received radiation therapy.
6 cm right frontal lobe mass with surrounding vasogenic edema and small linear calcification.  there is a 2.3 cm right to left midline shift, as well as interpeduncular cistern and bilateral lateral ventricle effacement due to mass effect from the tumor.
gemistocytic astrocytoma
cystic astrocytoma
parasitic cyst
cerebral abscess
44 year old man with headache
factors favoring a low grade rather than a high grade glioma include the fact that the adjacent corpus callosum is not involved and the associated calcification.


Keywords by value: 
- straw: 0.0716708814956626
- gemistocytic: 0.06603553856428092
- colored: 0.055850473779765736
- resect: 0.055850473779765736
- astrocytoma: 0.0539569137995658
- interpeduncular: 0.053807267045774626
- favoring: 0.05295067748758092
- grade: 0.05292417549513773
- calcification: 0.05043553851149804
- aspirated: 0.05021513084838407
- 2.3: 0.05021513084838407
- biopsied: 0.04731533455619925
- parasitic: 0.04300128373455559
- mass: 0.038649138437319173
- effacement: 0.0381169434058651
- vasogenic: 0.037608647820651
- cm: 0.03726757915149571
- cistern: 0.03713026977168406
- fact: 0.036569352117318606
- 44: 0.03564798069205841
- callosum: 0.03564798069205841
- corpus: 0.03423047347949924
- entire: 0.034149576480693
- rather: 0.033023806771220604
- shift: 0.03295402023714425
- repeat: 0.03268071445829071
- received: 0.032287246646405754
- subsequently: 0.0314949268403024
- glioma: 0.03132255116834627
- factors: 0.031209631557283936
- linear: 0.029451720106311287
- involved: 0.029141543147251314
- amount: 0.0290121492016749
- midline: 0.026879106401126188
- ventricle: 0.02603569363884901
- later: 0.025084704398316456
- effect: 0.02459803457779874
- was: 0.024104329810089923
- cerebral: 0.024068670746049358
- headache: 0.02386167022411218
- first: 0.023312873453543517
- surrounding: 0.02283874198670541
- radiation: 0.022798790646848265
- abscess: 0.021966148326294857
- adjacent: 0.021966148326294857
- frontal: 0.02182351166246632
- as: 0.02101752042104273
- 6: 0.020748944401421745
- from: 0.0205924506203937
- cystic: 0.020037664286599664
- fluid: 0.019745033370763037
- edema: 0.019649784466921064
- include: 0.019489052748213716
- performed: 0.01937055553843349
- low: 0.019318439454198373
- high: 0.019012569602250534
- lobe: 0.01869370201563849
- cyst: 0.01866968403273254
- therapy: 0.01857431541659035
- due: 0.018538838641893006
- than: 0.018203649226977838
- surgery: 0.01686991109235996
- bilateral: 0.016860306742393857
- man: 0.01643034018772357
- associated: 0.0163940045683553
- tumor: 0.01619701058220172
- a: 0.016121943163357775
- small: 0.016004677108789583
- well: 0.015716105308688222
- it: 0.015616653532788755
- large: 0.015191401884805528
- lateral: 0.015013561346541061
- right: 0.014660678196917345
- that: 0.011999843321616452
- to: 0.010416295327877714
- there: 0.010339150865569014
- not: 0.010039176193023866
- is: 0.009142939485930498
- the: 0.007867845470938052
- left: 0.0077732135713245104
- year: 0.0077732135713245104
- old: 0.007113289405384185
- patient: 0.006964162039970635
- and: 0.005853951405925804
- ,: 0.004401789683207926
- with: 0.0019025069282908901
- .: 0.0017316846876754281
- of: 0.0009471853723413695
