Texto: 
the patient complains of left elbow pain.  there is no gross deformity or crepitus.
reduction with splinting.
lateral elbow demonstrates capitellum impacted into olecranon.  the exact location of the capitellum is obscured but the radiocapitellar line does not intersect the capitellum indicating dislocation.  small bony fragments are seen anterior to the radial head indicating fracture.  normal fat pad.
ap elbow shows no obvious deformity.

portable view of humerus demonstrates increased distance between the trochlea and trochlear notch.

post reduction lateral elbow displays the impaction fracture.
elbow dislocation with impaction fracture
- supracondylar fracture.
- impaction fracture
- fracture with dislocation
mva


Keywords by value: 
- elbow: 0.1968213918170645
- capitellum: 0.1772757280347396
- impaction: 0.14502645649029489
- fracture: 0.12070041055032743
- dislocation: 0.10767128245633277
- indicating: 0.0787285567268258
- radiocapitellar: 0.0787099859282723
- reduction: 0.0719290478782938
- trochlear: 0.06890094763659275
- deformity: 0.06570928548064707
- intersect: 0.06434000456725354
- olecranon: 0.06271213352445038
- trochlea: 0.06271213352445038
- splinting: 0.052903095232770835
- supracondylar: 0.052903095232770835
- impacted: 0.0524203521857148
- obscured: 0.0524203521857148
- displays: 0.05196237634296881
- crepitus: 0.05111139259471591
- -: 0.04906415514397402
- notch: 0.04864484458910735
- exact: 0.04722462410134229
- pad: 0.0464696474225203
- distance: 0.04599961408782903
- portable: 0.04533793576502794
- fragments: 0.03992600894743584
- humerus: 0.03925605193008839
- obvious: 0.03853311387175208
- mva: 0.03795687707588091
- gross: 0.03634452049645757
- complains: 0.035458315513463456
- radial: 0.03497927342871059
- demonstrates: 0.0333325214580926
- lateral: 0.0329762151004384
- line: 0.03135904924917341
- bony: 0.03051210466472094
- view: 0.028625416328406594
- ap: 0.027903205086093192
- location: 0.02661346149021333
- does: 0.026032330985571485
- between: 0.02418299585914503
- post: 0.024025312795288335
- fat: 0.023204574311443155
- head: 0.021639297415838355
- shows: 0.020976550890436416
- anterior: 0.019649935926453012
- increased: 0.018665042694639783
- into: 0.018154699713925953
- small: 0.01757656503911713
- but: 0.016272350902085158
- no: 0.01536507411971075
- seen: 0.01507703227739009
- normal: 0.011960825487491973
- there: 0.011354603182723112
- not: 0.011025166711981565
- are: 0.010400659576157158
- is: 0.0100409067568701
- the: 0.009874948907401843
- pain: 0.009317930067238703
- or: 0.008942167401461674
- left: 0.008536654189936738
- patient: 0.007648142240324892
- to: 0.0038131081110980916
- .: 0.0034865615809893664
- with: 0.0031340404309791892
- of: 0.00312063752137469
- and: 0.001607223265466236
