Texto: 
surgical removal
large cystic mass with heterogeneous enhancing mural nodule in left hemisphere
ependymoma, extraventricular (histology)
<li>pilocytic astrocytoma
<li>pnet
<li>ganglioglioma
<li>pleomorphic xanthoastrocytoma
<li>superficial cerebral astrocytoma
<li>extraventricular ependymoma
<li>hemangioblastoma
18 y/o man presented with 8 months history of progressive slowing of speech and non-specific headaches to primary care physician.


Keywords by value: 
- li: 0.4365735592941956
- <: 0.3162528588015415
- >: 0.27224893976273906
- extraventricular: 0.18820844588797767
- ependymoma: 0.10479687225171949
- astrocytoma: 0.09091370407324098
- slowing: 0.0836639482584149
- xanthoastrocytoma: 0.08042574581917887
- pnet: 0.07093057896219332
- histology: 0.0695595726805908
- ganglioglioma: 0.0689223121924416
- non-specific: 0.06773037552135079
- speech: 0.06744791953227221
- mural: 0.06663390007376808
- pleomorphic: 0.06586555121553461
- hemangioblastoma: 0.0646736145444438
- superficial: 0.06256196139612519
- pilocytic: 0.06161685356753682
- hemisphere: 0.05958370281249198
- physician: 0.05517844768745825
- 18: 0.05081606780912216
- nodule: 0.04824950135947953
- progressive: 0.04626628924716853
- removal: 0.04614768564794778
- headaches: 0.04474578546672984
- 8: 0.043768733674648605
- heterogeneous: 0.043043769271164455
- care: 0.04222160475436647
- cerebral: 0.04055406166800097
- enhancing: 0.03671169223129807
- primary: 0.03467649675199584
- cystic: 0.03376209188016107
- y/o: 0.03241957575095398
- months: 0.03197179855739818
- presented: 0.03190900869893711
- man: 0.027683997850547933
- large: 0.0255964716689189
- surgical: 0.024605777674677445
- mass: 0.016280287766404992
- history: 0.016167322434343608
- left: 0.013097332455793352
- (: 0.009895366112929595
- ): 0.009774488933058973
- to: 0.005850248060862825
- in: 0.005772564796441848
- ,: 0.003708357061880649
- with: 0.003205593865476431
- of: 0.003191884953369546
- and: 0.0024658767908523073
- .: 0.0004862950150321407
