Texto: 
weakness in arms and legs after the fall.  neck pain also noted
decompression of craniocervical junction with fusion
ct and mri show classic findings of ankylosing spondylitis with "squaring"of vertebral bodies, fusion of the facets and spinous processes and calcifications of the anterior and posterior longitudinal ligaments.  
there is an unfused fracture through the base of the odontoid which is fused to the arch of c1 and the clivus. there is cord injury at this level due to hyperophic boney changes and cord compression 
there are also classic changes of achondroplasia.
ankylosing spondylitis in an anchondroplasitic dwarf.
• achondroplasia
• reiter's disease
• psoriatic arthritis
• ankylosing spondylitis
46 year old  woman with a known diagnosis, fell down steps.
the woman had a known diagnosis of achondroplasia. ankylosing spondylitis is unusual in women and is not commonly associated with achondroplasia.


Keywords by value: 
- achondroplasia: 0.169167099505778
- ankylosing: 0.13449174712311981
- spondylitis: 0.13251808720161534
- hyperophic: 0.05724362612965259
- anchondroplasitic: 0.05724362612965259
- dwarf: 0.05274267041173087
- fusion: 0.049500936597675835
- squaring: 0.045608824381418465
- steps: 0.04460784594098172
- unfused: 0.04374075897588742
- boney: 0.04374075897588742
- classic: 0.04252279063387107
- cord: 0.04217108987279742
- craniocervical: 0.04110786866349674
- •: 0.040701671470023064
- facets: 0.03965888456405382
- odontoid: 0.0388461368825343
- c1: 0.03812389249870168
- reiter: 0.03812389249870168
- clivus: 0.03747399991066932
- spinous: 0.03717192188706612
- known: 0.03511754655147818
- psoriatic: 0.033454264791148394
- fused: 0.03328986344060105
- changes: 0.03180581787318261
- arms: 0.030990046468389276
- ligaments: 0.030990046468389276
- legs: 0.030038075856753717
- processes: 0.030038075856753717
- decompression: 0.02938349988842927
- 46: 0.02938349988842927
- longitudinal: 0.02903709741631698
- women: 0.02696155408996384
- unusual: 0.02684017660287194
- fell: 0.026546302631520503
- bodies: 0.02599567577009143
- woman: 0.02563510321414164
- diagnosis: 0.025483367932213247
- arch: 0.024972111197340895
- there: 0.024773679671395883
- fall: 0.02441086115985838
- down: 0.02381833731917562
- arthritis: 0.023706054870408992
- junction: 0.023240756241146424
- vertebral: 0.021959717015664015
- also: 0.0218781765411708
- base: 0.02173674209630758
- commonly: 0.020938515866595075
- compression: 0.02077108653441511
- calcifications: 0.02063093347164125
- weakness: 0.020607865928755745
- is: 0.01825619410340018
- injury: 0.017689665856420782
- show: 0.01703348009410147
- neck: 0.01629378660401612
- level: 0.015992785893811246
- through: 0.01575946115857707
- an: 0.015346296938762726
- due: 0.014806994499693764
- fracture: 0.014630352793979083
- anterior: 0.014290862491965829
- ``: 0.01363724050410271
- '': 0.013374996766118462
- noted: 0.013152085639302558
- associated: 0.013093912739660403
- posterior: 0.012789860705860056
- mri: 0.012748544512432597
- 's: 0.012234068950435358
- had: 0.011973050774290313
- findings: 0.011810629453181556
- after: 0.011480527289670146
- which: 0.010358081735341225
- and: 0.009351117180894465
- disease: 0.009069724293608469
- in: 0.008209036950784187
- not: 0.00801830306325932
- ct: 0.007761712035013266
- are: 0.007564116055387025
- at: 0.00751794255085476
- the: 0.007181781023564977
- of: 0.006808663682999323
- pain: 0.0067766764125372385
- this: 0.006241150735806059
- year: 0.006208475774499447
- old: 0.005681393486118537
- to: 0.005546339070688133
- a: 0.005150646776864952
- ,: 0.003515715136588148
- with: 0.003039069508828305
- .: 0.0018441317453166898
