Texto: 
abdominal palpable mass
complete excision of cyst with roux-en-y biliary-enteric anastomosis
large cystic dilatation of common biliary duct, with smaller cystic dilatations of itrahepatic bile ducts.
type iv choledochal cyst
8 year old girl, intermitent jaundice


Keywords by value: 
- biliary-enteric: 0.22603893394785893
- itrahepatic: 0.22603893394785893
- intermitent: 0.22603893394785893
- roux-en-y: 0.19786938808457405
- dilatations: 0.19786938808457405
- choledochal: 0.17271992005863235
- anastomosis: 0.15192683759154701
- jaundice: 0.1308191373656972
- cystic: 0.12639142088470556
- ducts: 0.12573065175739365
- cyst: 0.11776262236031294
- bile: 0.11710315851069587
- biliary: 0.11065919881118547
- smaller: 0.10622280998729722
- duct: 0.10045329805168171
- dilatation: 0.09390325203765947
- excision: 0.08992950580936648
- 8: 0.08192609123716277
- iv: 0.07995961378105368
- palpable: 0.07765694981025104
- complete: 0.07711220343553986
- girl: 0.07703531874332815
- type: 0.07386215970120283
- common: 0.0573401849219589
- abdominal: 0.05476715995184911
- large: 0.04791134440592512
- mass: 0.030473359152501652
- year: 0.02451551972494653
- old: 0.022434220432365502
- ,: 0.013882567462424993
- of: 0.008961830830614494
- with: 0.006000214158455884
- .: 0.0009102445153165711
