Texto: 
no point tenderness on physical exam. limited range of neck motion secondary to muscle spasm.
none
a horizontal lucent line projecting over the c6 vertebral body on lateral radiograph. there is degenerative disease in the lower cervical levels. no prevertebral soft tissue swelling is noted.
pseudofracture of the cervical vertebral body.
fracture
pseudofracture
woman came in to physician with 6 month history of worsening neck pain. the pain suddenly became worse after an automobile accident the week before. she did not seek medical attention at that time.
see factoid


Keywords by value: 
- pseudofracture: 0.1799085392646224
- vertebral: 0.06901625347780119
- automobile: 0.0675336106799008
- cervical: 0.06336921237942099
- suddenly: 0.0630251132076657
- came: 0.059385572963392926
- seek: 0.059385572963392926
- prevertebral: 0.05795943069425866
- body: 0.05663803495283845
- c6: 0.05367520778037841
- attention: 0.05367520778037841
- horizontal: 0.05310816848288034
- projecting: 0.05231264254951593
- neck: 0.05120904361262209
- spasm: 0.04887925237991172
- became: 0.04704924290383196
- lucent: 0.04660227736650142
- physician: 0.041102313073310734
- accident: 0.039602494804447004
- degenerative: 0.039529346952624424
- worse: 0.03862327043442921
- point: 0.038103204683490155
- before: 0.036908381558170125
- limited: 0.036796247664541606
- levels: 0.03599236115583636
- line: 0.03583891342762676
- range: 0.03510448996206462
- motion: 0.03505735786149019
- worsening: 0.03433142826939589
- did: 0.03148386368360126
- muscle: 0.03131954319822801
- factoid: 0.030565668302185066
- week: 0.02961240222783906
- swelling: 0.029049090448787063
- radiograph: 0.027774986264503698
- medical: 0.026829691837408205
- tenderness: 0.026519513498792176
- month: 0.02615933204898581
- 6: 0.02604204246300892
- see: 0.026022624604375388
- time: 0.024628583951421555
- she: 0.024477409606675226
- secondary: 0.02437785680111028
- fracture: 0.022990554390538556
- over: 0.02220043459326492
- none: 0.02162979088681639
- physical: 0.021392910914094267
- pain: 0.021298125867974176
- soft: 0.021233946571362752
- tissue: 0.020667563147475445
- noted: 0.020667563147475445
- woman: 0.020141866811111287
- lower: 0.019610837442488392
- exam: 0.01915544836683202
- lateral: 0.018843551485964796
- after: 0.018040828598053085
- no: 0.017560084708240855
- that: 0.015061027842436972
- on: 0.014773285966641387
- disease: 0.014252423889956164
- there: 0.012976689351683557
- not: 0.012600190527978932
- an: 0.012057804737599284
- history: 0.012043005486806972
- at: 0.011813909722771765
- is: 0.011475322007851542
- to: 0.008715675682509923
- in: 0.0085999434722501
- the: 0.0070535349338584595
- a: 0.004046936753251033
- of: 0.0035664428815710743
- .: 0.003260161478327719
- with: 0.0011939201641825482
