Texto: 
abd:  diffuse abdominal tenderness, no rebound or guarding
corticosteroids, immunosuppresive agents
dilated loops of small bowel with distal stricture and entero-entero fistulas
crohn's disease
crohn's disease, ulcerative colitis
31 yo white woman with known crohn's disease currently on humira.


Keywords by value: 
- crohn: 0.291512117994711
- entero-entero: 0.18756422178652124
- immunosuppresive: 0.17281640943418197
- humira: 0.17281640943418197
- fistulas: 0.12491658393191613
- 's: 0.12025829478938584
- ulcerative: 0.11591962965914944
- corticosteroids: 0.11073618109196326
- agents: 0.10657140285523785
- colitis: 0.09975285189194481
- guarding: 0.09842263153063983
- stricture: 0.09747684934828167
- abd: 0.0962778506982576
- 31: 0.0954209592272376
- rebound: 0.09514282983218754
- loops: 0.08916054490813248
- disease: 0.08915346007759813
- currently: 0.0720462296811076
- dilated: 0.06606577460833252
- white: 0.06030008963217059
- known: 0.057533001797102544
- bowel: 0.05702028793371828
- tenderness: 0.05529600686982199
- diffuse: 0.05504271107181521
- yo: 0.054709606878782166
- distal: 0.049431459339277166
- abdominal: 0.04544509017281096
- woman: 0.04199793505295545
- small: 0.0418845805187472
- :: 0.024048400340226914
- or: 0.02130899465880229
- no: 0.01830732235540004
- ,: 0.017279365884082173
- on: 0.01540193643330698
- with: 0.0049789011102080736
- and: 0.0038299788453663498
- of: 0.002478804272297626
- .: 0.000755309278666942
