Texto: 
not available
laminectomy and fusion at l4-5
• moderate degeneration l4-l5 facet joints
• lateral recess and neural foramen mass at l4-5 on right.
• mass is high signal intensity on t2 images and appears to arise from the right l4-5 facet joint
synovial cyst
• herniated disc
• schwannoma
• synovial cyst
• metastatic lesion
52 year old woman with long-standing back and right leg pain


Keywords by value: 
- l4-5: 0.2505893032957654
- •: 0.16131030089957668
- synovial: 0.14422045348642212
- facet: 0.1334956560279542
- laminectomy: 0.09083031021104764
- long-standing: 0.08713450979515197
- recess: 0.0848675880329864
- l4-l5: 0.0823035676337985
- herniated: 0.0718190116359143
- cyst: 0.06754032753017948
- 52: 0.06695350804301739
- degeneration: 0.06379678837482781
- neural: 0.06363061844462292
- arise: 0.06221398448964597
- foramen: 0.05998999964076474
- disc: 0.0585181840737503
- joints: 0.0575035830224716
- schwannoma: 0.05739505203280068
- fusion: 0.056052531147368224
- moderate: 0.04941466630307054
- leg: 0.04941466630307054
- appears: 0.046775423835253654
- intensity: 0.04542162759381325
- available: 0.04224586836529114
- back: 0.04145685787275702
- joint: 0.040638665515324725
- right: 0.03977786951957721
- t2: 0.03556748189338753
- mass: 0.03495473549845778
- high: 0.03439038325112964
- at: 0.0340518574362245
- signal: 0.03313344603342321
- metastatic: 0.03163396181788368
- woman: 0.02902798452189568
- lateral: 0.027156883023890445
- lesion: 0.02559640038235963
- images: 0.024106821940431677
- on: 0.021290912128394943
- from: 0.018624054605209005
- not: 0.018159098113851992
- pain: 0.01534717893427551
- year: 0.014060371606954628
- old: 0.012866685247974333
- and: 0.010588765043071673
- is: 0.008268982035069495
- to: 0.00628041335945568
- the: 0.002033077716229791
- with: 0.0017206496483807314
- .: 0.0005220520014315628
