Texto: 
large mass left orbit with proptosis.
no light perception in the left eye.
orbital exenteration
• invasive orbital mass on left.
• mass is complex heterogenous, enhances irregularly, and invades the cavernous sinus via the superior orbital fissure.
squamous cell carcinoma of orbit, superior orbital fissure, and cavernous sinus
• metastatic carcinoma
• lymphoma
• orbital pseudotumor
• mixed salivary gland tumor
76 year old man with an 8 month history of a painful mass left eye.  now he presents with proptosis


Keywords by value: 
- orbital: 0.2227112356686122
- proptosis: 0.104889388046856
- •: 0.10331962757775084
- fissure: 0.10069037185426899
- orbit: 0.09460788829559667
- cavernous: 0.08710962989114025
- eye: 0.07877823751894311
- exenteration: 0.07718416433778509
- invades: 0.07549020082319984
- perception: 0.07052333133151789
- sinus: 0.06868481251961402
- salivary: 0.06341753831036347
- irregularly: 0.06107057017521996
- superior: 0.05997238894624597
- pseudotumor: 0.05433315838525943
- carcinoma: 0.05322917956078828
- 76: 0.053038839312112354
- mass: 0.05224004426143141
- heterogenous: 0.048183534342013015
- invasive: 0.04718384447162042
- squamous: 0.04594274105205344
- painful: 0.044636573987474004
- enhances: 0.04435598825115351
- light: 0.04381543611718899
- left: 0.04202660524276548
- mixed: 0.0412409163839509
- via: 0.04030795546322028
- gland: 0.03999306254277658
- complex: 0.03760319645729821
- 8: 0.03511118195878405
- now: 0.03210017131540272
- month: 0.02817158836044626
- lymphoma: 0.02683734763065369
- he: 0.026199860901461754
- cell: 0.0253652825448515
- metastatic: 0.023638564874902093
- man: 0.022208042231758235
- tumor: 0.02189266265506386
- large: 0.020533433316825053
- presents: 0.019182904346240946
- an: 0.012985328178953075
- history: 0.012969390524253666
- ,: 0.011899343539221424
- year: 0.01050665131069137
- old: 0.009614665899585217
- no: 0.009455430227514309
- on: 0.00795484628972998
- is: 0.006179019542689293
- in: 0.0046307387927500545
- the: 0.004557668726493158
- a: 0.00435823958042419
- and: 0.003956241884224582
- with: 0.0038572805304359255
- of: 0.002560523094461284
- .: 0.0019505239613926524
