Texto: 
pulmonology medicine follow-up. steroid treatment in the short term.
multiple radiographs and ct images demonstrate bilateral hilar and mediastinal adenopathy with airspace opacities within the right upper and lower lobes.
pulmonary sarcoidosis
sarcoidosis
infection, to include atypical organisms.
tuberculosis
lymphoma
28 y.o. man


Keywords by value: 
- sarcoidosis: 0.15753842311694846
- pulmonology: 0.14019608724308538
- organisms: 0.10567208702530842
- airspace: 0.10514197505789494
- steroid: 0.09207047613800669
- opacities: 0.09099611423014095
- hilar: 0.08762713973300934
- tuberculosis: 0.08307318970618872
- medicine: 0.08272131610548453
- short: 0.08220462614662147
- 28: 0.08220462614662147
- term: 0.07980089072506262
- adenopathy: 0.07765067611980085
- lobes: 0.07685025340238696
- atypical: 0.07558225786959091
- mediastinal: 0.0740435228188927
- follow-up: 0.0567354488049335
- radiographs: 0.05523001716739046
- pulmonary: 0.0509500063310217
- infection: 0.05069421579740422
- y.o: 0.05033427413442245
- lymphoma: 0.04984078845692828
- include: 0.04892149975572013
- bilateral: 0.04232281080233559
- upper: 0.04208327561976976
- man: 0.04124350700183672
- demonstrate: 0.04013167635373552
- lower: 0.039221674884976784
- multiple: 0.03673073476488303
- treatment: 0.035298305297977284
- images: 0.03345436514182355
- within: 0.03326798792624656
- ct: 0.02439395211004169
- right: 0.01840064712470238
- and: 0.01102095953462562
- to: 0.008715675682509923
- in: 0.0085999434722501
- the: 0.005642827947086767
- ,: 0.0055246952146385175
- .: 0.0036224016425863547
- with: 0.0023878403283650964
