Texto: 
pain with palpation and motion of the left arm.  distal pulses and sensation intact.
fracture through a centrally located radiolucent lesion with cortical thinning and mild osseous expansion.  the lesion is located in the proximal 1/3 of the left humerus, and has a narrow zone of transition.
simple bone cyst (sbc), pathologic fracture
simple bone cyst
aneurysmal bone cyst
left arm pain after minor trauma.


Keywords by value: 
- sbc: 0.11912862735089863
- simple: 0.11379319562103803
- arm: 0.09673179624693376
- located: 0.0950594880383368
- cyst: 0.09309612713619335
- bone: 0.08608518978891365
- 1/3: 0.07510029575601374
- radiolucent: 0.07108338327671736
- thinning: 0.06861957845517742
- transition: 0.067390230101046
- centrally: 0.06292750460279495
- aneurysmal: 0.06271798856852515
- narrow: 0.06230845681858828
- zone: 0.06133584195878977
- fracture: 0.06089390081818321
- pulses: 0.05974417931478459
- humerus: 0.05941456508337703
- minor: 0.05925272466382681
- expansion: 0.05689659781051901
- sensation: 0.05304282832087493
- pathologic: 0.05054519741530637
- osseous: 0.04902881916386139
- lesion: 0.047042033135147425
- motion: 0.04642731176251404
- intact: 0.042415738131056986
- cortical: 0.04209560608886233
- left: 0.03876102442998303
- palpation: 0.0385397173020007
- proximal: 0.034669502455500205
- through: 0.032796716465146876
- trauma: 0.03158119975348553
- distal: 0.031395656607378745
- mild: 0.03040883045852888
- pain: 0.02820562614947932
- after: 0.023891908143367602
- has: 0.02168513473640916
- a: 0.010718913562664899
- (: 0.009761644949241359
- and: 0.009730216526065863
- ): 0.009642401244774394
- is: 0.007598524032226023
- the: 0.007472934308304097
- ,: 0.007316488257223984
- in: 0.0056945571640575
- of: 0.004723127059377909
- with: 0.0031622750294564793
- .: 0.0023986173038747483
