Texto: 
diffuse expiratory wheezing
• bronchodilators
• steroids
hyperinflated lungs with flattening of hemidiaphragms and increased ap diameter
asthma with air trapping
• reactive airway disease (asthma)
• viral illness with diffuse air trapping
wheezing, no fever
• reactive airway disease and viral illness can have similar features to include bronchial wall thickening (cuffing and tram-tracks), hyperinflation from air trapping (partial bronchial obstruction), and atelectasis (areas of complete bronchial obstruction; ie: mucous plugging)
• airblock phenomena are more likely in asthmatic patients, to include pneumomediastinum and pneumothorax


Keywords by value: 
- trapping: 0.16672265657835048
- bronchial: 0.1453567953124313
- wheezing: 0.09888634826117215
- airway: 0.09510150826840158
- illness: 0.09510150826840158
- asthma: 0.09442347723488796
- •: 0.09402086109575326
- tram-tracks: 0.08815518423966498
- airblock: 0.08815518423966498
- air: 0.08673787879655898
- viral: 0.08609317834899298
- reactive: 0.08089667599001667
- bronchodilators: 0.07716906135298389
- asthmatic: 0.07429224062846608
- hyperinflated: 0.06736076882286662
- cuffing: 0.06736076882286662
- hemidiaphragms: 0.06618293846630278
- phenomena: 0.06330611774178498
- expiratory: 0.06107468222864288
- plugging: 0.06042929701726717
- obstruction: 0.06026800097178871
- hyperinflation: 0.05819786150412507
- ie: 0.05557421885945016
- pneumomediastinum: 0.053190108625000176
- diffuse: 0.0517401484075063
- mucous: 0.049236981258558715
- include: 0.047943069760605736
- flattening: 0.04656635340606826
- atelectasis: 0.041059882226541645
- steroids: 0.04019727878369757
- pneumothorax: 0.04011497379233241
- features: 0.03606032271125077
- diameter: 0.035951625988881734
- partial: 0.03417355722448746
- similar: 0.033516866189408884
- lungs: 0.032357885979802756
- ap: 0.03125158969642438
- complete: 0.030073759339860544
- thickening: 0.028966245696933516
- fever: 0.028912626265519662
- (: 0.028894469049754422
- areas: 0.02875347171246067
- ): 0.028541507684532202
- disease: 0.027934750824314084
- wall: 0.02475159120238746
- likely: 0.024102899659356566
- patients: 0.022115745993660257
- more: 0.02137176309312166
- increased: 0.020904847817996557
- ;: 0.020254211884525936
- can: 0.019382223524690698
- have: 0.01850438078365092
- from: 0.012664357131542124
- are: 0.011648738725296018
- :: 0.01130274815990665
- ,: 0.010828402620691496
- and: 0.009000450286610923
- no: 0.00860444150703802
- to: 0.008541362168859725
- in: 0.0042139723014025495
- with: 0.003510125282696692
- of: 0.0023300760159597686
