Texto: 
large enhancing soft tissue mass centered in the left renal hilum.
renal lymphoma
transitional cell carcinoma, lymphoma, fungal infection
63 y/o caucasian female with weight loss, malaise and gross hematuria. non smoker.


Keywords by value: 
- malaise: 0.1407837505570203
- transitional: 0.13768419698711548
- hilum: 0.13557780994307506
- renal: 0.1351302920767405
- smoker: 0.13362760014955602
- centered: 0.1318119982683205
- lymphoma: 0.12853677023102555
- 63: 0.12468371000159943
- fungal: 0.10901814709222608
- caucasian: 0.10735052567294744
- gross: 0.10712069198955916
- hematuria: 0.10666696024128268
- non: 0.09295564987443447
- weight: 0.0806038364510754
- enhancing: 0.07052509297065156
- infection: 0.06536885721244229
- loss: 0.06527537295969578
- carcinoma: 0.06373493868462807
- y/o: 0.06227971131104317
- cell: 0.06074317662056542
- soft: 0.05476123063140921
- tissue: 0.05330055759085772
- large: 0.04917216925871262
- female: 0.04623053345915351
- mass: 0.031275289656514854
- left: 0.025160664980866176
- ,: 0.021371847277680583
- in: 0.011089400793164603
- and: 0.0047370790982162745
- the: 0.003638139071148047
- with: 0.003079057265523414
- .: 0.002802594955053653
