Texto: 
no physical exam was performed.
conservatively
flouroscopic examination revealed a finger like sac (windsock deformity) in the second portion of the duodenum. there is separation of the adjacent duodenal lumen by a radiolucent line representing the wall of the diverticulum. (halo sign).
intraluminal duodenal diverticulum
intraluminal polyp when duodenum is emptied of the barium
54 year old caucasian female presents as an outpatient with chronic gerd type symptoms.


Keywords by value: 
- intraluminal: 0.12585003923154225
- duodenal: 0.12136061552142768
- duodenum: 0.12015230342701487
- windsock: 0.11448725225930519
- diverticulum: 0.10572951417151294
- emptied: 0.09648342938761828
- flouroscopic: 0.084583549752889
- halo: 0.08021378044612
- radiolucent: 0.06831390081139072
- gerd: 0.06690852958229679
- separation: 0.06448533535397974
- polyp: 0.06317239877123468
- outpatient: 0.06317239877123468
- conservatively: 0.06175422614831272
- finger: 0.05876699977685854
- 54: 0.058590302996913354
- representing: 0.057257132164964225
- sac: 0.05380116350005964
- barium: 0.05380116350005964
- lumen: 0.053442052703559506
- caucasian: 0.052978181500935105
- like: 0.05137280544941333
- deformity: 0.04778857125865242
- line: 0.045613162544252246
- second: 0.04262505110699972
- portion: 0.04019748892674139
- sign: 0.03844735716576716
- type: 0.037410704264245594
- revealed: 0.03561654402423498
- adjacent: 0.03508878239135412
- examination: 0.03449900046070864
- wall: 0.03214492363946424
- when: 0.03178352256644163
- chronic: 0.03125960562216883
- performed: 0.030942575730224926
- symptoms: 0.027657889310365443
- physical: 0.027227341163392708
- exam: 0.02437966155778621
- female: 0.02281506846036148
- presents: 0.02267070513646657
- (: 0.018762642240100276
- ): 0.018533446548397534
- by: 0.01847884289928409
- as: 0.016786720855767896
- there: 0.016515786447597255
- an: 0.015346296938762726
- is: 0.014604955282720147
- was: 0.012834773015762167
- year: 0.012416951548998894
- old: 0.011362786972237074
- no: 0.011174599359789638
- the: 0.010772671535347464
- a: 0.010301293553729904
- of: 0.0060521454959994
- in: 0.0054726913005227916
- .: 0.002305164681645862
- with: 0.0015195347544141526
