Texto: 
pain over the second metatarsal
referral to orthopedics for treatment.
focus of increased radiopharmaceutical at the 2nd metatarsal on both pool and delayed imaging

plain film shows a completed stress fracture.
stress fracture
<li>trauma - stress fracture or frank fracture
<li>neoplasm
<li>osteomyelitis
patient complaining of right foot pain over the ball of the foot with no history of trauma.


Keywords by value: 
- li: 0.1923734597292331
- stress: 0.15830764317237747
- <: 0.13935488144373762
- metatarsal: 0.1325251988674137
- fracture: 0.12693376508579035
- >: 0.11996482456346047
- foot: 0.0995018224008031
- radiopharmaceutical: 0.08425781802690538
- orthopedics: 0.07292862344000159
- ball: 0.07256277151882891
- pool: 0.07054726667881941
- completed: 0.06934786092754748
- frank: 0.06851091134345169
- referral: 0.06824262690724474
- trauma: 0.06583123328895575
- over: 0.06128570676450599
- 2nd: 0.060023120174168415
- complaining: 0.05874827499753699
- osteomyelitis: 0.05593424419025221
- focus: 0.054067389880928504
- delayed: 0.048985638651622254
- second: 0.046227168101957435
- film: 0.046227168101957435
- neoplasm: 0.04098812078749195
- plain: 0.039088221305480064
- shows: 0.0330897704187166
- both: 0.030735211136424245
- increased: 0.029443447630981067
- pain: 0.02939741316987985
- imaging: 0.028198222879656377
- -: 0.025798992376174133
- treatment: 0.024360802247899816
- history: 0.0166227399677054
- at: 0.016306523279318776
- or: 0.014105954210756444
- right: 0.012699038156484743
- no: 0.01211893170005355
- patient: 0.012064675083329408
- for: 0.010269128854122749
- on: 0.010195648061484902
- the: 0.007788692095978918
- of: 0.006563594411154278
- to: 0.00601504378088713
- a: 0.005585912701670441
- and: 0.002535338108904485
- with: 0.0016479461421111232
- .: 0.00149998039847942
