Texto: 
open sore on superior left breast in association with a palpable mass.
she underwent chemotherapy prior to surgical therapy.
mammography and ultrasound demonstrates a large spiculated mass in the superior left breast.
infiltrating ductal carcinoma of the breast
breast cancer
fat necrosis
hematoma
phlegmon
she presented to the er with left breast “abscess”; prior evaluation in 2005 revealed left breast infiltrating ductal carcinoma; she decided to forgo treatment as she needed to care for other ill family members


Keywords by value: 
- breast: 0.22253350191745075
- she: 0.11288405371549046
- infiltrating: 0.1092030859781379
- forgo: 0.10371198145842939
- ductal: 0.09477709838081065
- phlegmon: 0.07185256732781516
- members: 0.0710932906085496
- sore: 0.0653814339522943
- decided: 0.0653814339522943
- ill: 0.0653814339522943
- superior: 0.06420573404833392
- spiculated: 0.06123059425085028
- mammography: 0.058416127320664
- carcinoma: 0.05698653341213804
- 2005: 0.0542450094655945
- prior: 0.05162618287534973
- association: 0.048847992115934484
- ;: 0.047656969140061026
- left: 0.04499318914225481
- open: 0.04468515984884204
- needed: 0.0437855085077616
- family: 0.04120367582264366
- necrosis: 0.03968353780523182
- er: 0.038566872434681904
- “: 0.03754706962093129
- ”: 0.03733660415327511
- care: 0.036260907612573556
- chemotherapy: 0.03603465629577488
- hematoma: 0.03577608092261282
- palpable: 0.03563083579529165
- underwent: 0.03449642394680258
- cancer: 0.03304900311017371
- revealed: 0.03226439870430698
- abscess: 0.03178630875452079
- fat: 0.030575439092725098
- ultrasound: 0.02982497158830945
- evaluation: 0.029202809362668326
- mass: 0.027963788398766225
- presented: 0.02740420747085187
- therapy: 0.026878127014595448
- other: 0.023172218220028806
- large: 0.02198285213918917
- demonstrates: 0.02196024943121395
- surgical: 0.02113202082648769
- treatment: 0.020348434818833964
- to: 0.020097322750258176
- as: 0.015206794186989739
- in: 0.01487284341671488
- a: 0.009331760042790618
- for: 0.008577742925208413
- on: 0.008516364851357977
- the: 0.004879386518951498
- with: 0.00275303943740917
- and: 0.0021177530086143345
- of: 0.0013706329505645696
- .: 0.001252924803435751
