Texto: 
t6 myelopathy
surgery with fusion of t4-t6
hemangioma at t5 with extension of tumor into spinal canal compressing the cord
spine,  bone  hemangioma with spinal cord compression
• hemangioma
• metastatic disease
• epidural hematoma
• epidural abscess
20 y.o. woman with long history of back pain.  now presents with leg weakess


Keywords by value: 
- hemangioma: 0.20827124455649362
- t4-t6: 0.16028215316302724
- weakess: 0.16028215316302724
- epidural: 0.15310357229012386
- t6: 0.12247412513248476
- cord: 0.11807905164383277
- •: 0.11396468011606457
- t5: 0.1136467103000902
- spinal: 0.11126458946834858
- myelopathy: 0.11104487677935068
- compressing: 0.09414422298618386
- fusion: 0.06930131123674617
- canal: 0.06172697135807658
- leg: 0.061094496520159934
- compression: 0.0581590422963623
- 20: 0.05586391338467301
- extension: 0.05546049674875733
- hematoma: 0.05529030688040163
- long: 0.053567663833322246
- now: 0.05311119254002995
- back: 0.05125575155177231
- spine: 0.05116551901827905
- abscess: 0.049124295347895766
- y.o: 0.04484326241066727
- metastatic: 0.039111080065747095
- bone: 0.03860790329927036
- surgery: 0.03772725571564136
- into: 0.03696957032654012
- tumor: 0.03622240548383293
- woman: 0.03588914449979829
- presents: 0.0317389871910532
- disease: 0.02539522802210371
- history: 0.02145844614012879
- at: 0.021050239142393325
- pain: 0.018974693955104267
- with: 0.010636743280899067
- of: 0.006354752770799369
- ,: 0.0049220011912234065
- the: 0.002513623358247742
- .: 0.0012908922217216828
