Texto: 
• patient is disoriented.  no focal findings.
• normal  laboratory findings.
anticoagulation
• ct - bilateral frontal lobe lesions with mild mass effect.

• mri - cortical and gyral enhancement of the frontal lobe lesions.
• dwi - no restricted diffusion

• mrv - occlusion of the anterior aspect of the superior sagittal sinus.
venous infarction from sinus thrombosis
• viral encephalitis
• meningitis
• multifocal glioma
• metastases
31 year old woman, previously healthy, presents with "multiple seizures" the day before admission.
history reveals that she is a smoker and taking birth control pills. both of these are risk factors for increased clotting.


Keywords by value: 
- •: 0.1339328505637511
- -: 0.06262319516951671
- gyral: 0.05410779294169656
- pills: 0.05342366723508514
- clotting: 0.05342366723508514
- sinus: 0.053421520848588686
- disoriented: 0.05164897180963006
- mrv: 0.048927145047933183
- frontal: 0.04588533221339073
- smoker: 0.04340041714259085
- encephalitis: 0.04079031757377734
- lobe: 0.0393047068021117
- multifocal: 0.03928214289564438
- lesions: 0.039103598399041845
- dwi: 0.03879360944402088
- taking: 0.03879360944402088
- 31: 0.038331496441710834
- meningitis: 0.03789309221617621
- anticoagulation: 0.03688639960372849
- viral: 0.03679195655939871
- occlusion: 0.03642428660141844
- birth: 0.03509391643294158
- restricted: 0.0336129615502575
- control: 0.03329519229178097
- glioma: 0.03292883584364608
- healthy: 0.03292883584364608
- factors: 0.032810125483298494
- diffusion: 0.03269304134348515
- admission: 0.03218514886082873
- seizures: 0.03140046895268238
- thrombosis: 0.031350632026949106
- metastases: 0.031202841453358842
- findings: 0.031091229671623245
- before: 0.03091471275812541
- previously: 0.030681809831224763
- infarction: 0.029850499528445217
- sagittal: 0.02913116797014
- reveals: 0.028574767096538663
- laboratory: 0.026915313981658685
- cortical: 0.02662457137244284
- venous: 0.026510988191941278
- risk: 0.026454757669735783
- effect: 0.025859472248455088
- superior: 0.023322595701317877
- day: 0.023187690849170342
- aspect: 0.022942666106695365
- focal: 0.02085891969349062
- she: 0.020502445653454465
- enhancement: 0.019576827060880653
- mild: 0.019232935503684934
- these: 0.01900721958938325
- anterior: 0.018810195074895193
- both: 0.018651281971676252
- ``: 0.017949872116511258
- increased: 0.017867391297432957
- bilateral: 0.017724937857388413
- '': 0.01760469659813883
- woman: 0.016870965363153047
- mri: 0.01678013551209077
- multiple: 0.015382957294694608
- presents: 0.014920036713742958
- no: 0.014708447020577813
- that: 0.012615219902212167
- normal: 0.011449679099137617
- from: 0.010824236864565918
- ct: 0.010216270541812334
- mass: 0.010157786384167219
- history: 0.010087303741086184
- are: 0.009956186944697451
- is: 0.009611808177516678
- year: 0.008171839908315512
- old: 0.007478073477455168
- patient: 0.007321298554840924
- for: 0.006231693578142865
- the: 0.0047264712719188315
- ,: 0.004627522487474998
- of: 0.003983035924717554
- a: 0.003389741895885481
- and: 0.0030770770210635638
- .: 0.0027307335459497138
- with: 0.0020000713861519615
