Texto: 
n/a
sonographic images off the left testicle demonstrate enlarged peritesticular veins with markedly increased blood flow on color doppler imaging with valsalva.
varicocele
varicocele
25 year old male with left testicular pain.


Keywords by value: 
- varicocele: 0.3485380391806079
- peritesticular: 0.22696782750877612
- valsalva: 0.1697351760659728
- testicle: 0.13985515921823763
- testicular: 0.12896181250362307
- color: 0.12268022131838605
- sonographic: 0.1218438114560174
- doppler: 0.12157021167183171
- veins: 0.1202391354486517
- markedly: 0.11896569998531863
- off: 0.11479010406560136
- 25: 0.10159488994873743
- n/a: 0.09103548962820843
- enlarged: 0.08575356089364725
- flow: 0.08306040814289753
- blood: 0.06860032566203822
- increased: 0.061484846523519286
- imaging: 0.0588845242486942
- demonstrate: 0.0578368276862659
- left: 0.05624148642781851
- images: 0.048213643880863355
- male: 0.04544722170257274
- pain: 0.03069435786855102
- year: 0.028120743213909255
- old: 0.025733370495948666
- on: 0.021290912128394943
- with: 0.01032389789028439
- the: 0.004066155432459582
- .: 0.0020882080057262513
