Texto: 
unrevealing
• bony inflitrative masses with bilateral calvarial and orbital involvement.  
• skull mass has both epidural and scalp extension.
• orbital metastases invade superior and lateral extraconal spaces.
metastatic neuroblastoma
• metastatic neuroblastoma
• langerhan histocytosis
5 year old boy who presents with painless skull mass and diplopia
this boy had an abdominal/retroperitoneal neuroblastoma that was diagnosed last year.


Keywords by value: 
- neuroblastoma: 0.20026048320452317
- inflitrative: 0.13774247537447654
- abdominal/retroperitoneal: 0.13774247537447654
- orbital: 0.1266670152865232
- •: 0.12242299621842874
- skull: 0.11373027160602091
- histocytosis: 0.10974623366778817
- unrevealing: 0.10733762929548726
- extraconal: 0.1034108413535981
- invade: 0.09891580897153902
- calvarial: 0.0954291909822545
- langerhan: 0.09347351687359816
- boy: 0.0907725556226866
- diplopia: 0.07791995355433443
- scalp: 0.07541459964690975
- metastatic: 0.06722216886300282
- painless: 0.06708952885808528
- epidural: 0.0657866912184126
- spaces: 0.0657866912184126
- metastases: 0.05704269453192163
- last: 0.05704269453192163
- bony: 0.05339618316326165
- diagnosed: 0.04909679932492196
- involvement: 0.04893654150980963
- extension: 0.047661364393463336
- masses: 0.04513425621868886
- superior: 0.04263662026647174
- 5: 0.03906500660069005
- mass: 0.03713940646711139
- who: 0.034812006392839094
- both: 0.034096874854470646
- bilateral: 0.03240340202053819
- year: 0.029878289664778585
- lateral: 0.0288541882128836
- had: 0.028810153425636066
- presents: 0.027275692117311342
- has: 0.025073437038973093
- that: 0.023062198883731615
- an: 0.018463513504448904
- was: 0.015441836284588856
- this: 0.015017768958033329
- old: 0.013670853075972728
- and: 0.011250562858263653
- with: 0.0036563805028090542
- .: 0.002218721006084142
