Texto: 
peripherally inserted central catheter
needs long term iv access for antibiotic treatment


Keywords by value: 
- inserted: 0.48498217920104225
- needs: 0.4511934201920285
- access: 0.4511934201920285
- peripherally: 0.4251621964385158
- antibiotic: 0.3644055972896818
- catheter: 0.34216568522118035
- term: 0.32585363712733906
- iv: 0.2598687447884245
- long: 0.2455184592360603
- central: 0.23430261307166325
- treatment: 0.14413474663340725
- for: 0.06075901238689292
