Texto: 
wrist pain. swelling.
abnormal alignment of the distal radius, lunate, and capitellum
lunate dislocation
1. dislocation
2. fracture
fell on outstretched hand


Keywords by value: 
- lunate: 0.4003538854863288
- dislocation: 0.3092098367976736
- capitellum: 0.2545497633319338
- outstretched: 0.20123074944270725
- alignment: 0.2001769427431644
- radius: 0.18094786768435336
- fell: 0.1572357925097753
- wrist: 0.15184553744272752
- hand: 0.13508513522720858
- swelling: 0.10949272553773587
- 2.: 0.10451708237693301
- 1.: 0.10266112178067696
- abnormal: 0.0937343169351889
- distal: 0.08935686880561643
- fracture: 0.0866567050104915
- pain: 0.04013877567425903
- on: 0.02784196201405493
- ,: 0.020823851193637492
- and: 0.006923423297393018
- the: 0.0053172801809086845
- of: 0.004480915415307247
- .: 0.0027307335459497138
