Texto: 
pulmonary - bilbasilar rhonci, increased sob

cbc - 5.2/13.8/40.9/241
bmp - 145/3.4/104/31/13/1.0/87
ck - 104
high dose prednisone 1 mg/kg
methotrexate
pulmonary fibrosis in a bibasilar pattern.  characterisitc honeycomb pattern commonly seen in interstitial lung disease.
interstitial lung disease
dermatomyositis 
other connective tissue disease
asbestos
radiation
medication side effect
63 yo male with hx of dermatomyositis c/o increased sob
interstitial lung disease is seen in approximately 10% of cases of dermatomyositis.


Keywords by value: 
- dermatomyositis: 0.24989257003336174
- interstitial: 0.1650311619369814
- sob: 0.13123360598624745
- bilbasilar: 0.11599366347324339
- 5.2/13.8/40.9/241: 0.11599366347324339
- 145/3.4/104/31/13/1.0/87: 0.11599366347324339
- characterisitc: 0.11599366347324339
- rhonci: 0.10687330583429674
- mg/kg: 0.1015382386223472
- lung: 0.09770364948310839
- -: 0.0964067609846507
- honeycomb: 0.09038958256462085
- pattern: 0.08595900892292838
- ck: 0.08329752334445391
- 104: 0.0795122329174568
- asbestos: 0.07473716063207038
- bmp: 0.07417716570550727
- disease: 0.07351250216924758
- bibasilar: 0.07262738892055486
- methotrexate: 0.07168713939447399
- prednisone: 0.06650418826674914
- connective: 0.06620169460589785
- c/o: 0.06590599913416025
- pulmonary: 0.06569869237421219
- 63: 0.062341855000799716
- dose: 0.05883832897516861
- medication: 0.05664024891381116
- hx: 0.05566514401705166
- increased: 0.05501275741578041
- cbc: 0.05024087039739977
- fibrosis: 0.05006425170881897
- seen: 0.04443756881757079
- commonly: 0.04242804530862686
- effect: 0.039809977014069006
- side: 0.03895324344426409
- 10: 0.03790295037298566
- cases: 0.03745803768396227
- radiation: 0.03689804275739916
- approximately: 0.03478707666520504
- yo: 0.03383357267503634
- high: 0.030770342908905467
- 1: 0.0267542943152593
- tissue: 0.02665027879542886
- %: 0.0262279083335001
- other: 0.02591629669345327
- male: 0.020331651814308856
- in: 0.016634101189746904
- is: 0.007398562873483232
- a: 0.005218418444981596
- of: 0.004598834242025859
- ,: 0.003561974546280097
- with: 0.001539528632761707
- .: 0.0014012974775268266
