Texto: 
term infant with grunting and chest retractions
high lung volumes with "coarse, ropey" perihilar markings.
meconium aspiration syndrome
meconium aspiration syndrome
transient tachypnea of the newborn
neonatal pneumonia
newborn with respiratory distress


Keywords by value: 
- meconium: 0.31555690044651935
- newborn: 0.2587019633670459
- ropey: 0.24487551177684716
- aspiration: 0.2237792600658029
- grunting: 0.18711324673018506
- perihilar: 0.1616607264003474
- retractions: 0.16030544406230762
- volumes: 0.15901322140578283
- neonatal: 0.14240663805146003
- tachypnea: 0.14105135571342026
- coarse: 0.1403977307853593
- syndrome: 0.13577258759636895
- markings: 0.13161058277946608
- transient: 0.12849621338722422
- infant: 0.1123564944305787
- term: 0.10861787904244635
- distress: 0.10001618517659756
- respiratory: 0.0985461184695325
- pneumonia: 0.09811985264523637
- lung: 0.06875442000663183
- high: 0.06495961280768932
- ``: 0.058337084378661586
- '': 0.05721526394395119
- chest: 0.056798027779375516
- with: 0.00975034800749081
- ,: 0.007519724042146871
- and: 0.00500025015922829
- the: 0.00384025790843405
- of: 0.0032362166888330116
- .: 0.0009860982249262854
