Texto: 
• negative physical examination
• mild hypertension
• negative drug screen.
• normal carotid and cardiac ultrasound
• anticoagulation.
• no pre-existing condition or drugs found to account for infarction.
• ct low attenuation lesion left frontal lobe close to vertex.
• mri frontal lobe lesion which is high signal on t2 and flair.
• t2 "shine through" on dwi images.
cortical cerebral vein thrombosis, frontal lobe venous infarct
• encephalitis
• low grade glioma
• post traumatic edema
• venous thrombosis and infarct
56 year old woman "found down" by ems and brought into hospital disoriented.  ct ordered and showed lesion left frontal lobe.


Keywords by value: 
- •: 0.17263717432836054
- frontal: 0.09099294693163923
- lobe: 0.07794323213300115
- shine: 0.06883365460514028
- infarct: 0.06426504920542749
- thrombosis: 0.06216989740937365
- venous: 0.05257263760096829
- pre-existing: 0.05234289063009525
- ems: 0.05121126865870099
- disoriented: 0.05121126865870099
- vertex: 0.049754910549153035
- found: 0.04564450193986631
- lesion: 0.04425140405085902
- negative: 0.04325627392160804
- screen: 0.04207941374793593
- t2: 0.040993029978819526
- account: 0.04090283370679851
- encephalitis: 0.04044463691637244
- low: 0.040274034794345756
- drugs: 0.040009947980884725
- brought: 0.03933161994975306
- dwi: 0.03846485004195291
- 56: 0.038118900935849055
- drug: 0.03715848834850156
- anticoagulation: 0.03657380299691723
- ``: 0.03559550911240368
- close: 0.03534853834597564
- '': 0.03491100850817361
- ordered: 0.034065490494658957
- flair: 0.033200666305216835
- glioma: 0.03264977791276772
- carotid: 0.03247382883269629
- down: 0.031084948704686824
- traumatic: 0.03033115645030974
- condition: 0.030286198380566575
- infarction: 0.02959752919345839
- attenuation: 0.029115432800220668
- hypertension: 0.02854899196864566
- cardiac: 0.027583362652126867
- grade: 0.027583362652126867
- hospital: 0.02726352936413664
- cortical: 0.02639893941165942
- vein: 0.026202824762831502
- cerebral: 0.0250885296759667
- showed: 0.023744095490878785
- post: 0.022803686720951642
- examination: 0.02251205962266581
- ultrasound: 0.02148408970344325
- through: 0.020567432359498886
- edema: 0.02048240245280755
- ct: 0.020259383955797336
- high: 0.019818186958278097
- signal: 0.019093850256548972
- mild: 0.019069944524840142
- physical: 0.017766993810010494
- into: 0.017231579389489042
- woman: 0.01672799108041446
- mri: 0.01663793097385271
- left: 0.016205174055473132
- images: 0.013892066880926729
- which: 0.013518174468157193
- on: 0.012269339192634374
- by: 0.012058227993600634
- normal: 0.011352647920331365
- or: 0.00848748092342125
- year: 0.008102587027736566
- and: 0.007627500242890612
- old: 0.007414699973408937
- no: 0.00729189958223561
- to: 0.0072384425159828176
- for: 0.00617888261561623
- is: 0.0047651760880061496
- .: 0.002406748209989578
- ,: 0.0022941530976041302
