Texto: 
- thin appearing male
- coarse breath sounds
- non-labored respirations, no grunting, stridor, retractions, wheezing, or cough
following diagnosis of vascular ring, this patient was referred to a tertiary care center for further evaluation of treatment options.  the patient is currently awaiting a treatment plan.
upper gi demonstrates a posterior indentation in the esophagus.  ct with contrast demonstrates a right-sided aortic arch with an aberrant left subclavian artery coursing behind the esophagus causing significant narrowing.  3-d reconstructions demonstrate the ligamentum arteriosum (arrow) completing the vascular ring.
vascular ring
• vascular ring
• aortic arch aneurysm
• foregut cyst
• lymphoma
• neuroblastoma
• metastasis
8 month old baby boy with history of noisy breathing when active, now spitting up more frequently and losing weight.


Keywords by value: 
- ring: 0.11346660964308306
- vascular: 0.08005152194067704
- •: 0.06715775792553805
- spitting: 0.06296798874261784
- arteriosum: 0.0551207581092742
- arch: 0.05493864463414996
- non-labored: 0.05306588616319005
- noisy: 0.05306588616319005
- esophagus: 0.05299389928665597
- 3-d: 0.05147200365380284
- completing: 0.0501697068195603
- aortic: 0.04941331641849265
- grunting: 0.048114834873476155
- losing: 0.048114834873476155
- reconstructions: 0.046520952364088944
- arrow: 0.04464692190360686
- foregut: 0.04464692190360686
- tertiary: 0.043624773020459195
- indentation: 0.04316378358376226
- coursing: 0.04193628174857184
- retractions: 0.04122139990173625
- awaiting: 0.04122139990173625
- ligamentum: 0.04122139990173625
- stridor: 0.04088911407577273
- respirations: 0.03942629684258692
- -: 0.03925132411517922
- plan: 0.037371424896502775
- coarse: 0.036102273630520966
- wheezing: 0.03531655295041863
- aberrant: 0.03434418027667162
- breathing: 0.032828647991359934
- behind: 0.03222466664830234
- subclavian: 0.031151222340807073
- neuroblastoma: 0.03051588315497496
- center: 0.02993246864773019
- right-sided: 0.029793768034465182
- baby: 0.02972541481292125
- options: 0.029657709498960225
- gi: 0.027419890582470883
- appearing: 0.02713027562251124
- demonstrates: 0.026666017166474085
- frequently: 0.02645379025435682
- causing: 0.026368246032594564
- thin: 0.025087239399338733
- treatment: 0.0247088137085841
- narrowing: 0.02447461924392855
- sounds: 0.024345333232188425
- currently: 0.024186948535800407
- aneurysm: 0.024124565107452162
- cough: 0.023387534848629085
- active: 0.02330399170746343
- referred: 0.02303236745325458
- metastasis: 0.022848195187856617
- breath: 0.022822268273209628
- 8: 0.022822268273209628
- care: 0.022015551050491088
- weight: 0.021878184179577608
- now: 0.020865111355011765
- boy: 0.020748012713756935
- further: 0.01941031529857327
- month: 0.018311532434290068
- artery: 0.018175214229344278
- evaluation: 0.017730277113048625
- when: 0.017480937411542895
- lymphoma: 0.0174442759599249
- following: 0.017323412549293916
- significant: 0.016413193936101595
- up: 0.016413193936101595
- cyst: 0.01640265097161502
- more: 0.015265545066515474
- upper: 0.014729146466919417
- posterior: 0.014068846776446061
- demonstrate: 0.014046086723807433
- diagnosis: 0.014015852362717284
- contrast: 0.013662683477199324
- ,: 0.01353550327586437
- patient: 0.012237027584519828
- a: 0.011331422909102893
- male: 0.011037182413481951
- ct: 0.008537883238514591
- an: 0.008440463316319499
- history: 0.008430103840764881
- or: 0.007153733921169339
- was: 0.007059125158669191
- this: 0.006865265809386664
- left: 0.006829323351949391
- old: 0.00624953283473039
- no: 0.0061460296478843
- for: 0.005207915347447965
- (: 0.005159726616027575
- ): 0.0050966978008093215
- the: 0.004937474453700921
- is: 0.00401636270274804
- to: 0.003050486488878473
- in: 0.003009980215287535
- with: 0.0025072323447833515
- of: 0.002496510017099752
- .: 0.001521408689886269
- and: 0.001285778612372989
