Texto: 
non focal neurological exam
none required
small round cystic apprearing structure without mass effect in the region of the pineal gland.  low signal intensity on t1 and high intensity on t2.
pineal gland cyst
pineal cyst
47y/o male with multiple migraine headaches scheduled for routine mri of brain.


Keywords by value: 
- pineal: 0.3146930894803983
- apprearing: 0.17285330243071564
- 47y/o: 0.17285330243071564
- gland: 0.1427203408389282
- intensity: 0.12112434025016866
- migraine: 0.10822905015612096
- cyst: 0.09005377004023932
- scheduled: 0.0844050768127382
- structure: 0.0760989115850158
- neurological: 0.07250048257940674
- round: 0.07238342048163214
- non: 0.06926107245546098
- routine: 0.06718522929705877
- headaches: 0.06404788900139761
- required: 0.060308343368377725
- effect: 0.05932467162880872
- t1: 0.05310775561224007
- brain: 0.050418657319662
- cystic: 0.04832613151474036
- focal: 0.04785281576741965
- t2: 0.04742330919118337
- region: 0.047325514259594366
- low: 0.04659153044836077
- high: 0.04585384433483952
- signal: 0.04417792804456429
- none: 0.0415631275864315
- without: 0.03945123855604236
- small: 0.03859951538002193
- mri: 0.038495604998325876
- exam: 0.03680850862646153
- multiple: 0.035290313793711156
- male: 0.03029814780171516
- on: 0.028387882837859924
- mass: 0.02330315699897185
- for: 0.014296238208680688
- in: 0.008262690787063822
- the: 0.0054215405766127765
- of: 0.004568776501881899
- and: 0.003529588347690558
- with: 0.0022941995311743083
- .: 0.0020882080057262513
