Texto: 
non-contributory
no treatment required.  further imaging can be performed as needed as occasional hemorrhage can occur.
single non-contrast ct image demonstrates a well-circumscribed right adrenal mass with a focus of low density (-37 hu).  this lesion was stable when compared to a prior study two years earlier.
adrenal myelolipoma
myelolipoma
adrenal adenoma
70 year old male with incidentally noted finding on ct exam. the study was ordered for hematuria.


Keywords by value: 
- adrenal: 0.16857982029484514
- myelolipoma: 0.15695921303186278
- -37: 0.11448725225930519
- study: 0.07302938589246648
- hu: 0.07168417607743077
- well-circumscribed: 0.05876699977685854
- occasional: 0.058590302996913354
- earlier: 0.054810371088726086
- non-contrast: 0.054170487335391246
- 70: 0.05332452237213201
- hematuria: 0.05264083752167198
- ordered: 0.0522042581606462
- can: 0.05034343772646934
- incidentally: 0.05031007793970382
- focus: 0.04985434651358343
- needed: 0.04833465224882774
- compared: 0.04697430380130744
- adenoma: 0.046344082490987176
- stable: 0.04574303375638969
- single: 0.044982601175200414
- occur: 0.04163696920495505
- non-contributory: 0.04098748322346594
- required: 0.03994448716606837
- hemorrhage: 0.036938397197091376
- density: 0.03651469294623324
- finding: 0.03576703253296729
- further: 0.03529148236104231
- image: 0.03466479436750131
- as: 0.03357344171153579
- years: 0.03258757320803224
- when: 0.03178352256644163
- two: 0.03178352256644163
- ct: 0.031046848140053065
- performed: 0.030942575730224926
- low: 0.030859325361901294
- prior: 0.028494971067563164
- noted: 0.026304171278605116
- imaging: 0.026000958759163674
- was: 0.025669546031524333
- exam: 0.02437966155778621
- demonstrates: 0.024241833787703716
- lesion: 0.022604613324681232
- treatment: 0.022462557916894638
- male: 0.020067604388149002
- be: 0.01711372367979129
- a: 0.015451940330594854
- mass: 0.015434558531786553
- this: 0.012482301471612119
- year: 0.012416951548998894
- right: 0.011709502715719697
- old: 0.011362786972237074
- no: 0.011174599359789638
- for: 0.009468936995359938
- on: 0.009401181978771794
- (: 0.009381321120050138
- ): 0.009266723274198767
- to: 0.005546339070688133
- with: 0.003039069508828305
- .: 0.002766197617975034
- the: 0.0017954452558912443
- of: 0.00151303637399985
