Texto: 
lp - csf negative  for lymphoma
radiation with chemotherapy to follow.
enhancing mass involving the corpus callosum and spreading into both cerebral hemispheres.  there is a separate component in the frontal horn of the left lateral ventricle
glioblastoma multiforme (who grade 4 astrocytoma)
• lymphoma
• glioma (astrocytoma)
• abscess
• metastatic disease
66 year old woman with problems ambulating. family noted marked change in personality over past 3 months
expansile or tumefactive corpus callosum lesions are almost always infiltrating gliomas or primary cns lymphoma.


Keywords by value: 
- callosum: 0.09429465860479966
- corpus: 0.09054512339738509
- lymphoma: 0.07878060110933825
- spreading: 0.07243093421813616
- astrocytoma: 0.07136236986394186
- personality: 0.07003154119325218
- ambulating: 0.06807109434600536
- •: 0.06739846673530701
- lp: 0.06432586107430412
- gliomas: 0.06061789885611347
- tumefactive: 0.05935141460174376
- multiforme: 0.0533910841102843
- separate: 0.05094603204366429
- glioblastoma: 0.0505875759117547
- horn: 0.04990463606527808
- infiltrating: 0.04990463606527808
- 66: 0.04941947009452034
- hemispheres: 0.04895525319274391
- always: 0.047276105550213984
- cns: 0.047020077069636367
- expansile: 0.04505963022238954
- almost: 0.044445023621959984
- problems: 0.04253447332908415
- component: 0.041966274604628456
- glioma: 0.04142659993232894
- csf: 0.0383709070086668
- family: 0.03765927360134098
- marked: 0.03585891936155384
- change: 0.03581420957500907
- grade: 0.03499824508549431
- ventricle: 0.03443430449009063
- chemotherapy: 0.03293490091549318
- involving: 0.03224093832261606
- cerebral: 0.03183275808348464
- radiation: 0.03015323924260577
- follow: 0.029195693246735852
- past: 0.029195693246735852
- abscess: 0.02905200262509965
- frontal: 0.028863354134229652
- enhancing: 0.028816704654674834
- negative: 0.027442152272848113
- primary: 0.02721918562253437
- 4: 0.025601848442785433
- months: 0.025096142953656638
- lesions: 0.024597424799397288
- who: 0.023956649560663464
- both: 0.023464516028883026
- over: 0.023394006345590995
- metastatic: 0.02313020864103323
- into: 0.021863724386663518
- noted: 0.021778722456479504
- or: 0.02153812363362812
- 3: 0.021515865878564945
- woman: 0.0212247628762248
- lateral: 0.01985664565187689
- -: 0.019696004932347997
- (: 0.015534660779437862
- ): 0.015344896604587207
- disease: 0.01501868323887854
- there: 0.01367436082220418
- mass: 0.012779150612339404
- are: 0.012525525511070987
- left: 0.010280701820138868
- year: 0.010280701820138868
- old: 0.009407898890991986
- in: 0.009062306024521611
- for: 0.0078398725660507
- is: 0.006046137401986298
- to: 0.00459213019831168
- the: 0.004459654345278252
- a: 0.0042645139980494766
- with: 0.0025162188406427904
- and: 0.001935580706798048
- .: 0.0015268617676277968
- of: 0.0012527290408385853
