Texto: 
see above
endovascular coil placed to occlude the cc fistula
mri-- proptosis on the right with enlarged superior opthalmic vein and extraoccular muscles especially the superior rectus and lateral rectus muscles.
carotid cavernous fistula
cavernous sinus thrombosis
carotid cavernous fistula
pseudotumor of the orbit
orbital lymphoma
orbital cellulitis
50 year old woman presents with right sided painful ophthalmoplegia, chemosis, and proptosis.


Keywords by value: 
- fistula: 0.1904793459401012
- cavernous: 0.18015855272940368
- rectus: 0.1498278003957154
- proptosis: 0.14462021685248327
- extraoccular: 0.12306623096070535
- orbital: 0.12282862088390127
- muscles: 0.11826859206758929
- carotid: 0.11611853946236855
- ophthalmoplegia: 0.11256400095222133
- opthalmic: 0.10918303805352118
- occlude: 0.10408497386229068
- chemosis: 0.0972367144116383
- superior: 0.0826892029410361
- endovascular: 0.08105731092676927
- coil: 0.08105731092676927
- cellulitis: 0.07693710311641105
- pseudotumor: 0.0749139001978577
- cc: 0.06941533211165514
- orbit: 0.06522210480984317
- painful: 0.06154436716454748
- --: 0.059472262056738556
- thrombosis: 0.055576120411409774
- especially: 0.05329092511240093
- placed: 0.052408062868098265
- 50: 0.04925754570672431
- sided: 0.047871615350706755
- above: 0.047453616009512374
- sinus: 0.047350893479430875
- vein: 0.04684747457597147
- enlarged: 0.0441760768240001
- see: 0.0386396547155877
- lymphoma: 0.03700300961196191
- woman: 0.02990762041649858
- mri: 0.029746603862342725
- lateral: 0.02797981887309925
- right: 0.02732217300334596
- presents: 0.026449155992544333
- year: 0.014486443473832041
- old: 0.013256584800943253
- on: 0.010968045641900426
- the: 0.008378744527492472
- ,: 0.008203335318705679
- and: 0.008182227533282658
- to: 0.006470728915802823
- with: 0.0035455810936330222
- of: 0.0017652091029998248
- .: 0.0010757435181014024
