Texto: 
progressive destruction of brain parenychyma in the first month of life.
fungal meningeal infections (presumed candida albicans)
bacterial meningitis
fungal meningitis
neonatal male of 26+2 gestational age, unstable vital signs and electrolytes referred for baseline echoencephalography.


Keywords by value: 
- meningitis: 0.21626789216061543
- parenychyma: 0.21501264448698776
- 26+2: 0.21501264448698776
- fungal: 0.202082419000224
- echoencephalography: 0.19810661569284277
- albicans: 0.17575806125688775
- candida: 0.1544051652238658
- electrolytes: 0.1445157723431789
- meningeal: 0.1328834779019518
- neonatal: 0.12503997487445273
- unstable: 0.1232760562993399
- baseline: 0.1232760562993399
- presumed: 0.11817625635157017
- gestational: 0.1110448426079313
- bacterial: 0.10665529676771175
- destruction: 0.10293655058126606
- vital: 0.09971050256717458
- infections: 0.0990714203136618
- life: 0.09092492899351498
- progressive: 0.08237656378154397
- referred: 0.07864710837696687
- signs: 0.07335063253624523
- first: 0.06993862036063055
- age: 0.06343683720839773
- brain: 0.06271589081226249
- month: 0.06252718392196609
- male: 0.037687939948474955
- for: 0.017783125576651588
- (: 0.017618578688874648
- ): 0.017403358344226953
- in: 0.010277981222933047
- of: 0.008524668351072323
- ,: 0.006602684524811888
- and: 0.004390463554444352
- the: 0.003371933773259166
- .: 0.0017316846876754281
