Texto: 
non contributory
none
• absent corpus callosum
• probst bundles
• colpocephaly
• abnormal radial configuration of midline sulci
agenesis of the corpus callosum
none
6 year old boy with developmental delay


Keywords by value: 
- callosum: 0.274043851570199
- corpus: 0.2631467648736504
- probst: 0.24115331672807463
- colpocephaly: 0.2105024025714582
- •: 0.19587679394948598
- bundles: 0.18694703374719632
- agenesis: 0.15794744713352923
- sulci: 0.15261539972631788
- configuration: 0.14913959862912338
- contributory: 0.13739618175530938
- delay: 0.13252523267072236
- none: 0.1324824691817504
- developmental: 0.1241041042971221
- radial: 0.12242745700048709
- absent: 0.1157353323628111
- non: 0.11038483422589093
- midline: 0.10331656522932878
- boy: 0.0907725556226866
- 6: 0.07975375504296482
- abnormal: 0.07615913250984098
- year: 0.029878289664778585
- old: 0.027341706151945457
- of: 0.007281487549874277
- the: 0.004320290146988306
- with: 0.0036563805028090542
