Texto: 
large left neck mass and fullness in nasopharynx and oropharynx.
resection of the mass planned with a combined neurosurgery and ent surgery team approach
• large left middle cranial fossa mass with left sided neck component.
• mass is complex in signal and enhances dramatically.
• there is smooth bone erosion of the skull base.
giant trigeminal schwannoma
• schwannoma
• neurofibroma
• sarcoma
• malignant peripheral nerve sheath tumor
• glomus tumor
27 year old man with a one year history of left facial numbness and decreased hearing in left ear.  he presents now with double vision.
it is unclear exactly from where this mass originated.  based on its location and presentation, the fifth cranial nerve (trigeminal) nerve is the likely source of the tumor.


Keywords by value: 
- •: 0.09150448768443141
- trigeminal: 0.0780990149075441
- nerve: 0.06742217795227679
- schwannoma: 0.0569761100471598
- cranial: 0.05424309483419415
- exactly: 0.051268313538236805
- dramatically: 0.04916844439625301
- originated: 0.04916844439625301
- tumor: 0.04362552485279149
- mass: 0.043374489304655636
- nasopharynx: 0.042854594487591664
- glomus: 0.04002418915176127
- unclear: 0.039768048131241046
- oropharynx: 0.03904950745377205
- ent: 0.03742072240768293
- team: 0.03742072240768293
- neck: 0.03663128667180266
- fullness: 0.03564739263680417
- planned: 0.03550565478383263
- neurosurgery: 0.035096242618496545
- left: 0.03489435289317207
- neurofibroma: 0.03458380277416626
- combined: 0.03446112307842626
- sheath: 0.03434047123936633
- fifth: 0.034221781305995666
- source: 0.0329303162829367
- approach: 0.03273565754511071
- erosion: 0.031501523749169584
- hearing: 0.03073246889035333
- ear: 0.03073246889035333
- double: 0.030170709466002033
- giant: 0.03003677414725607
- numbness: 0.029970716953680032
- enhances: 0.029462736721569113
- 27: 0.028930570511291102
- vision: 0.028817401266503034
- component: 0.0284880550235799
- sarcoma: 0.027772869561096657
- smooth: 0.02730178546520198
- large: 0.027277991705563207
- facial: 0.027121547417097075
- skull: 0.026564734973669117
- where: 0.02545724273851764
- fossa: 0.025421895114606782
- complex: 0.024977305676015596
- base: 0.024434002064462532
- based: 0.023786061038444967
- its: 0.02353672586463972
- sided: 0.023062238052165295
- middle: 0.02281137934045575
- peripheral: 0.022568856365066548
- malignant: 0.022545041433425554
- location: 0.021756990415356885
- presentation: 0.021484676164168482
- now: 0.02132201160366166
- resection: 0.019451939091388457
- decreased: 0.018545667173171968
- likely: 0.017593357415588734
- he: 0.01740282731410963
- one: 0.016903148783289374
- signal: 0.016445798031188164
- is: 0.016417249003933595
- bone: 0.015499523222334817
- surgery: 0.015145978571972809
- man: 0.014751327321824811
- it: 0.014020791127978223
- year: 0.013957741157268827
- presents: 0.01274192916429143
- there: 0.00928259530266415
- from: 0.00924405630039571
- in: 0.009227676572414342
- history: 0.008614704654796228
- and: 0.007883606090462122
- this: 0.0070156000971834526
- old: 0.006386383918702588
- a: 0.005789778128738704
- on: 0.005283876002667358
- (: 0.005272713330247157
- ): 0.005208304321994928
- the: 0.005045594332249116
- with: 0.003416180323792401
- of: 0.00340157082621864
- .: 0.00207296561152387
- ,: 0.001975985879688229
