Texto: 
follow clinically.  repeat ultrasound if indictated.
gray scale and color flow doppler demonstrated normal size and echotexture of both testes.  there was no tenderness during the examination.  blood flow was normal to both testes.  the scrotal wall was not thickened.  a large fluid-filled space surround the right testicle, but no the left.  there was no debris or septation in the fluid collection.
hydrocele
hydrocele
hematocele
pyocele
63 yo male with painless swelling of right testicle over 2 weeks.  no history of trauma, infection, or cancer.
see factoid.


Keywords by value: 
- hydrocele: 0.12093996480919382
- testes: 0.10593628754785686
- testicle: 0.09415990917663523
- indictated: 0.08728236063333167
- hematocele: 0.08041951726145102
- pyocele: 0.08041951726145102
- surround: 0.06354082327889235
- septation: 0.06354082327889235
- flow: 0.05592185894769339
- fluid-filled: 0.05465031245507098
- echotexture: 0.053607139032716265
- debris: 0.051530698131903696
- scrotal: 0.05004275552745481
- scale: 0.04835339397269477
- 63: 0.046910702772878995
- both: 0.04321188100368557
- painless: 0.04251217670215305
- gray: 0.041393954809275865
- color: 0.04129829232500125
- doppler: 0.04092462571130969
- repeat: 0.03979928592445304
- was: 0.039139703850047
- thickened: 0.03793972081443725
- clinically: 0.03709519031431947
- collection: 0.03581209299703637
- no: 0.03407699606747731
- factoid: 0.029657777164496402
- size: 0.028365107637413577
- swelling: 0.028186246178031015
- space: 0.027985712941352818
- cancer: 0.027813517468958073
- follow: 0.026883163088578556
- normal: 0.0265269792989921
- examination: 0.0263012181730155
- during: 0.02589118069231493
- tenderness: 0.025731805177045874
- yo: 0.025458925973294674
- see: 0.025249675358700874
- there: 0.025182486266633438
- ultrasound: 0.025100223613923795
- demonstrated: 0.024825940420366014
- infection: 0.024594223505671357
- wall: 0.024506525942957883
- fluid: 0.02404593172875102
- weeks: 0.02401265105842721
- trauma: 0.023138700809484446
- blood: 0.023093178935735637
- if: 0.02295785578000629
- over: 0.021541015743960026
- or: 0.019832133642845695
- large: 0.018500420117139402
- 2: 0.018218856401094517
- but: 0.018044587138945918
- right: 0.017854093249711222
- male: 0.01529906473155914
- not: 0.012225927442989459
- history: 0.01168529245254538
- left: 0.009466388804682323
- ,: 0.008040893035166951
- the: 0.006844023995229
- to: 0.004228397113296894
- in: 0.00417224980336886
- a: 0.00392673071107526
- .: 0.0038662861096119706
- and: 0.003564534766974623
- of: 0.0034605089345937155
- with: 0.0011584571890088094
