Texto: 
large right face mass
treatment for this recurrence will first involve external beam radiation.  after this, embolisation may be tried with or without subsequent surgical excision.
a large right nasopharyngeal mass has recurred in a benign, expansile remodeling format - disrupting the pterygoid plate from the sphenoid bone.  this tumor is highly vascular, demonstrating marked enhancement at ct and mr, with flow voids on mr, and a characteristic dense tumor stain at angiography.
juvenile nasopharyngeal angiofibroma (jna)
diagnosis confirmed at histology after first resection.
juvenile nasopharyngeal angiofibroma (jna)
sarcoma
meningioma
this young pacific island teenager presents with a recurrent right face mass.
this boy's jna recurred after excision.  its impressive size now requires the stepwise treatment described above.


Keywords by value: 
- jna: 0.17916995389867396
- nasopharyngeal: 0.13070176469272796
- recurred: 0.09437681104659011
- angiofibroma: 0.09083031021104764
- juvenile: 0.06847993147951215
- format: 0.06481998841151837
- stepwise: 0.06481998841151837
- face: 0.06162567074532686
- embolisation: 0.059723317966224654
- pacific: 0.05674195687719403
- teenager: 0.052985886114208805
- disrupting: 0.05164528643190031
- excision: 0.051577216567136666
- pterygoid: 0.048663925342869695
- impressive: 0.047188405523295056
- island: 0.0465486159866066
- tried: 0.04398753735228149
- beam: 0.0424337940164932
- first: 0.04216887404096841
- mr: 0.039929403999212264
- remodeling: 0.039811184134590755
- after: 0.039000026528144174
- stain: 0.038677723253507976
- histology: 0.03733712357119948
- voids: 0.03590950581795715
- this: 0.03533592696007842
- sphenoid: 0.03496378980455941
- requires: 0.03337391400698855
- angiography: 0.03157154299204013
- plate: 0.03149205096186208
- expansile: 0.03081283537266343
- highly: 0.030257632780691778
- dense: 0.029679374491580653
- involve: 0.029617843244003326
- tumor: 0.02929753384721781
- sarcoma: 0.027977081837281193
- large: 0.027478565173986468
- recurrence: 0.02741119182892731
- young: 0.027365942817351
- demonstrating: 0.027276271691661157
- described: 0.026760063907299035
- external: 0.026718638777017745
- characteristic: 0.02659574553456377
- recurrent: 0.026514943170037334
- mass: 0.026216051623843335
- at: 0.025538893077168376
- treatment: 0.025435543523542457
- marked: 0.024521172798709606
- subsequent: 0.024460152189778026
- meningioma: 0.024162421591581433
- its: 0.023709790025409128
- confirmed: 0.023627938257991157
- above: 0.02302896071049865
- benign: 0.021684193875244128
- now: 0.021478791100747407
- boy: 0.021358248381808612
- size: 0.021065263760138026
- flow: 0.020765102035724382
- radiation: 0.020619494482076003
- vascular: 0.020601494617086005
- right: 0.019888934759788604
- will: 0.019657948664552515
- resection: 0.019594968055295727
- enhancement: 0.01684182916266938
- bone: 0.015613490304851985
- without: 0.014794214458515883
- diagnosis: 0.01442808331456191
- 's: 0.013853283958581214
- may: 0.01378182624189797
- -: 0.013468591608149732
- surgical: 0.013207513016554805
- presents: 0.01283561981991122
- has: 0.011799264488928514
- a: 0.011664700053488273
- (: 0.010622966562409714
- ): 0.010493201354607427
- ,: 0.009952575938135566
- be: 0.009689387671646538
- from: 0.009312027302604503
- ct: 0.00878899745141208
- or: 0.007364137860027261
- for: 0.005361089328255258
- on: 0.005322728032098736
- is: 0.004134491017534748
- in: 0.0030985090451489334
- the: 0.003049616574344687
- and: 0.0026471912607679182
- with: 0.0025809744725710975
- .: 0.0020882080057262513
