Texto: 
multiple areas of high signal on t2 weighted images with no evidence of impingement in the spinoglenoid notch, or quadrilateral space.
parsonage-turner syndrome
nerve compression/impingement syndrome
myopathy
posttraumatic nerve severed
cervical disk disease
acute onset of pain in the left shoulder.  with weakness to abduction.


Keywords by value: 
- spinoglenoid: 0.1799085392646224
- compression/impingement: 0.1799085392646224
- quadrilateral: 0.16576267843686843
- severed: 0.157487880312212
- parsonage-turner: 0.15161681760911444
- myopathy: 0.12919615865670403
- posttraumatic: 0.12919615865670403
- nerve: 0.12567127046886964
- abduction: 0.11190436558757742
- notch: 0.11118821620367395
- syndrome: 0.09975128884631189
- impingement: 0.09888217368192605
- disk: 0.0944053812640831
- weighted: 0.07582963257433264
- shoulder: 0.07030368154773133
- weakness: 0.06476757863323233
- cervical: 0.06336921237942099
- areas: 0.05868055451522585
- space: 0.057684836879114985
- onset: 0.05504941277398265
- t2: 0.04935895446429289
- high: 0.04772542981789419
- signal: 0.04598110878107711
- evidence: 0.04572331802789546
- acute: 0.0430587618184999
- multiple: 0.03673073476488303
- images: 0.03345436514182355
- disease: 0.02850484777991233
- pain: 0.021298125867974176
- or: 0.020439239774769538
- left: 0.019512352434141116
- no: 0.017560084708240855
- in: 0.0171998869445002
- on: 0.014773285966641387
- to: 0.008715675682509923
- of: 0.007132885763142149
- the: 0.005642827947086767
- ,: 0.0055246952146385175
- with: 0.004775680656730193
- .: 0.002173440985551813
