Texto: 
well nourished well developed male
anticoagulant therapy
on ap portable chest radiograph there is an acute cut off of the right lower lobe pulmonary artery which corresponds to a low attenuation filling defect on the ct angiograph.
pulmonary embolism
pulmonary embolism
pulmonary hypertension
partial dysgenesis of the pulmonary artery
48 year-old male with acute onset of shortness of breath


Keywords by value: 
- pulmonary: 0.2080458591850053
- angiograph: 0.1469253070661083
- embolism: 0.13935964785789542
- dysgenesis: 0.10854888884954088
- anticoagulant: 0.10551019623630829
- cut: 0.09199469263270282
- corresponds: 0.09080370989966706
- nourished: 0.08586594629728087
- artery: 0.08481766640360663
- portable: 0.08463081342805216
- acute: 0.07032931097021651
- 48: 0.06967982392894771
- off: 0.0650477256371741
- well: 0.0644360317656217
- shortness: 0.05991937664813622
- filling: 0.05733733360470555
- attenuation: 0.05726035117376731
- partial: 0.05695592870747909
- hypertension: 0.056146350871669796
- developed: 0.05483442474724524
- defect: 0.05331245543833211
- breath: 0.053251959304155806
- year-old: 0.05231274369497028
- ap: 0.052085982827373964
- male: 0.05150685126291577
- radiograph: 0.04536581089868938
- onset: 0.04495702043208583
- low: 0.03960280088110666
- lobe: 0.0383220891320589
- therapy: 0.038077346604010215
- chest: 0.034078816667625314
- lower: 0.03203103448939771
- which: 0.026585743120709146
- on: 0.024129700412180936
- there: 0.021195259274416477
- ct: 0.019921727556534048
- an: 0.019694414404745498
- right: 0.015027195151840278
- is: 0.00937151297307876
- of: 0.007766920053199229
- to: 0.007117801807383104
- the: 0.00691246423518129
- a: 0.006609996696976688
- with: 0.0019500696014981623
- .: 0.0005916589349557712
