Texto: 
multiple large, diffuse pulmonary nodules
metastatic renal carcinoma
neoplasia 
 malignant 
   mets (breast, thyroid, kidney, gi, testes)
   lymphoma
   bac
 benign
   av malformations
   amyloidosis

inflammatory
 sarcoidosis, fungal (histo, coccidio, crypto), tb

wegener’s granulomatosis

rheumatoid lung disease

septic emboli
64 year old male with chronic cough and hematuria


Keywords by value: 
- coccidio: 0.12861510225497313
- crypto: 0.12861510225497313
- bac: 0.12382040104744346
- histo: 0.11449347124851975
- neoplasia: 0.09875244443450557
- wegener: 0.09080370989966706
- av: 0.08969218699135587
- testes: 0.08916304201944619
- amyloidosis: 0.08916304201944619
- granulomatosis: 0.08916304201944619
- mets: 0.08206163543093119
- malformations: 0.0795411192688658
- 64: 0.07761058901011376
- emboli: 0.07709772803233454
- septic: 0.07474641806133613
- fungal: 0.06904482649174319
- tb: 0.0685839676362347
- hematuria: 0.0675557414861457
- rheumatoid: 0.06727324884758282
- sarcoidosis: 0.06432818943942062
- gi: 0.06397974469243206
- nodules: 0.05904198109004586
- thyroid: 0.05837187408207851
- cough: 0.0545709146468012
- breast: 0.05254263239717587
- malignant: 0.05147784460632168
- kidney: 0.050173057584166826
- inflammatory: 0.04938859906986706
- benign: 0.04915083945055335
- diffuse: 0.04311679033958858
- renal: 0.04279125915763449
- ’: 0.042567112327424265
- pulmonary: 0.04160917183700106
- lung: 0.0412526520039791
- s: 0.040846127785243116
- lymphoma: 0.0407033105731581
- ,: 0.040606509827593104
- carcinoma: 0.040365461166931106
- chronic: 0.04011649388178333
- metastatic: 0.035851823393601503
- large: 0.031142373863851328
- multiple: 0.02999676672465448
- male: 0.025753425631457886
- (: 0.024078724208128684
- ): 0.02378458973711017
- disease: 0.023278959020261735
- year: 0.015935087821215246
- old: 0.014582243281037577
- and: 0.003000150095536974
- with: 0.0019500696014981623
