Texto: 
non conclusive
elongated styloid process on the left side.
calcification or ossification of the right stylohyoid ligament is seen.
pseudoarticulation between the ossified stylohyoid ligament and hyoid bone on the right side.
ossification of stylohyoid ligament
vague pain in the neck  for the last 6 years, dysphagia off and on, pain from the back of the ear, more on the left side than the right


Keywords by value: 
- stylohyoid: 0.29026513837652895
- ligament: 0.16585222376386244
- side: 0.12508928880693257
- pseudoarticulation: 0.12416223132347182
- ossification: 0.12220229885882511
- conclusive: 0.09892618246110484
- hyoid: 0.09321540629056731
- styloid: 0.08345276994465259
- ossified: 0.080626422121242
- elongated: 0.07774199377411506
- vague: 0.06473254533507594
- ear: 0.059300679408146574
- dysphagia: 0.05861349399730951
- off: 0.054969908989161216
- last: 0.051418766902013864
- non: 0.04975091120040155
- process: 0.046338950490629784
- calcification: 0.04368712138672013
- on: 0.04078259224593961
- back: 0.03970515965278137
- between: 0.03814782445386259
- right: 0.03809711446945423
- 6: 0.03594535438556161
- neck: 0.03534145263406313
- years: 0.03534145263406313
- than: 0.03153589936504611
- more: 0.030101074779044595
- bone: 0.029907530724786902
- pain: 0.02939741316987985
- left: 0.026932542796420135
- seen: 0.02378348753616465
- the: 0.019471730239947298
- from: 0.017837122720481866
- or: 0.014105954210756444
- ,: 0.011438453472561439
- for: 0.010269128854122749
- is: 0.007919588427953882
- in: 0.005935172255496548
- and: 0.00507067621780897
- of: 0.004922695808365708
- .: 0.00149998039847942
