Texto: 
incidental finding not requiring further work-up.
upper gi/ barium swallow demonstrates a 4.5cm smooth contoured diverticulum projecting from the second portion of the duodenum.  this was seen to change in size during the course of the exam.
duodenal diverticulum
• duodenal ulcer
• perforation
• diverticulum
58 y/o man with history of choking sensation while eating.


Keywords by value: 
- diverticulum: 0.20352931478016242
- duodenal: 0.15574612325249887
- gi/: 0.1469253070661083
- 4.5cm: 0.12010134185887329
- contoured: 0.12010134185887329
- choking: 0.11706264924564071
- eating: 0.08674334185537122
- projecting: 0.08544398283087602
- swallow: 0.08311461712462338
- work-up: 0.0804422396233704
- requiring: 0.0786862310290733
- 58: 0.0786862310290733
- ulcer: 0.07841074266321978
- •: 0.0783507175797944
- duodenum: 0.07709772803233454
- perforation: 0.07327796360283166
- barium: 0.06904482649174319
- sensation: 0.06541948826241241
- smooth: 0.06233907681221119
- change: 0.05551202484126405
- second: 0.05470214892064963
- incidental: 0.05392980996633793
- course: 0.05374219072426069
- portion: 0.05158677745598477
- size: 0.04774793118964619
- finding: 0.045901025083974686
- further: 0.04529073569667097
- while: 0.04481082066420522
- during: 0.04358348749873013
- y/o: 0.039443817163660674
- upper: 0.03436800842281197
- man: 0.03368219738483332
- exam: 0.0312872323324923
- demonstrates: 0.031110353360886432
- seen: 0.028143793584461504
- from: 0.02110726188590354
- not: 0.020580311195698923
- history: 0.019670242295118056
- was: 0.01647129203689478
- this: 0.01601895355523555
- the: 0.00921661898024172
- to: 0.007117801807383104
- in: 0.0070232871690042485
- a: 0.006609996696976688
- of: 0.0058251900398994215
- .: 0.002366635739823085
- with: 0.0019500696014981623
