Texto: 
tender to palpation in right upper quadrant.
alk phos 502
ast 438
alt 468
tbili 4.4
dbili 3.9
subsequent placement of a percutaneous cholecystotomy drain.
on ultrasound, there is sludge in the gallbladder with a thickened wall.  positive sonographic murphy's sign.  on heptobilliary scan, there is non-visualization of the gallbladder.
cholecystitis and percutaneous cholecystotomy
• cholecystitis
• acalculous cholecystitis
• choledocholithiasis
70 year old man with right upper quadrant pain.


Keywords by value: 
- cholecystotomy: 0.22317768161940502
- cholecystitis: 0.17236147993482695
- percutaneous: 0.11455845526121791
- 502: 0.11158884080970251
- 438: 0.11158884080970251
- 468: 0.11158884080970251
- heptobilliary: 0.11158884080970251
- gallbladder: 0.10394906892795353
- non-visualization: 0.09768235614301757
- dbili: 0.09121620900673921
- acalculous: 0.08695706677102766
- 4.4: 0.08377587147633264
- 3.9: 0.07730972434005427
- quadrant: 0.07613609959458366
- choledocholithiasis: 0.07500185653253587
- tbili: 0.07305058210434272
- sludge: 0.07084357720377592
- murphy: 0.06732925142405086
- alk: 0.06312502566427093
- phos: 0.06312502566427093
- drain: 0.05955246278219224
- •: 0.05950687411123625
- ast: 0.058748495621150136
- alt: 0.058748495621150136
- sonographic: 0.05243910872790622
- upper: 0.052204569756170084
- 70: 0.05197453446397676
- thickened: 0.048505212686812176
- tender: 0.04390393535758265
- placement: 0.04390393535758265
- subsequent: 0.0421086164279723
- sign: 0.037474006351443934
- palpation: 0.03610049468795003
- positive: 0.035099817598533124
- there: 0.03219533054341744
- ultrasound: 0.03209015930387726
- wall: 0.031331128104287925
- scan: 0.030281917220670612
- man: 0.025581415735316446
- 's: 0.023848691371734745
- right: 0.022826119217985233
- on: 0.018326354743428558
- is: 0.014235209579360142
- pain: 0.013210229968743476
- year: 0.012102598345226768
- old: 0.011075121479269045
- in: 0.010668284307348225
- a: 0.010040501311863324
- ,: 0.00685341938018449
- to: 0.00540592542332894
- the: 0.0034999818912310326
- with: 0.002962131040250373
- of: 0.0029494633113414793
- .: 0.0026961672985326285
- and: 0.002278595009268588
