Texto: 
vss
gen:  nad, aox3
heent: perla, eomi, cn ii-xii intact, normal dentition with no evidence of abscess, mild tenderness at left maxillary sinus
cardiac: rrr
lung: cta
abdomen: soft, non-tender
surgical removal of the cyst.
expansile process involving left maxillary bone extending into left maxillary sinus with erosion of the maxillary bone and associated left maxillary teeth roots.  there appears to be a sclerotic limb extending into the left maxillary sinus, and a tooth is noted to be suspended within the expansile lesion.  there is bilateral maxillary sinus inflammatory disease with the left maxillary sinus completely occluded with the sinus inflammatory process and left maxillary process which appears to be of odontogenic origin.  there are foci of gas noted within the left maxillary expansile cystic lesion.
odontogenic keratocyst
* sinus disease
* infection
* mucocele
* benign odontogenic cyst
* dentigerous cyst
27 y/o man complains of left maxillary pain


Keywords by value: 
- maxillary: 0.30776180043906964
- *: 0.14236752734790656
- sinus: 0.1309946873502818
- odontogenic: 0.10971499801552613
- expansile: 0.07527926246734538
- process: 0.059102972781461934
- left: 0.05152663127818104
- suspended: 0.048636953553332654
- perla: 0.043150182703786816
- cyst: 0.041252176096277286
- dentigerous: 0.03899960078426618
- appears: 0.038092560728110764
- dentition: 0.03790785493520059
- keratocyst: 0.037428557284460845
- aox3: 0.036984796972163114
- tooth: 0.0358221861072472
- inflammatory: 0.03548881370289849
- extending: 0.03440382094418919
- :: 0.03384056335301392
- vss: 0.033512829934720344
- ii-xii: 0.03327797536494022
- occluded: 0.03305198537701898
- mucocele: 0.03262408738910194
- teeth: 0.032224737841205706
- eomi: 0.031498026122617276
- roots: 0.030406280273551675
- limb: 0.028901403457498347
- nad: 0.028371143593178317
- gen: 0.028171524310138845
- cn: 0.02752102226820594
- non-tender: 0.027096161573761122
- cta: 0.026699458666328783
- rrr: 0.026114797171934073
- erosion: 0.025842567387043314
- bone: 0.02543035546658527
- heent: 0.024750821537977717
- completely: 0.024586755824276434
- gas: 0.0243747682371452
- into: 0.024351213987541403
- noted: 0.024256541179072978
- complains: 0.023780427170706032
- 27: 0.02373346203620887
- be: 0.023672276467256212
- origin: 0.023459153437219084
- sclerotic: 0.022904705611902765
- there: 0.022845189637095604
- foci: 0.021964215252413447
- lesion: 0.020844972766472514
- removal: 0.02017234163054005
- within: 0.019522531836959064
- cardiac: 0.019490040676353116
- intact: 0.018794997734719862
- involving: 0.017954534514989785
- benign: 0.017658984233731745
- disease: 0.016727395703182088
- abscess: 0.01617866014451657
- tenderness: 0.015562349238812176
- abdomen: 0.015157989598177823
- infection: 0.014874350742950942
- lung: 0.014821312097238002
- cystic: 0.014758279684142266
- y/o: 0.014171431316285274
- mild: 0.01347457158042597
- evidence: 0.013415823852496275
- soft: 0.0124606393053506
- bilateral: 0.012418070235415832
- man: 0.012101388281976044
- associated: 0.012074626119207796
- ,: 0.011347128494736595
- surgical: 0.010755818983541639
- which: 0.009551763995464363
- normal: 0.008021631464665276
- to: 0.007671882187598555
- are: 0.006975292649877855
- at: 0.0069327134900097785
- is: 0.006734021298020667
- pain: 0.006249150703776855
- the: 0.0057948801971579676
- no: 0.005152360183855102
- a: 0.004749698225372471
- of: 0.004185765298131321
- and: 0.003233694713752427
- with: 0.002802495235685982
- .: 0.0010628603621959962
