Texto: 
not available
none required
• quadrigeminal plate csf signal "cyst"
• compresses vermis
• elevates basal vein sof rosenthal.

• multiple white matter lesions consistent with ms
arachnoid cyst
• epidermoid cyst
• dermoid cyst
• pineal gland cyst
• arachnoid cyst
45 year old woman with a clinical diagnosis of multiple sclerosis.
it very unlikely that the quadrigeminal plate arachnoid cyst and the demylinating disease are related in any way.


Keywords by value: 
- cyst: 0.21150786779187786
- arachnoid: 0.16948933606253122
- •: 0.1649488791153566
- quadrigeminal: 0.1644886596448674
- sof: 0.11599366347324339
- plate: 0.11270839291613795
- elevates: 0.1015382386223472
- rosenthal: 0.09775294819535009
- demylinating: 0.0948168488359526
- compresses: 0.07532205224484449
- vermis: 0.07124106634610977
- pineal: 0.07039187527851015
- way: 0.06590599913416025
- ms: 0.060092410288383406
- epidermoid: 0.05356034599477958
- unlikely: 0.05356034599477958
- 45: 0.051947157546196256
- basal: 0.05125707234392596
- dermoid: 0.05125707234392596
- gland: 0.047886430149903535
- multiple: 0.04736331588103339
- csf: 0.04695387305007911
- related: 0.046411202543052144
- matter: 0.044269473294747334
- very: 0.04081296866390959
- vein: 0.04068333318439628
- required: 0.04047007252351663
- sclerosis: 0.0403857267556098
- available: 0.037798934853155226
- white: 0.037290844904105495
- any: 0.03540572411937228
- clinical: 0.034596181579815845
- lesions: 0.03009948034663089
- signal: 0.029645714872010245
- none: 0.027891046143526402
- ``: 0.027633355758313383
- consistent: 0.02756971406356846
- '': 0.0271019671313453
- woman: 0.025972407203801395
- diagnosis: 0.025818675405005525
- it: 0.02527432084911864
- that: 0.019420799059984516
- disease: 0.018378125542311895
- not: 0.01624761410186757
- are: 0.015327287796442128
- year: 0.012580332490433088
- old: 0.011512297327134928
- in: 0.005544700396582301
- a: 0.005218418444981596
- the: 0.003638139071148047
- with: 0.003079057265523414
- and: 0.0023685395491081372
- of: 0.001532944747341953
- .: 0.0014012974775268266
