Texto: 
no physical exam findings
laboratory workup was unrevealing
surgical resection
axial ct images demonstrate an enhancing mass arising from the tail of the pancreas. octreotide scan images reveal radiotracer accumulation within this mass.
pancreatic endocrine neoplasm
endocrine neoplasm
pancreatic adenocarcinoma
metastatic disease

the octreotide scan confirms the diagnosis of endocrine neoplasm.
66 year old asymptomatic male presents with elevated transaminases.
in this particular case, there was no predominant hormone production from the mass. it contained mixed apud cells however staining for gastrin, insulin, and glucagon.


Keywords by value: 
- endocrine: 0.16880291168139372
- octreotide: 0.14332078472950344
- apud: 0.09378211089326062
- neoplasm: 0.09287733752910408
- pancreatic: 0.08895296671780559
- glucagon: 0.08640820471709099
- gastrin: 0.07903429854092135
- unrevealing: 0.07308093909479983
- transaminases: 0.07166039236475172
- insulin: 0.06827258671455455
- staining: 0.060425789447205835
- predominant: 0.05872001657406563
- contained: 0.05795981482957472
- production: 0.05508438578978843
- hormone: 0.05154496287674869
- scan: 0.050899392775169756
- tail: 0.05004941021056582
- 66: 0.048893731050961606
- particular: 0.048738424674140836
- accumulation: 0.04843445262686365
- confirms: 0.04828566281862173
- workup: 0.046773168257126595
- pancreas: 0.04651986348378916
- radiotracer: 0.0424170711347255
- reveal: 0.04047748010500258
- mixed: 0.03992471692488863
- adenocarcinoma: 0.039271855793225945
- mass: 0.0379296066047095
- arising: 0.0376319549439998
- cells: 0.0364515605760638
- images: 0.034877955147858596
- laboratory: 0.03350097591334113
- elevated: 0.030843791078287903
- asymptomatic: 0.030729706361660503
- enhancing: 0.02851014396685914
- resection: 0.028350166548087433
- from: 0.02694544070540877
- axial: 0.0259445901709348
- however: 0.02531242612337309
- metastatic: 0.022884142591660533
- physical: 0.022303247548736575
- was: 0.021027181323695465
- demonstrate: 0.02091970363120256
- diagnosis: 0.020874673731706594
- this: 0.020449727942853893
- it: 0.020434557282266133
- exam: 0.019970573829250406
- case: 0.01988834503050288
- findings: 0.019349329104148508
- surgical: 0.01910874223671759
- presents: 0.018570683994765167
- no: 0.01830732235540004
- within: 0.017341823493468952
- male: 0.01643835678603695
- disease: 0.014858910012933022
- there: 0.013528888898563709
- ct: 0.012715996312681308
- an: 0.01257090281153968
- year: 0.010171332651839518
- old: 0.009307814860236751
- ,: 0.008639682942041087
- for: 0.0077564696664118625
- the: 0.0073536853565758405
- in: 0.004482949256811222
- of: 0.002478804272297626
- .: 0.002265927836000826
- and: 0.0019149894226831749
- with: 0.0012447252775520184
