Texto: 
diplopia and vertigo
none
• parasellar mass 
• contains lipid signal/attenuation
• no enhancement
• impinges on chiasm
dermoid tumor (inclusion cyst) of cns
• dermoid/epidermoid inclusion tumor
• lipoma
• meningioma
• hematoma
81 year old man with double vision and dizziness


Keywords by value: 
- •: 0.2785803291726023
- inclusion: 0.233785349443426
- signal/attenuation: 0.19590040942147774
- parasellar: 0.152657961664693
- dermoid/epidermoid: 0.152657961664693
- impinges: 0.14969059738414806
- lipid: 0.12932858112027795
- 81: 0.12349826413211147
- vertigo: 0.12107161319955609
- chiasm: 0.11284108457073622
- diplopia: 0.11081948949949785
- dizziness: 0.10180915376376086
- contains: 0.10148940404260309
- cns: 0.09717482594391515
- double: 0.0918530488187173
- lipoma: 0.08878304129692137
- tumor: 0.08854365784936939
- vision: 0.08773297718913146
- dermoid: 0.08656749995863051
- meningioma: 0.07302420747677944
- hematoma: 0.0675770417427131
- cyst: 0.05103046968946895
- enhancement: 0.05089975035828969
- none: 0.047104877931289035
- man: 0.04490959651311109
- mass: 0.02641024459883477
- year: 0.021246783761620328
- old: 0.019442991041383438
- no: 0.019120981126751157
- on: 0.016086466941453957
- (: 0.016052482805419124
- ): 0.015856393158073447
- and: 0.008000400254765266
- with: 0.00260009280199755
- of: 0.0025889733510664095
