Texto: 
non-contribuotory
na
solitary outpouching of lateral and superior aspect of bladdr.
vesicourachal diverticulum
vesicourachal diverticulum 
patent urachus
urachal cyst
cystocele
3 month old male with history of multicystic displastic kidney.


Keywords by value: 
- vesicourachal: 0.5076482027129096
- non-contribuotory: 0.2754849507489531
- bladdr: 0.2754849507489531
- displastic: 0.2754849507489531
- diverticulum: 0.254411643475203
- urachus: 0.2538241013564548
- cystocele: 0.2538241013564548
- urachal: 0.21949246733557634
- multicystic: 0.18347123265000181
- outpouching: 0.17135355980597794
- na: 0.1440883063929854
- solitary: 0.13252523267072236
- patent: 0.1315733824368252
- kidney: 0.0940744829703128
- superior: 0.08527324053294348
- aspect: 0.08388412295260492
- month: 0.08011295440001905
- cyst: 0.0717615980008157
- 3: 0.06253048520957936
- lateral: 0.0577083764257672
- male: 0.048287673058983537
- history: 0.036881704303346356
- old: 0.027341706151945457
- of: 0.010922231324811415
- and: 0.005625281429131827
- with: 0.0036563805028090542
- .: 0.002218721006084142
