Texto: 
multiple skin biopsies diagnosed as basal cell carcinoma
excision of suspicious lesions and limited exposure to u.v. and ionizing radiation.
hands:   multiple well circumscribed elongated (flame shaped) cortical lucencies throughout both hands. nondisplaced fracture at the base of the right second proximal phalanx.
foot:  healed fractures of the second/third metatarsals. multiple lucencies of hindfoot and distal tibia/fibula. 
bone scan: multiple areas of focal increased and decreased uptake. increased uptake along the falx cerebri. 
head ct: calcifications along the falx and tentorium.
gorlin syndrome
differential diagnosis of multiple lytic lesions: fibrous dysplasia, metastases, myeloma, osteoporosis, disseminated osteomyelitis, hyperparathyroidism, gorlin syndrome.
51 yo female injured right index finger.

review of prior studies and labs revealed diagnosis.


Keywords by value: 
- gorlin: 0.11686865098426695
- falx: 0.07839169199971258
- lucencies: 0.07376458949428147
- multiple: 0.06474122314673629
- hands: 0.06361250747185697
- u.v: 0.06342099585587409
- second/third: 0.06342099585587409
- flame: 0.055517310325887685
- tibia/fibula: 0.05184230583836258
- ionizing: 0.05053063996214707
- hindfoot: 0.05053063996214707
- uptake: 0.0488486823697009
- metatarsals: 0.04303816604252002
- tentorium: 0.041183280364087645
- :: 0.0406573674816786
- along: 0.04063386873177721
- cerebri: 0.04055729923466585
- nondisplaced: 0.04026361582085106
- biopsies: 0.03970993926591489
- elongated: 0.03970993926591489
- disseminated: 0.03744316914620341
- osteoporosis: 0.037251311253525994
- healed: 0.03706443725062484
- injured: 0.03636200221779091
- myeloma: 0.03572209224644921
- index: 0.03572209224644921
- syndrome: 0.035164123406253835
- phalanx: 0.03420917563611568
- 51: 0.03338943276309972
- lesions: 0.032914539659625146
- finger: 0.03255438117135329
- hyperparathyroidism: 0.032264640889785375
- exposure: 0.0319861192194207
- shaped: 0.03129216046986989
- increased: 0.030078917723736054
- suspicious: 0.02960459034657613
- osteomyelitis: 0.02857072904681948
- diagnosis: 0.028233371665905324
- basal: 0.028025449626894773
- lytic: 0.027518603145235698
- circumscribed: 0.027325457461522113
- review: 0.026644105292157952
- metastases: 0.026264262230525068
- limited: 0.025942678209532933
- foot: 0.025412335936895757
- excision: 0.02523201961557765
- fibrous: 0.024850548620554483
- dysplasia: 0.024266911607515863
- base: 0.024082433689434295
- skin: 0.02361243838301423
- second: 0.02361243838301423
- fractures: 0.023279054661728603
- throughout: 0.02301257069280523
- studies: 0.02296043825740403
- calcifications: 0.022857293198796782
- diagnosed: 0.022605720552482056
- cortical: 0.02241061043579721
- labs: 0.021381107963562147
- areas: 0.020685950872273862
- radiation: 0.020174469421311774
- revealed: 0.019730027984648152
- differential: 0.019517696614049854
- yo: 0.01849893182232203
- proximal: 0.0184571451921368
- decreased: 0.018278823041183882
- focal: 0.01755750794344174
- head: 0.017435980651610766
- carcinoma: 0.017423940072056596
- scan: 0.01721058604628042
- distal: 0.016714234452849114
- cell: 0.016606048284758895
- fracture: 0.016209167843689056
- prior: 0.015784983972678874
- both: 0.01569928050853325
- bone: 0.015276508499711294
- well: 0.013907057215601806
- right: 0.012973118116696644
- female: 0.01263856310394125
- ,: 0.011685326569091542
- as: 0.009299118747439768
- ct: 0.00859930685893556
- at: 0.00832923131533549
- and: 0.007770172909304394
- of: 0.005867097881913086
- (: 0.005196846951394681
- ): 0.005133364691462626
- the: 0.004972995852648409
- to: 0.003072432434841628
- .: 0.0030647081522888874
