Texto: 
non-contributory
• esophagaus demonstrated  prominent tertiary contractions throughout the thoracic esophagus. 
	
• solitary diverticulum measuring approximately 1 cm in diameter, arising exophytically off the distal thoracic esophagus.
esoghageal spasm with a single pulsion-type diverticulum
71 year old white male with a 30 pack year history of smoking, known schatzski's ring, and esophageal reflux now presents with dysphagia, increasing indigestion, and chest pain following eating.


Keywords by value: 
- esophagaus: 0.12076052635570544
- esoghageal: 0.12076052635570544
- pulsion-type: 0.12076052635570544
- schatzski: 0.12076052635570544
- diverticulum: 0.11152291220830816
- indigestion: 0.11126535949871989
- exophytically: 0.10571104294929298
- esophagus: 0.10163213561824432
- thoracic: 0.09024815085217128
- contractions: 0.0879126459064127
- tertiary: 0.0836639482584149
- pack: 0.07416878140142934
- eating: 0.07129589741537361
- 71: 0.06773037552135079
- spasm: 0.06561872237303217
- smoking: 0.05911929799501689
- solitary: 0.05809325267757692
- dysphagia: 0.05700764484669829
- ring: 0.05440179914394393
- reflux: 0.054081972239875556
- esophageal: 0.05366683046596694
- off: 0.05346388408534858
- diameter: 0.04924880272449553
- arising: 0.048457585818301105
- prominent: 0.048044530500894425
- increasing: 0.047976882807187815
- single: 0.047447401239594955
- measuring: 0.046813092088338976
- 30: 0.04501492241719281
- throughout: 0.043818456524656525
- non-contributory: 0.04323337271516269
- •: 0.04293190004372295
- now: 0.0400152820507075
- white: 0.03882334537961668
- known: 0.03704179567758657
- approximately: 0.03621668255555593
- demonstrated: 0.03434821893776668
- following: 0.03322298297124861
- distal: 0.03182573409515105
- cm: 0.03139665914817789
- chest: 0.02800998630215779
- 1: 0.027853785862461736
- year: 0.026194664911586705
- 's: 0.02580885778584993
- presents: 0.023912935554903092
- male: 0.021167199149143466
- ,: 0.018541785309403244
- history: 0.016167322434343608
- pain: 0.01429600229494157
- old: 0.01198540543646924
- a: 0.010865747995030171
- in: 0.005772564796441848
- and: 0.004931753581704615
- with: 0.004808390798214646
- the: 0.003787651635715775
- of: 0.001595942476684773
- .: 0.001458885045096422
