Texto: 
n/a
a single ap spot image from a limited upper gi examination reveals post-surgical changes consistent with a sleeve gastrectomy.  there was no evidence of a leak.
sleeve gastrectomy
none
45 year old man s/p sleeve gastrectomy for obesity.


Keywords by value: 
- gastrectomy: 0.5147200365380283
- sleeve: 0.501697068195603
- post-surgical: 0.13231956871297657
- obesity: 0.12737577431349456
- leak: 0.12206283261553717
- spot: 0.10942882663786646
- 45: 0.09399961841692656
- gi: 0.09139963527490294
- limited: 0.08585791121726374
- s/p: 0.0853430906455217
- single: 0.08246810215453408
- reveals: 0.07960113691178626
- ap: 0.07440854689624851
- n/a: 0.07369539636569253
- image: 0.06355212300708574
- examination: 0.06324816751129916
- changes: 0.05831066610083477
- evidence: 0.053343871032544704
- none: 0.05046951206923825
- consistent: 0.04988805401979055
- upper: 0.04909715488973139
- man: 0.048117424835476166
- a: 0.03777140969700964
- there: 0.030278941820594967
- from: 0.030153231265576484
- was: 0.02353041719556397
- year: 0.022764411173164634
- old: 0.020831776115767964
- no: 0.020486765492947666
- for: 0.01735971782482655
- with: 0.0027858137164259457
- of: 0.0027739000189997243
- .: 0.002535681149810448
