Texto: 
non-contributory
none to date
bilateral extra-axial isodense fluid collections.
both lateral ventricles appear "small for age"
sulci not visible over both hemispheres.
bilateral subacute (isodense) subdural hematomas
• bilateral subdural hematoma
• bilateral epidural hematoma
• bilateral subdural empyema
• brain swelling
77 year old man with history of headache for two weeks.  no known episode of trauma


Keywords by value: 
- subdural: 0.21350140070492643
- isodense: 0.1665944936093644
- bilateral: 0.15952444071649569
- •: 0.09643165240590079
- hematoma: 0.09356821164375662
- hematomas: 0.0827927879920208
- empyema: 0.08007077709726575
- 77: 0.08007077709726575
- sulci: 0.07513373524987958
- collections: 0.07070785721215987
- extra-axial: 0.07004366995269512
- hemispheres: 0.07004366995269512
- subacute: 0.06745694807881822
- both: 0.0671446150980345
- date: 0.06605738226026858
- episode: 0.06508539915839887
- epidural: 0.06477458827659087
- visible: 0.062228212300012825
- ventricles: 0.061841967359534726
- appear: 0.05380612969418895
- non-contributory: 0.048554403203182724
- headache: 0.045153622116396896
- swelling: 0.04379709021509435
- known: 0.041600785914828
- age: 0.040014005008373946
- brain: 0.039559254204657876
- two: 0.03765124980947701
- fluid: 0.037363678532366974
- weeks: 0.0373119654907869
- trauma: 0.035953981257814294
- over: 0.03347142446369173
- none: 0.03261106933704626
- ``: 0.032309769809720265
- '': 0.03168845387664989
- man: 0.031091259124461527
- small: 0.030285773605863365
- lateral: 0.028410277624993083
- for: 0.022434096881314314
- not: 0.018997210334491314
- history: 0.018157146733955132
- year: 0.01470931183496792
- old: 0.013460532259419303
- no: 0.013237602318520031
- (: 0.011113257326828625
- ): 0.01097750295558931
- to: 0.006570278591430558
- of: 0.003584732332245798
- with: 0.0018000642475367653
- .: 0.001638440127569828
