Texto: 
examination showed swollen left neck.
afebrile.  mildly elevated wbc count.
observation.
cystic lesion in the posterior left submandibular space. mass effect is seen on the surrounding structures with lateral and posterior displacement of the sternocleidomastoid muscle. there is subtle mass effect upon the jugular vein. the left submandibular gland is displaced anteriorly and medially by the mass.
infected 2nd branchial cleft cyst
<li>branchial cleft cyst
<li>necrotic nodes
<li>cystic neural lesion
<li>thrombosed vessels
presented to the emergency department complaining of an increasingly swollen left neck over the last several days.  past history of intermittent left neck swelling treated with antibiotics.
most branchial cleft cysts (90%) are 2nd branchial cleft cysts. this lesion is likely a 2nd branchial cleft cyst based upon its location.


Keywords by value: 
- branchial: 0.18917666421538765
- cleft: 0.13997072230956797
- li: 0.12222385360872974
- <: 0.08853867187924269
- 2nd: 0.08580486306777095
- >: 0.07621926213875341
- submandibular: 0.07567066568615506
- swollen: 0.06111192680436487
- neck: 0.05052167389970098
- upon: 0.04687930798426966
- cyst: 0.04623566045690139
- cysts: 0.04493232594404519
- increasingly: 0.04145275902249154
- sternocleidomastoid: 0.04098971961653884
- effect: 0.0406115201754261
- thrombosed: 0.03905896745243293
- lesion: 0.03504473609396888
- infected: 0.03493020477397499
- cystic: 0.033082318218144405
- jugular: 0.03290936522508961
- medially: 0.032646138962315906
- left: 0.03208406943868841
- necrotic: 0.031358279849496414
- observation: 0.029427527685390496
- neural: 0.029039476874056096
- anteriorly: 0.028124467185786758
- complaining: 0.027994144461913596
- 90: 0.027033736115331896
- afebrile: 0.026496536734972587
- posterior: 0.02643810132486508
- subtle: 0.026343418092246607
- displaced: 0.026343418092246607
- nodes: 0.025903968901780115
- department: 0.025717528874215852
- count: 0.024937261719075836
- intermittent: 0.024617610383577484
- displacement: 0.024578703553481334
- last: 0.02450156006740258
- mildly: 0.02442529323082328
- gland: 0.02442529323082328
- mass: 0.0239287451063268
- vessels: 0.023088859169680086
- structures: 0.022080976408286674
- based: 0.02187040511588564
- emergency: 0.021716701999867624
- its: 0.02164115062721907
- antibiotics: 0.02154172052127853
- wbc: 0.020906542621314174
- vein: 0.020751230349088035
- muscle: 0.020599431096821108
- location: 0.020004749576536196
- elevated: 0.01945849906952391
- swelling: 0.019106113181081425
- space: 0.018970181255547884
- surrounding: 0.018853458150099096
- showed: 0.018804048778011385
- several: 0.01843686466927777
- past: 0.018222815247962643
- examination: 0.017828342519963524
- days: 0.017577679840080386
- treated: 0.017166784134791002
- likely: 0.01617644272440038
- presented: 0.015633272718271203
- is: 0.015095054453281225
- over: 0.014601628121744715
- %: 0.013377993512389313
- most: 0.013240504306899839
- lateral: 0.012393745272647989
- seen: 0.011333071242065035
- by: 0.009549469149294462
- there: 0.008535003734664353
- an: 0.007930636673051878
- history: 0.007920902937631431
- are: 0.007817945453218803
- the: 0.0074227803867718545
- this: 0.006450585324255926
- on: 0.0048583289420498525
- (: 0.004848065276804433
- ): 0.004788843571230235
- to: 0.00286622891572474
- .: 0.002859023041397015
- in: 0.0028281693298003686
- a: 0.0026617436363664516
- and: 0.0024162282648619924
- of: 0.0023457141100266124
- with: 0.0015705258535555669
