Texto: 
temperature 102.5 f
lower abdominal pain.
decreased bowel sounds on exam.
abnormally high wbc count of 13.5.
surgical resection of appendix and intravenous antibiotics.
ct images of the abdomen demonstrate enlarged, non-contrast filled appendix with enhancing wall. surrounding inflammatory change is present within the mesentery.
acute appendicitis
acute appendicitis
colitis
diverticulitis
epiploic appendagitis
infectious enteritis
inflammatory bowel disease
mesenteric adenitis
(female)-pelvic inflammatory disease
(female)-ovarian torsion
48 year old man presents to emergency room with 4 days of increasing abdominal pain and increased temperature. reports having "chills" throughout the day prior to presentation.
see factoid


Keywords by value: 
- temperature: 0.08775517049822225
- inflammatory: 0.08081770756887337
- 102.5: 0.08014107658151362
- 13.5.: 0.08014107658151362
- -ovarian: 0.08014107658151362
- appendix: 0.07566469225107228
- -pelvic: 0.0738397385764232
- appendicitis: 0.07069572252380533
- enteritis: 0.05552243838967534
- appendagitis: 0.05438459163554802
- adenitis: 0.053864969691548484
- epiploic: 0.05204069064189256
- bowel: 0.048726427870631986
- mesentery: 0.04756363168645807
- torsion: 0.04338606505574498
- abnormally: 0.042769495998119876
- colitis: 0.04262167308110369
- f: 0.04053463270251733
- diverticulitis: 0.03986092386475622
- chills: 0.0388383967426954
- abdominal: 0.03883489523858391
- intravenous: 0.03855279495875559
- acute: 0.03836144234739082
- 48: 0.03800717668851693
- non-contrast: 0.03791934113477387
- filled: 0.03610301215916279
- mesenteric: 0.03582110091604861
- having: 0.03568335723404313
- count: 0.03377865451038454
- infectious: 0.03339868061330762
- room: 0.03339868061330762
- female: 0.031941095844506065
- increasing: 0.03183920404477009
- reports: 0.03131709450762578
- sounds: 0.03098496956823981
- change: 0.03027928627705312
- emergency: 0.02941625998163887
- antibiotics: 0.02917923961518637
- throughout: 0.02907952114818115
- wbc: 0.028318862277961925
- factoid: 0.027231231760128514
- presentation: 0.026758187586282567
- enlarged: 0.026505646094400058
- surrounding: 0.025537866039679682
- disease: 0.02539522802210371
- day: 0.02466327117593572
- enhancing: 0.024363213935315993
- resection: 0.024226505959274714
- days: 0.02380976632883616
- see: 0.02318379282935262
- decreased: 0.023097785479314178
- abdomen: 0.023012584208142693
- wall: 0.022501446547624964
- 4: 0.02164519913799132
- high: 0.021259509646152867
- prior: 0.019946479747294212
- ``: 0.019092136705743792
- increased: 0.019004407107269597
- pain: 0.018974693955104267
- '': 0.018724995472565845
- man: 0.01837210766445454
- demonstrate: 0.017876837648482188
- present: 0.017545534126651642
- lower: 0.017471473357853297
- exam: 0.017065763090450346
- surgical: 0.01632928882046776
- presents: 0.0158694935955266
- images: 0.0149023990177214
- within: 0.014819376439873468
- (: 0.013133849568070191
- ): 0.012973412583878274
- ct: 0.010866396849018571
- year: 0.008691866084299225
- old: 0.007953950880565951
- to: 0.007764874698963386
- on: 0.006580827385140255
- is: 0.005111734348952051
- of: 0.004236501847199579
- the: 0.0037704350373716122
- and: 0.0032728910133130625
- ,: 0.0024610005956117033
- .: 0.0022590613880129444
- with: 0.0021273486561798134
