Texto: 
ca. . . . . . . . . . .  10.6     h    (8.6-10.2) mg/dl
pth intact. . . . . .   152.1     h    (13-75) pg/ml
post-treatment hypocalcemia is a follow-up concern.
ultrasound: hypoechoic region adjacent to the left thyroid lobe consistent with parathyroid tissue that is abnormally enlarged, corresponding in location to the scintigraphic abnormality.

tc-99m sestamibi scintigraphy: a focal nodular uptake abnormality, intensifying during the imaging interval relative to the thyroid gland, best localized to the lower third of the left lobe of the thyroid gland.  more precise localization is not possible with planar imaging, but did occur with spect (not shown).  spect imaging localized the focus to the posterior aspect of the lower pole of the left lobe of the thyroid gland. 

no additional uptake abnormality is detected in the neck or mediastinum.
parathyroid adenoma
parathyroid adenoma
thyroid adenoma
parathyroid carcinoma
62 year old female with lethargy


Keywords by value: 
- parathyroid: 0.12739578923069042
- thyroid: 0.10300918955660913
- spect: 0.0668238142122041
- gland: 0.06422415337751769
- adenoma: 0.06297342973775316
- abnormality: 0.05563337547936269
- h: 0.05291800365211986
- 152.1: 0.05185599072921469
- localized: 0.048959506750693826
- 8.6-10.2: 0.04777865437297972
- intensifying: 0.04777865437297972
- 13-75: 0.04370131801674475
- hypocalcemia: 0.04370131801674475
- post-treatment: 0.04238870889136705
- lobe: 0.04057632966923883
- uptake: 0.03994098146699073
- sestamibi: 0.038311372535132074
- precise: 0.03723889278928528
- 10.6: 0.036768053332382124
- pg/ml: 0.036768053332382124
- imaging: 0.03533071454921652
- pth: 0.0342340361788971
- localization: 0.03269071697614715
- planar: 0.03269071697614715
- scintigraphic: 0.03246871504683629
- lethargy: 0.03165606599694913
- scintigraphy: 0.029208063660332
- tc-99m: 0.028727604654365718
- mg/dl: 0.028283442580788395
- abnormally: 0.027674379763489333
- 62: 0.02748460998573509
- detected: 0.026537960769190166
- corresponding: 0.025585942972423028
- concern: 0.025006883720580367
- interval: 0.024650268298130745
- mediastinum: 0.024206106224553423
- relative: 0.023944625268254402
- ca: 0.023407273629500118
- pole: 0.023407273629500118
- hypoechoic: 0.02291492645963749
- lower: 0.02261014199251603
- focus: 0.022581086362034843
- best: 0.021148015287577492
- nodular: 0.02108476357124654
- third: 0.02015556878911763
- shown: 0.02015556878911763
- additional: 0.02015556878911763
- occur: 0.01885909781636199
- intact: 0.018463321304107157
- did: 0.018149521417605435
- location: 0.01753357462884643
- enlarged: 0.01715071217872945
- possible: 0.016929307169906305
- left: 0.016872445928345553
- follow-up: 0.016353158773186716
- adjacent: 0.015893154377260396
- aspect: 0.015789952555784456
- during: 0.015382407352492989
- ultrasound: 0.014912485794154724
- neck: 0.014760253747167544
- not: 0.014527278491081593
- focal: 0.014355844730225893
- carcinoma: 0.01424663335303451
- region: 0.01419765427787831
- :: 0.013297350776360765
- is: 0.01323037125611119
- (: 0.012747559874891656
- ): 0.012591841625528913
- more: 0.012571625348895096
- to: 0.01256082671891136
- consistent: 0.012325283934301195
- tissue: 0.011914242285015256
- posterior: 0.011586109110014403
- but: 0.010720607653138457
- the: 0.010572004124394914
- female: 0.010333883949693139
- that: 0.008682239579757785
- ,: 0.006369648600406762
- or: 0.005891310288021809
- year: 0.005624148642781851
- old: 0.005146674099189733
- no: 0.0050614361806106
- in: 0.0049576144722382936
- .: 0.004802878413170378
- a: 0.004665880021395309
- of: 0.0034265823764114242
- with: 0.00275303943740917
