Texto: 
surgical resection can be attempted if the site of heterotopic bone formation becomes symptomatic, but the recurrence is common.  the concurrent use of an anti-inflammatory agent like indomethecin has been proposed to reduce recurrence.  surgeons can use bone scans to determine the right time for surgery when the activity within the heterotopic bone formation is similar to activity within the adjacent bone.
bone scan of the hip and proximal femurs demonstrates increased soft tissue uptake adjacent to but not within the right acetabulum.  correlation with plain film radiographs demonstrates ossification within the soft tissues adjacent to the right acetabulum, confirming heterotopic ossification.   bone scan findings of heterotopic ossification can precede radiographic findings by 4-6 weeks.
heterotopic ossification
·	heterotopic ossification 
·	osteonecrosis 
·	osteomyelitis 
·	metastases
rule out right hip prosthesis loosening.


Keywords by value: 
- heterotopic: 0.2150773748201249
- ·: 0.2044278159299971
- ossification: 0.15383622728681887
- bone: 0.09035892261531361
- acetabulum: 0.07502351630284165
- indomethecin: 0.06252140726217374
- adjacent: 0.05748587753477164
- recurrence: 0.05287832749977467
- precede: 0.05110695398249927
- formation: 0.0500319346563399
- hip: 0.04828187761860225
- use: 0.04790693780203266
- loosening: 0.04693825423142041
- within: 0.04624486264925054
- activity: 0.04547583870612111
- prosthesis: 0.042857657459054725
- concurrent: 0.04202231678064067
- femurs: 0.04163886131063871
- 4-6: 0.04127507908093977
- can: 0.04123877345678871
- proposed: 0.039982018394457815
- agent: 0.03888875116164038
- anti-inflammatory: 0.03839944001634285
- confirming: 0.03839944001634285
- surgeons: 0.037511758151420826
- osteonecrosis: 0.03730617278352542
- reduce: 0.034230740265264
- scan: 0.033932928516779835
- attempted: 0.03384728479526204
- correlation: 0.033366273473710545
- becomes: 0.031714276610729175
- determine: 0.030687106767619564
- soft: 0.029516691687851773
- scans: 0.02822153558166681
- osteomyelitis: 0.028165470478779483
- like: 0.02805465262131082
- demonstrates: 0.026476896477350156
- metastases: 0.02589171950385095
- but: 0.02585111065295798
- findings: 0.02579910547219801
- site: 0.025613558417657466
- right: 0.025578204513770686
- rule: 0.025308470580184483
- tissues: 0.024874118628122645
- symptomatic: 0.024077896629036966
- uptake: 0.024077896629036966
- similar: 0.02377082708468715
- film: 0.023277510178999844
- radiographic: 0.023002584338927188
- out: 0.020028750899705787
- plain: 0.019682721366589252
- radiographs: 0.019193410221291722
- resection: 0.018900111032058287
- proximal: 0.018195341714234148
- when: 0.017356959132028407
- weeks: 0.01720055146738403
- time: 0.01711773920027881
- been: 0.016487907017475115
- if: 0.016444988892061245
- common: 0.01586005114862693
- to: 0.015144259164644904
- increased: 0.014826133204252877
- surgery: 0.014716305420994858
- tissue: 0.014364689279805628
- surgical: 0.012739161491145061
- has: 0.011380850854569347
- the: 0.010785405189644565
- by: 0.0100912830017367
- be: 0.00934579236414134
- not: 0.008757579232212308
- an: 0.008380601874359786
- is: 0.007975755721769158
- for: 0.005170979777607909
- ,: 0.003839859085351594
- of: 0.0033050723630635016
- .: 0.0017623883168895315
- and: 0.0012766596151221167
- with: 0.0008298168517013457
