Texto: 
normal neurological and physical exam.
no treatment or follow up required.
there is downward displacement of the cerebellar tonsils into the foramen magnum. no evidence of associated syrinx formation is noted.
chiari i malformation
chiari i malformation
chiari ii malformationincidental tonsillar ectopia - <5mm 
chiari 2 
aquired tonsillar ectopia:
 a.lumbar puncture 
 b.lumboperitoneal shunt 
 c.basilar invagination 
 d.push from above - tonsillar herniation
19 year old female with 1 year history of intermittent headaches that have have mildly progressed with frequency and intensity.


Keywords by value: 
- chiari: 0.24177322102272808
- tonsillar: 0.20015043561818377
- ectopia: 0.12630504286238672
- malformationincidental: 0.10017634572689203
- a.lumbar: 0.10017634572689203
- b.lumboperitoneal: 0.10017634572689203
- c.basilar: 0.10017634572689203
- d.push: 0.10017634572689203
- aquired: 0.09229967322052901
- i: 0.08027987943701159
- malformation: 0.07746242392059953
- invagination: 0.07520788462079862
- syrinx: 0.0650508633023657
- downward: 0.06315252143119336
- magnum: 0.06231038538399198
- tonsils: 0.06115376385774264
- 5mm: 0.06115376385774264
- puncture: 0.05977466320996687
- progressed: 0.05618542514839327
- frequency: 0.05126651512229918
- shunt: 0.05023942351470522
- foramen: 0.04635590881331821
- 19: 0.04477637614506076
- herniation: 0.04323730829398003
- have: 0.04205541087193391
- neurological: 0.042017325131247084
- cerebellar: 0.041882042148220736
- ii: 0.041882042148220736
- intermittent: 0.04168209030855733
- -: 0.0416301922433719
- displacement: 0.041616213971235445
- mildly: 0.041356462402189424
- formation: 0.04008240219627231
- <: 0.037478017357974895
- headaches: 0.0371186629439918
- above: 0.03559021200713428
- intensity: 0.03509853041340115
- required: 0.03495142627030982
- follow: 0.030854539453936753
- up: 0.026111899443797992
- evidence: 0.02545957481098725
- physical: 0.023823923517968616
- into: 0.023105981454087578
- 1: 0.023105981454087578
- noted: 0.023016149868779475
- associated: 0.022914347294405703
- year: 0.021729665210748064
- exam: 0.021332203863062935
- 2: 0.020910278369438026
- female: 0.019963184902816292
- treatment: 0.019654738177282808
- no: 0.019555548879631863
- that: 0.016772508279077537
- normal: 0.015222868802262512
- there: 0.014451313141647599
- from: 0.014391314922206959
- history: 0.013411528837580493
- :: 0.012844031999893922
- is: 0.012779335872380128
- or: 0.011380940329133041
- old: 0.009942438600707438
- and: 0.004091113766641329
- of: 0.003971720481749605
- the: 0.0031420291978096772
- with: 0.0026591858202247667
- .: 0.002017019096440129
