Texto: 
n/a
mother carrying fetus to term; while organ donation would be a consideration, the latest medical ethics papers advise against this.
grayscale and 3d ultrasound demonstrate lack of calvarium and brain structures
anencephaly
anencephaly
29w3d fetus with known major anatomic anomaly; mother desires to carry fetus to term


Keywords by value: 
- fetus: 0.28770444389292715
- anencephaly: 0.2504974358066328
- ethics: 0.1695292004608942
- papers: 0.1695292004608942
- 29w3d: 0.1695292004608942
- donation: 0.15619944698858756
- desires: 0.15619944698858756
- term: 0.1503939863664642
- mother: 0.1501101360857864
- advise: 0.14840204106343055
- latest: 0.14286969351628093
- carrying: 0.1252487179033164
- carry: 0.12174253411881726
- grayscale: 0.11877809796829307
- 3d: 0.11290537393846266
- calvarium: 0.11098069204313606
- organ: 0.09632415258069575
- against: 0.0921185910236798
- consideration: 0.091778214540999
- anatomic: 0.0829943991083891
- anomaly: 0.08135674894799858
- ;: 0.07790081494048437
- major: 0.07683147804541272
- lack: 0.07477432190017873
- structures: 0.06327049009297528
- n/a: 0.059523204756905514
- would: 0.058480132277347885
- known: 0.052000982393535
- while: 0.051704793074082954
- medical: 0.05056365000126931
- brain: 0.04944906775582235
- ultrasound: 0.04875235740396738
- demonstrate: 0.037816387333327706
- be: 0.025341475448921714
- to: 0.024638544717864592
- this: 0.018483407948348712
- a: 0.007626919265742333
- and: 0.006923423297393018
- ,: 0.005205962798409373
- the: 0.0026586400904543422
- with: 0.0022500803094209565
- of: 0.0022404577076536236
- .: 0.0006826833864874284
