Texto: 
non-contributory
surgery
• enhancing mass in atrial portion of right lateral ventricle.
• no invasion of adjacent brain.
• no hydrocephalus
intraventricular meningioma
• meningioma
• choroid plexus papilloma
• central neurocytoma
• metastatic disease to choroid
55 year old man with chronic headaches.


Keywords by value: 
- •: 0.23338511619513222
- choroid: 0.1855817501154464
- meningioma: 0.13983358878532234
- neurocytoma: 0.11519832004902857
- intraventricular: 0.10564618770758383
- atrial: 0.09303972696757833
- papilloma: 0.09135595418973315
- plexus: 0.0883421134011581
- 55: 0.08814233169158706
- invasion: 0.08755400123774641
- hydrocephalus: 0.07816712483965613
- headaches: 0.06949877317172933
- ventricle: 0.06813596420379633
- non-contributory: 0.06714970655759313
- portion: 0.06585546058210823
- central: 0.05982194376297785
- adjacent: 0.05748587753477164
- enhancing: 0.05702028793371828
- brain: 0.054709606878782166
- chronic: 0.051212545381
- metastatic: 0.045768285183321065
- surgery: 0.044148916262984575
- man: 0.042998549852978706
- lateral: 0.03929080948137341
- no: 0.03661464471080008
- disease: 0.029717820025866044
- mass: 0.02528640440313967
- year: 0.020342665303679036
- right: 0.019183653385328014
- old: 0.018615629720473502
- to: 0.009086555498786942
- in: 0.008965898513622445
- of: 0.004957608544595252
- with: 0.0024894505551040368
- .: 0.002265927836000826
