Texto: 
single contrast esophagram demonstrates numerous lower esophageal non-propulsive contractions ending in a round hiatal hernia. this is also known as corkscrew esophagus.
diffuse esophageal spasm
diffuse esophageal spasm
presbyesophagus
67 year old caucasian male with chest pressure and dysphagia.


Keywords by value: 
- esophageal: 0.27983418742968474
- spasm: 0.22810317777292136
- non-propulsive: 0.20989329580872615
- presbyesophagus: 0.18373586036424733
- corkscrew: 0.1603827829115872
- contractions: 0.15280055121828875
- esophagram: 0.14541591006819732
- ending: 0.1397876058285728
- diffuse: 0.12319082954168165
- 67: 0.12206283261553717
- hiatal: 0.11491748517624342
- dysphagia: 0.09908471604307083
- caucasian: 0.09712666608504768
- numerous: 0.091235995291861
- hernia: 0.08905582401744455
- esophagus: 0.08832316547775994
- round: 0.08789415344198188
- single: 0.08246810215453408
- pressure: 0.0799031645195795
- known: 0.06438216867770999
- chest: 0.0486840238108933
- lower: 0.045758620699139586
- contrast: 0.04554227825733108
- demonstrates: 0.044443361944123475
- also: 0.040109990325479794
- male: 0.03679060804493983
- as: 0.030775654902241135
- this: 0.022884219364622215
- year: 0.022764411173164634
- old: 0.020831776115767964
- is: 0.0133878756758268
- in: 0.010033267384291783
- a: 0.00944285242425241
- and: 0.004285928707909963
- with: 0.0027858137164259457
- .: 0.002535681149810448
