Texto: 
normal neurologic exam.
no neck scars
none required
• no evidence of left lobe or isthmus of thyroid gland.
• no surgical clips present
• no scar on neck
thyroid  gland hemiagenesis
• surgical absence of left lobe of thyroid gland
• thyroiditis
• thyroid adenoma
• congenital hypoplasia/absence
46 year old woman for vascular workup of suspected tia.  no history of neck surgery.
patient had been told as a child that she was "missing her thyroid gland".


Keywords by value: 
- thyroid: 0.20601837911321827
- gland: 0.17126440900671383
- •: 0.12904824071966134
- hemiagenesis: 0.10371198145842939
- hypoplasia/absence: 0.10371198145842939
- neck: 0.08856152248300526
- missing: 0.07662274507026415
- isthmus: 0.07353610666476425
- tia: 0.0710932906085496
- told: 0.06789407042638912
- scars: 0.06734677612480214
- clips: 0.06409673639976499
- thyroiditis: 0.06331213199389826
- lobe: 0.05410177289231845
- 46: 0.053235988033154207
- scar: 0.05245658349737537
- workup: 0.05172562136670471
- no: 0.050614361806106
- child: 0.044004054220384364
- suspected: 0.043290823375485135
- surgical: 0.04226404165297538
- neurologic: 0.041982286491835434
- adenoma: 0.041982286491835434
- absence: 0.041797979236018974
- congenital: 0.03676657611344045
- required: 0.03618500602102664
- vascular: 0.03296239138733761
- her: 0.030228372452763948
- she: 0.028221013428872614
- been: 0.02735052811134107
- evidence: 0.026358148039610327
- none: 0.0249378765518589
- ``: 0.024707471030962554
- surgery: 0.024411753698356176
- '': 0.024232347082144036
- woman: 0.023222387617516545
- present: 0.022705985340372714
- left: 0.022496594571127404
- exam: 0.022085105175876918
- had: 0.021692350814596566
- that: 0.01736447915951557
- normal: 0.015760146524695307
- as: 0.015206794186989739
- history: 0.013884876914200981
- or: 0.011782620576043618
- was: 0.011626794378984551
- year: 0.011248297285563702
- old: 0.010293348198379466
- patient: 0.010077552128428093
- for: 0.008577742925208413
- on: 0.008516364851357977
- of: 0.00822379770338742
- a: 0.004665880021395309
- .: 0.0020882080057262513
