Texto: 
fatty villous synovial proliferation with small effusion within the elbow.
lipoma arborescens (mri)
lipoma arborescens (decreased signal intensity of villous synovial proliferation on fat-saturated t2w image confirms diagnosis).
26 yo male has chronic swelling of left elbow.
see factoid.


Keywords by value: 
- villous: 0.3161371941636854
- arborescens: 0.29232375637919933
- proliferation: 0.21923220331220647
- synovial: 0.2086593795122703
- elbow: 0.18760847560435084
- lipoma: 0.17001007907921112
- fat-saturated: 0.1365451734291091
- t2w: 0.10191844113258189
- confirms: 0.09657132563724347
- fatty: 0.09432961253814078
- 26: 0.08416395786393246
- effusion: 0.06908880681288088
- intensity: 0.06571639736977236
- factoid: 0.06373267007689652
- swelling: 0.06057044391449218
- image: 0.05679125885739576
- yo: 0.054709606878782166
- see: 0.0542599406644423
- decreased: 0.05405864686647999
- chronic: 0.051212545381
- signal: 0.04793775170793146
- small: 0.0418845805187472
- mri: 0.04177182670031106
- diagnosis: 0.04174934746341319
- within: 0.034683646986937905
- has: 0.03414255256370804
- male: 0.0328767135720739
- (: 0.030738796861440872
- ): 0.030363306047374684
- left: 0.020342665303679036
- on: 0.01540193643330698
- of: 0.004957608544595252
- .: 0.003021237114667768
- the: 0.002941474142630336
- with: 0.0024894505551040368
