Texto: 
bilateral shoulders demonstrated decreased range of motion.
the patient was referred to orthopedic surgery for further management.
there is flattening of the bilateral humeral heads with associated mixed subchondral lucent and sclerotic changes. the joint spaces are also narrowed.
avascular necrosis (dx verified by combination of clinical hx and radiographic findings)
avascular necrosis
34 yo dialysis dependent african american female with sle complained of chronic bilateral shoulder pain. the patient related a history of long-term steroid therapy.


Keywords by value: 
- avascular: 0.11069751905395733
- necrosis: 0.07936707561046363
- verified: 0.07550144883727208
- bilateral: 0.07319356691698037
- dx: 0.06584285410703879
- dialysis: 0.06293861789607966
- shoulders: 0.060916850167530734
- heads: 0.060916850167530734
- narrowed: 0.06061125620984532
- sle: 0.06002289832073165
- long-term: 0.05554322190287527
- flattening: 0.05478394518360972
- dependent: 0.0542450094655945
- lucent: 0.05372968449314281
- humeral: 0.053235988033154207
- complained: 0.05307592153838033
- steroid: 0.05307592153838033
- subchondral: 0.05276217745506079
- african: 0.05245658349737537
- combination: 0.050643046087642925
- 34: 0.04989185229956607
- hx: 0.049771187591716774
- spaces: 0.0495335086820989
- orthopedic: 0.047991999712611796
- american: 0.047889250536508804
- sclerotic: 0.04500100984926778
- mixed: 0.04415203989340625
- related: 0.04149707521496427
- shoulder: 0.04052800465692748
- range: 0.04047341195626274
- motion: 0.040419071416776926
- radiographic: 0.038157228138690984
- referred: 0.037935664040654606
- management: 0.037935664040654606
- joint: 0.032510932412259774
- further: 0.03196993108000304
- clinical: 0.030933056471364757
- yo: 0.030251194391797197
- decreased: 0.029891251796759524
- demonstrated: 0.02949905861714079
- changes: 0.028812329132177183
- chronic: 0.02831752509302353
- therapy: 0.026878127014595448
- surgery: 0.024411753698356176
- associated: 0.02372308896362002
- findings: 0.021398081597528935
- female: 0.020667767899386277
- patient: 0.020155104256856186
- also: 0.019819054043178252
- by: 0.01673965768523382
- there: 0.014961359487823397
- history: 0.013884876914200981
- are: 0.013704398500348255
- pain: 0.012277743147420408
- was: 0.011626794378984551
- for: 0.008577742925208413
- (: 0.008498373249927771
- ): 0.008394561083685942
- of: 0.0068531647528228485
- is: 0.006615185628055595
- the: 0.006505848691935332
- to: 0.005024330687564544
- a: 0.004665880021395309
- and: 0.004235506017228669
- with: 0.00275303943740917
- .: 0.002505849606871502
