Texto: 
decreased visual acuity left eye.
decreased sensation over left trigeminal nerve cutaneous distribution
surgical resection
• very large skull base mass involving sella, suprasellar cistern, left cavernous sinus, middle cranial fossa, petrous apex, posterior cranial fossa.
• mass is slightly heterogeneous, with multiple small fluid-like areas
• mass extends through skull base in infratemporal fossa and left orbital apex
meningioma
• pituitary adenoma
• craniopharyngioma
• chondrosarcoma
• chordoma
• nasopharygeal carcinoma
• meningioma
• schwannoma
36 year old woman with 6 month history of pain and decreased vision left eye.


Keywords by value: 
- •: 0.1567014351595888
- fossa: 0.10448398892103387
- nasopharygeal: 0.08815518423966498
- apex: 0.087933556323398
- decreased: 0.07622269208173678
- cranial: 0.07431303992284599
- fluid-like: 0.07429224062846608
- skull: 0.07278737382785339
- eye: 0.07168819614223823
- infratemporal: 0.07023758954738443
- base: 0.06694916565662734
- meningioma: 0.0657217867291015
- chordoma: 0.055966425990982976
- petrous: 0.05483313913791294
- acuity: 0.053815312194813524
- trigeminal: 0.05349782521166772
- cutaneous: 0.0496537082225644
- sella: 0.049236981258558715
- left: 0.04780526346364574
- suprasellar: 0.04656635340606826
- cistern: 0.04567023181917139
- craniopharyngioma: 0.04525058982818107
- pituitary: 0.04282918930813242
- 36: 0.04282918930813242
- chondrosarcoma: 0.042722236416964945
- orbital: 0.04053344489168742
- cavernous: 0.03963488160046881
- vision: 0.03947983973510916
- sensation: 0.039251692957447445
- schwannoma: 0.039028635382304465
- visual: 0.03873876001357194
- distribution: 0.03845705124390498
- extends: 0.03703530635609955
- adenoma: 0.03568494351806012
- mass: 0.03565383020842693
- slightly: 0.03454226258257073
- heterogeneous: 0.03142195156795006
- sinus: 0.03125158969642438
- middle: 0.03125158969642438
- very: 0.031017856184571292
- nerve: 0.03078946126487306
- involving: 0.029984072640032937
- areas: 0.02875347171246067
- resection: 0.026649156555202187
- month: 0.025636145408006097
- 6: 0.025521201613748743
- through: 0.024269570184208687
- carcinoma: 0.024219276700158665
- over: 0.021756425901399624
- woman: 0.019739029474889064
- posterior: 0.019696385487024487
- small: 0.019685752843811185
- large: 0.018685424318310797
- multiple: 0.01799806003479269
- surgical: 0.017962217702514535
- ,: 0.01624260393103724
- history: 0.011802145377070835
- pain: 0.010436081675307348
- year: 0.009561052692729147
- old: 0.008749345968622547
- is: 0.005622907783847256
- in: 0.0042139723014025495
- and: 0.0036001801146443692
- with: 0.002340083521797795
- of: 0.0011650380079798843
- .: 0.0010649860829203882
