Texto: 
visual field defect.
normal endocrine work up.
craniotomy with clipping of the aneurysm neck.
• hypointensity (flow void) in the suprasellar cistern
aca aneurysm in suprasellar cistern
• macroadenoma (pituitary)
• meningioma
• metastatic disease
• aneurysm (aca/acom)
this 24 year old woman was referred for evaluation of a visual field defect from a possible pituitary tumor.


Keywords by value: 
- aneurysm: 0.15122861709149116
- suprasellar: 0.1390040400181142
- cistern: 0.13632905020648176
- aca/acom: 0.13157490185024623
- field: 0.13088661567531892
- pituitary: 0.1278483262929326
- •: 0.11694136952208117
- visual: 0.11563808959275206
- clipping: 0.10053846092965167
- defect: 0.09548499481492319
- aca: 0.0911562421323028
- macroadenoma: 0.08414126259132167
- void: 0.08131675513403021
- hypointensity: 0.08081076182543795
- endocrine: 0.07894265521418413
- craniotomy: 0.07651699955003823
- work: 0.05975125475513553
- 24: 0.04958891015859626
- meningioma: 0.04904610949932948
- referred: 0.04812733497694987
- possible: 0.04295495849080704
- flow: 0.042150057863559943
- neck: 0.03745139010475347
- evaluation: 0.03704834023622101
- up: 0.034296226135137664
- (: 0.03234455490644152
- metastatic: 0.03210611050173269
- ): 0.03194944890059575
- tumor: 0.029734810471803153
- woman: 0.02946123802222248
- disease: 0.020846828973368717
- normal: 0.01999421574028509
- from: 0.018902025569465856
- was: 0.014750410779308758
- this: 0.014345331542001986
- year: 0.014270227899595742
- old: 0.013058725326302307
- in: 0.012579021795231491
- a: 0.011838800054286605
- for: 0.010882211173771868
- the: 0.004126844319511218
- of: 0.0034777253969548783
- .: 0.0021193752893938073
- with: 0.0017463309864162648
