Texto: 
general: healthy appearing male in no acute distress.
vs: stable
lungs: clear 
heart: rrr. 
abdomen: normal.

ekg: normal.
no pertinent labs.
surgery
pa and lateral cxr demonstrates no mediastinal widening. heart size is normal.  the lungs are clear.

contrast ct demonstrates a large ascendning aortic aneurysm beginning at the root and extending to the arch just proximal to the take off of the innominate artery.
ascending thoracic aortic aneurysm
none.
51 y/o caucasian male with sudden onset of chest and mid back pain.  no prior history of acute chest syndrome, angina, or other heart disease.  no other significant past medical history or family history.  no history of alcohol or tobacco use.  no medications.
no apparent radiographic findings for a large ascending aortic aneurysm which in this case was concealed on plain films by superimposed mediastinal structures.


Keywords by value: 
- aortic: 0.0648549777992716
- aneurysm: 0.06332698340706193
- ascending: 0.057267648992115484
- heart: 0.055670243417039515
- ascendning: 0.055096990149790616
- concealed: 0.055096990149790616
- mediastinal: 0.04535165772657179
- no: 0.0430222075351901
- :: 0.04238530559964994
- innominate: 0.04070583331857783
- lungs: 0.04044735747475345
- angina: 0.039566323588615615
- clear: 0.039494082664333074
- superimposed: 0.03427071196119559
- beginning: 0.03324381789062511
- ekg: 0.03219972986148033
- tobacco: 0.03219972986148033
- take: 0.0306468463658647
- pertinent: 0.03005115774208767
- history: 0.029505363442677086
- 51: 0.02900706971294288
- root: 0.02755499485438903
- rrr: 0.02725731954820619
- widening: 0.026904118234060304
- alcohol: 0.026904118234060304
- acute: 0.026373491613831193
- chest: 0.025559112500718986
- caucasian: 0.025495749847325017
- normal: 0.025117733523733143
- sudden: 0.024674899834443223
- other: 0.02462048185878061
- off: 0.02439289711394029
- healthy: 0.024079211210666196
- arch: 0.02403565702744061
- medications: 0.023822325737631496
- appearing: 0.023738991169697337
- apparent: 0.023616036384705434
- large: 0.023356780397888497
- demonstrates: 0.023332765020664826
- cxr: 0.022537701694531734
- general: 0.022503641664734453
- distress: 0.022503641664734453
- pa: 0.02233607130566785
- mid: 0.02233607130566785
- just: 0.022303089698787578
- films: 0.02204532120794977
- stable: 0.02201383499526254
- family: 0.021889452780779445
- use: 0.021108994469020644
- vs: 0.021027999815004986
- thoracic: 0.020587859413151575
- structures: 0.020562909280216965
- radiographic: 0.020271027448679587
- male: 0.019315069223593415
- or: 0.018778551543069514
- labs: 0.018574837543344613
- extending: 0.017954494055248734
- size: 0.01790547419611732
- back: 0.017619164595921732
- plain: 0.017345398204306778
- past: 0.016969996699665212
- onset: 0.016858882662032188
- medical: 0.016433186250412526
- proximal: 0.016034644885668844
- artery: 0.015903312450676246
- abdomen: 0.015821151643098105
- syndrome: 0.01527441610459151
- y/o: 0.014791431436372755
- significant: 0.014361544694088896
- prior: 0.013713204826264772
- none: 0.013248246918175041
- surgery: 0.012968744152251719
- contrast: 0.011954848042549409
- case: 0.011684402705420443
- lateral: 0.01154167528515344
- findings: 0.011367730848687248
- which: 0.00996965367026593
- by: 0.008892943145280467
- disease: 0.008729609632598152
- ct: 0.007470647833700269
- are: 0.007280461703310011
- at: 0.0072360197051977064
- pain: 0.006522551047067092
- was: 0.006176734513835543
- this: 0.006007107583213332
- to: 0.005338351355537329
- in: 0.005267465376753187
- a: 0.004957497522732516
- for: 0.00455692592901697
- on: 0.004524318827283926
- the: 0.004320290146988306
- .: 0.0035499536097346276
- is: 0.0035143173649045353
- ,: 0.0033838758189660926
- and: 0.003375168857479096
- of: 0.0029125950199497107
- with: 0.0007312761005618109
