Texto: 
non contributory
surgery only
ct- mixed density lesion within the posterior temporal and parietal lobes.

mri-exophytic appearing lesion which has an intra axial component and enhances homogeneously.
desmoplastic infantile astrocytoma
meningioma
pxa
metastatic disease
avm
9 mo old girl with a history of trauma.  a screening ct scan revealed a possible left hemisphere bleed.  mri and skeletal survey were ordered.


Keywords by value: 
- mri-exophytic: 0.13562336036871536
- pxa: 0.09873266386412505
- desmoplastic: 0.09739402729505381
- ct-: 0.08738498781595921
- infantile: 0.08549879824530794
- intra: 0.08491817781480261
- mo: 0.0827927879920208
- survey: 0.08092569788426283
- homogeneously: 0.0767211850381139
- bleed: 0.07513373524987958
- contributory: 0.06764119717184462
- hemisphere: 0.06691708162018331
- skeletal: 0.06492920882818322
- avm: 0.06262440454774228
- enhances: 0.06209838355161491
- ordered: 0.061841967359534726
- component: 0.06004405443431456
- appearing: 0.05843443980233191
- lobes: 0.05793326794949171
- mixed: 0.057737282937531255
- parietal: 0.05616511461604592
- screening: 0.0560774527527438
- non: 0.05434330300351554
- 9: 0.05434330300351554
- lesion: 0.05355554541539861
- temporal: 0.05264447504021749
- astrocytoma: 0.05105154151805071
- meningioma: 0.05055522056084731
- girl: 0.04622119124599689
- possible: 0.04427664952129342
- density: 0.04325586702861476
- revealed: 0.0421919059979399
- only: 0.03952941013053747
- axial: 0.03751986886258264
- scan: 0.036804176314353516
- trauma: 0.035953981257814294
- metastatic: 0.03309399082486293
- surgery: 0.031923062528619615
- posterior: 0.030302131518499212
- mri: 0.030204243921763383
- were: 0.02985055902599879
- within: 0.025078944744401258
- has: 0.024687691853758124
- which: 0.024540685957577673
- disease: 0.02148826986485699
- ct: 0.0183892869752622
- a: 0.018304606237781598
- an: 0.018179459450534306
- history: 0.018157146733955132
- left: 0.01470931183496792
- old: 0.013460532259419303
- and: 0.00830810795687162
- .: 0.0027307335459497138
- the: 0.002126912072363474
- with: 0.0018000642475367653
- of: 0.001792366166122899
