Texto: 
ugi shows the patient has corkscrew appearance to the distal esophagus.
diffuse esophageal spasm
see factoid
72 yo man with cough after meals
see factoid


Keywords by value: 
- corkscrew: 0.2590798800879486
- factoid: 0.23041811489339514
- meals: 0.22017215271569934
- ugi: 0.20457734086538532
- see: 0.1961705547099068
- 72: 0.18635486578516836
- spasm: 0.1842371820473596
- esophageal: 0.15067994707752258
- esophagus: 0.142675882694843
- cough: 0.1259328799541566
- diffuse: 0.09950028539905058
- yo: 0.0988981355116447
- appearance: 0.09399640679748622
- shows: 0.09036052691264919
- distal: 0.08935686880561643
- man: 0.07772814781115382
- after: 0.0680000462542001
- has: 0.06171922963439531
- patient: 0.03294584349678415
- to: 0.016425696478576394
- the: 0.010634560361817369
- with: 0.004500160618841913
- .: 0.0013653667729748569
