Texto: 
tachypnea and tachycardia
multiple filling defects in the right and left pulmonary arteries (lower lobes) consistent with pulmonary embolism.
pulmonary embolism
• thromboemboli
• tumor emboli
• septic emboli
86 y/o woman with shortness of breath


Keywords by value: 
- emboli: 0.23722377856102933
- embolism: 0.214399458242916
- pulmonary: 0.1920423315553895
- thromboemboli: 0.19049292468837453
- 86: 0.14797425605751474
- tachypnea: 0.13020125142777256
- tachycardia: 0.12472499244577102
- •: 0.12053956550737599
- septic: 0.1149944893251325
- defects: 0.10064536655755756
- lobes: 0.09655544658248619
- shortness: 0.09218365638174804
- arteries: 0.09070266063425592
- filling: 0.08821128246877777
- breath: 0.08192609123716277
- y/o: 0.06068279563640104
- consistent: 0.053725596636697515
- tumor: 0.05108287952848234
- woman: 0.05061289608945913
- lower: 0.0492785145990734
- multiple: 0.046148871884083814
- left: 0.02451551972494653
- right: 0.023118761772061965
- (: 0.018522095544714373
- ): 0.018295838259315515
- in: 0.01080505718308346
- and: 0.00923123106319069
- with: 0.006000214158455884
- the: 0.003544853453939123
- of: 0.0029872769435381648
- .: 0.0009102445153165711
