Texto: 
none provided
there is pneumatosis intestinalis present seen best on the left along the lateral aspect of the descending colon. there is also an abnormal bowel gas pattern with dilated tubular shaped loops of bowel, as well as areas of bowel wall thickening. no free air or portal venous gas is present.
necrotizing enterocolitis
5 day old premature girl with heme positive stools


Keywords by value: 
- gas: 0.12151003867472382
- bowel: 0.11999791938289966
- heme: 0.11088394123651653
- intestinalis: 0.08762805141492624
- enterocolitis: 0.08477648071697536
- stools: 0.08477648071697536
- pneumatosis: 0.07894265521418413
- necrotizing: 0.0744310004101105
- premature: 0.0695020200090571
- portal: 0.06713478075268937
- shaped: 0.06491955679570022
- loops: 0.06254545687585412
- descending: 0.06225563469888248
- tubular: 0.059391589806194335
- present: 0.057612201609900916
- provided: 0.05500924938870783
- best: 0.05365914326698766
- free: 0.0524955381704248
- colon: 0.05008855089287074
- pattern: 0.04875287073240714
- dilated: 0.046344647859576545
- venous: 0.046295307738166105
- girl: 0.04484145419387758
- thickening: 0.04323320253273659
- air: 0.04315317353062636
- areas: 0.042915629421583085
- along: 0.042150057863559943
- positive: 0.04138635209379279
- day: 0.04049193775153626
- aspect: 0.040064058723632195
- as: 0.038584403161018736
- there: 0.03796165840193996
- 5: 0.03731582720065915
- wall: 0.0369426734363992
- abnormal: 0.03637451104947629
- none: 0.031637604580716516
- well: 0.028851954521920162
- lateral: 0.02756220963618732
- seen: 0.02520339723981627
- is: 0.025177199032151893
- also: 0.02514357602492763
- an: 0.01763678901917507
- or: 0.014948100730801604
- left: 0.014270227899595742
- old: 0.013058725326302307
- no: 0.012842450010504507
- on: 0.010804343468140718
- the: 0.006190266479266827
- of: 0.005216588095432318
- ,: 0.004040448739063991
- with: 0.0034926619728325296
- .: 0.0015895314670453554
