Texto: 
fluid culture: negative
afb culture: negative
left pleural effusion with associated pleural thickening. consolidation of the left lower lobe presenting a round opacity with lung volume loss.
rounded atelectasis
pneumonia
malignancy/metastasis
lung collapse
complaints of productive cough. chest x-ray obtained showed a left pleural effusion with associated pleural thickening. patient underwent a ultrasound guided thorasentesis. chest ct and plain films obtained for follow up.


Keywords by value: 
- pleural: 0.442775289240776
- culture: 0.2848518853556357
- thorasentesis: 0.2351556004501584
- effusion: 0.21838359297421794
- obtained: 0.20802033879276047
- thickening: 0.20007310555289878
- negative: 0.1820680505947742
- lung: 0.17889730670452686
- afb: 0.178516679960105
- productive: 0.158585790302726
- chest: 0.1552347027671149
- associated: 0.15500658307110213
- left: 0.15047989531314782
- guided: 0.14425489988766185
- collapse: 0.13790331727217747
- consolidation: 0.13590848382059734
- rounded: 0.13380302971630653
- atelectasis: 0.13093591273225155
- volume: 0.12918761686796756
- opacity: 0.12795006000813014
- complaints: 0.12109418900069566
- round: 0.12048404256089625
- films: 0.11644590154283939
- pneumonia: 0.11606211057857525
- presenting: 0.11518821388651466
- cough: 0.10978214634023507
- underwent: 0.10129424043277413
- showed: 0.097941798053278
- plain: 0.09701556127502835
- ultrasound: 0.0906995583526901
- loss: 0.08958468260509406
- with: 0.08637924610791162
- lobe: 0.08497597827561974
- fluid: 0.08490005043400234
- follow: 0.07926956333054395
- lower: 0.07513971905912843
- up: 0.07273719801200784
- of: 0.05755177689895778
- ct: 0.055981086806136636
- patient: 0.04782607878705206
- for: 0.04456795202068969
- and: 0.030384872437507714
- the: 0.029340635147187228
