Texto: 
small abrasion on forehead and on multiple extremities but no obvious deforming injuries seen externally.
patient was unconscious and smelled of alcohol.
na
ap and lateral whole body statscan shows no acute thoracic abnormality, no fractures or dislocations.
lodox statscan™
na
42 year old intoxicated male involved in a mva, was unconscious when came to the er.
na


Keywords by value: 
- statscan: 0.41009773446393677
- na: 0.38169954166456355
- unconscious: 0.33762680764691116
- deforming: 0.21458651102823684
- smelled: 0.21458651102823684
- lodox: 0.21458651102823684
- intoxicated: 0.18511811358606467
- abrasion: 0.1819770915030187
- externally: 0.1724394477067502
- came: 0.1592757600271871
- forehead: 0.1525086940608465
- dislocations: 0.14794161573620057
- whole: 0.14083114624154705
- no: 0.13090355047480087
- obvious: 0.12478351798774318
- alcohol: 0.12402055195100889
- mva: 0.12328155744046843
- 42: 0.11927749232736984
- injuries: 0.11694274535063519
- involved: 0.10759105290943204
- extremities: 0.10197166450474579
- er: 0.10036183604782158
- thoracic: 0.10027048554886644
- fractures: 0.09920108667481795
- abnormality: 0.09760143020677338
- ap: 0.09633390614682785
- was: 0.09352763362957911
- body: 0.08830924314817284
- and: 0.08318131167517887
- when: 0.08105379858901021
- on: 0.08105064072678095
- shows: 0.07875332927415667
- acute: 0.07258742716636653
- small: 0.06921568547788821
- lateral: 0.06659166714959977
- but: 0.06635329572871665
- multiple: 0.065631422642732
- seen: 0.06317188203151443
- male: 0.05974306652998711
- or: 0.04667958974438944
- patient: 0.04364272576723213
- year: 0.04135230483334782
- old: 0.03971252709556774
- to: 0.03354528043516163
- in: 0.03338017063433443
- the: 0.026774206166192645
- of: 0.026258857931900283
