Texto: 
normal knee radiograph
normal knee radiograph
internal derangement
external ligament injury or tendonopathy
knee pain following a basketball game


Keywords by value: 
- knee: 0.5277299465234697
- tendonopathy: 0.36265012753060644
- derangement: 0.34520612754179936
- radiograph: 0.3196848604612798
- game: 0.28930811829909214
- basketball: 0.2669419335778529
- ligament: 0.2109383483372063
- normal: 0.20040200067247854
- external: 0.1984037535775234
- internal: 0.16539475081080698
- injury: 0.16003578874744487
- following: 0.14722523282624694
- pain: 0.08781825690483537
- or: 0.08537525413742425
