Texto: 
tibial stress fracture
22 yo male with increasing leg pain with running.


Keywords by value: 
- running: 0.434370279843547
- tibial: 0.3694810345648095
- stress: 0.35330771017138385
- 22: 0.33702424930632974
- increasing: 0.33702424930632974
- leg: 0.32304276169761514
- yo: 0.26734170255624573
- fracture: 0.24320311057994065
- male: 0.19052755806702174
- with: 0.1675851503118404
- pain: 0.15312641830638637
