Texto: 
unable to extend knee at all.
disrupted patellar tendon with superior retraction of the patella and buckling of the quadriceps tendon. a large amount of edema is present with a moderate joint effusion which extends through the disrupted patellar tendon into the prepatellar soft tissues, seen as high t2 signal on the sagittal t2 fat sat images.
patellar tendon rupture
patellar tendon rupture complete or partial.
38 y/o male who was playing basketball when his right knee collapsed.


Keywords by value: 
- tendon: 0.5108890029940069
- patellar: 0.45129413956393366
- disrupted: 0.27415648962707556
- rupture: 0.1892640548007381
- prepatellar: 0.17887539824404522
- knee: 0.1678064850384022
- buckling: 0.15042840908081448
- collapsed: 0.13707824481353778
- t2: 0.13468935624347783
- quadriceps: 0.13304171709932783
- retraction: 0.13030163087703928
- basketball: 0.12732247206591482
- patella: 0.12285475023192242
- sat: 0.11774736224694067
- the: 0.1167830589677895
- playing: 0.11337816771073646
- extend: 0.10797279813802553
- 38: 0.10387464826009792
- unable: 0.10137924983253929
- extends: 0.0963970257888613
- amount: 0.09364158590697355
- tissues: 0.09229040350573611
- partial: 0.0901888306859412
- sagittal: 0.09000803511025479
- moderate: 0.0878730379303813
- effusion: 0.08692212655918172
- complete: 0.08205102239502617
- joint: 0.07713289587674889
- superior: 0.07610198587744137
- fat: 0.07281511383299119
- his: 0.07099072521328209
- when: 0.07070768396589036
- edema: 0.0698138671411602
- all: 0.06967974793758575
- through: 0.06967974793758575
- of: 0.06872113560162356
- high: 0.06652610146415962
- signal: 0.0663548612623814
- who: 0.066213244654084
- soft: 0.06231731852751497
- into: 0.06222415076203112
- present: 0.060064459632135615
- large: 0.05865010907272523
- seen: 0.055108305199411824
- images: 0.05414549380432371
- which: 0.05322584034671349
- male: 0.052117160958428506
- as: 0.04702494215166617
- with: 0.045841464309180124
- at: 0.04421296200156811
- was: 0.04079464797381197
- or: 0.04072117207041327
- right: 0.03880840601085305
- on: 0.03535246459454142
- is: 0.03205616681728296
- to: 0.029263392078433353
- and: 0.02418787685949873
