Texto: 
unremarkable
pa and lateral chest radiographs demonstrate an anterior mediastinal mass.
-contrast enhanced axial chest ct images reveal a homogeneous mass in the prevascular space.
lymphoma
-lymphoma
-germ cell neoplasm
-thyroid mass
-thymic mass 
-metastatic disease
40 year old male with fevers.


Keywords by value: 
- mass: 0.3487763317286468
- prevascular: 0.31492568860713394
- lymphoma: 0.2719010716253623
- chest: 0.24098781184749019
- homogeneous: 0.20154840134217333
- fevers: 0.20154840134217333
- reveal: 0.19201804943603154
- mediastinal: 0.1843264893380273
- pa: 0.17517882949862304
- enhanced: 0.17381058654890685
- 40: 0.1678828298653484
- neoplasm: 0.15583054509091093
- unremarkable: 0.15303389740253157
- space: 0.15194828388103446
- radiographs: 0.14805465313675564
- axial: 0.13185852853884655
- cell: 0.1305825094573215
- anterior: 0.1274541442809643
- demonstrate: 0.11867265692297192
- lateral: 0.11328673475723804
- images: 0.10559132781444197
- male: 0.10163579350494384
- disease: 0.0958207758603067
- an: 0.08729071955929157
- ct: 0.08690556540372471
- year: 0.07034915612987597
- old: 0.06755954184940766
- in: 0.0567868428388779
- and: 0.04716976160263104
- the: 0.045548677816865606
- with: 0.044698651219782136
