Texto: 
normal vital signs
tenderness to palpation throughout the abdomen, but no rigidity or guarding
ng suction
frequent abdominal exams
surgery to relieve obstruction
multiple dilated air-filled loops of bowel throughout the abdomen
air-fluid levels on the upright abdominal radiograph
absent bowel gas in the rectum and colon
small bowel obstruction secondary to adhesions
adynamic ileus
small bowel obstruction
closed-loop obstruction
47 year old hispanic male with nausea, vomiting, and abdominal pain.  the patient has undergone 2 abdominal operations in the past.


Keywords by value: 
- obstruction: 0.35517648761858506
- bowel: 0.32541756629221336
- abdominal: 0.27733211330058744
- operations: 0.18732649491989828
- throughout: 0.18646333894288764
- adynamic: 0.17831581733504018
- suction: 0.1719226398458559
- abdomen: 0.15469976118772774
- rigidity: 0.15390128467613967
- the: 0.151769395779996
- undergone: 0.14750810718695537
- hispanic: 0.1418204830944281
- upright: 0.1411149296977711
- relieve: 0.13912347284121587
- adhesions: 0.1384974296020973
- ileus: 0.13788854040885234
- small: 0.13078287236942257
- exams: 0.12867855148508098
- rectum: 0.1278987147925433
- ng: 0.12502723404299135
- guarding: 0.12403937961952861
- frequent: 0.11624217327239084
- 47: 0.11624217327239084
- loops: 0.1151363199947447
- vital: 0.11288135755291791
- gas: 0.1110127729463433
- absent: 0.1040010209007946
- levels: 0.1005007461582647
- nausea: 0.0973802460202536
- colon: 0.09652357640601197
- to: 0.09507559087491288
- vomiting: 0.093802568599573
- dilated: 0.09079382326707452
- signs: 0.0885971658267522
- palpation: 0.08549122705127532
- radiograph: 0.08256641848845647
- past: 0.08251664676479437
- tenderness: 0.07949950940160151
- secondary: 0.07513885743847043
- surgery: 0.06815608077532966
- in: 0.06307175267568992
- but: 0.0626871968879912
- multiple: 0.06200520815220519
- has: 0.05790413448625145
- male: 0.0564421907476832
- and: 0.05239029656946477
- normal: 0.05175870834037168
- pain: 0.04536241685057613
- or: 0.04410048665737604
- patient: 0.04123141304215668
- no: 0.04122365765372485
- year: 0.03906754060052537
- on: 0.038286248010275165
- old: 0.037518362541291796
- with: 0.02482284745667269
- of: 0.02480802466784508
