Texto: 
non-contributory
focal nodular hyperplasia
hepatocellular carcinoma
focal nodular hyperplasia
hepatic adenoma
h/o of right upper quadrant pain.


Keywords by value: 
- hyperplasia: 0.5325665945890022
- nodular: 0.46519590309922837
- focal: 0.349418396286114
- hepatocellular: 0.30027574584984557
- adenoma: 0.232861206356046
- hepatic: 0.23259795154961418
- quadrant: 0.20458567062677588
- carcinoma: 0.174709198143057
- upper: 0.1560831570150496
- pain: 0.10451705893992137
- right: 0.09683668474616718
- of: 0.05715881023123344
