Texto: 
no focal neurological findings.
surgery only
• right parietal lobe mass
• lesion is hypointense on t1 and hyperintense on t2 sequences
• nodular enhancement
• no edema
gangliocytoma who grade 1
• astrocytoma
» pilocytic, pleomorphic xanthoastrocytoma
• metastatic lesion
• ependymoma
30 year old man with 3 week history of light-headedness and generalized weakness.  smokes 1 pack/day for 15 years.


Keywords by value: 
- smokes: 0.26111664340129853
- gangliocytoma: 0.25358499935237927
- xanthoastrocytoma: 0.22854278794097505
- pleomorphic: 0.19483998238514244
- pilocytic: 0.18468878948279255
- lesion: 0.18461238921471032
- generalized: 0.1838232943394585
- hypointense: 0.1694331791485913
- ependymoma: 0.16263470009176798
- neurological: 0.15815620614004292
- parietal: 0.15546993423285077
- sequences: 0.154025758388329
- nodular: 0.1533262004730453
- hyperintense: 0.15315355323645877
- astrocytoma: 0.14534749742268574
- weakness: 0.14051749175568815
- grade: 0.13845036867343072
- 30: 0.13134469956578743
- 15: 0.13010431206972561
- week: 0.1295008037100042
- no: 0.12522124049416575
- only: 0.12028577027719614
- t1: 0.1199621583910935
- years: 0.11802218743927637
- on: 0.11629854657694953
- focal: 0.1151665238687773
- edema: 0.11483288891670135
- lobe: 0.11126564763718033
- enhancement: 0.11082055378733209
- t2: 0.11077145928971578
- who: 0.10891042825063653
- metastatic: 0.10559653970993
- surgery: 0.1035156687647315
- man: 0.1019311180382746
- findings: 0.09502439629208195
- and: 0.07957054637645475
- history: 0.07356002007394685
- mass: 0.07354373420576098
- right: 0.06383375622879833
- year: 0.05933590291947247
- for: 0.05835628075219887
- old: 0.05698300643521249
- is: 0.052727379157801055
- with: 0.03770101839618227
- of: 0.03767850549812543
