Texto: 
non-contributory
upon voiding, there is a focal filling defect in the distal posterior uretha. the more proximal posterior urethra is dilated with reflux extending into the prostatic ducts. the bladder is hypertrophied with trabeculation and sacculation of the walls.
posterior urethral valves
posterior urethral valves
urethral stricture from trauma, infection, or tumor
neurogenic bladder with a dilated posterior urethra
williams syndrome with a bladder utricle
a 5 month old with a urinary tract infection.


Keywords by value: 
- urethral: 0.4060201269599933
- posterior: 0.3158828241244246
- bladder: 0.28441864298500824
- urethra: 0.2792757788720398
- valves: 0.27068008463999554
- uretha: 0.19538076874745125
- utricle: 0.19538076874745125
- sacculation: 0.18669675516232392
- dilated: 0.17500455149385824
- trabeculation: 0.1685498271453046
- prostatic: 0.15084451091337733
- voiding: 0.14832190302114726
- infection: 0.1475987787148283
- hypertrophied: 0.13738133978227135
- neurogenic: 0.13288966860339751
- williams: 0.12822659487966362
- ducts: 0.12601665550061672
- the: 0.1218894178922811
- with: 0.11961472514427125
- stricture: 0.11833564719148808
- walls: 0.11457799044497968
- reflux: 0.10581207460794986
- urinary: 0.10564920376394846
- tract: 0.10234769502495378
- is: 0.1003734843328818
- upon: 0.09611686491868353
- filling: 0.09461150923490885
- defect: 0.08962020088583598
- extending: 0.08283466747797083
- proximal: 0.07632658194681945
- month: 0.07431907478254465
- syndrome: 0.07365319484593193
- focal: 0.07307819621010511
- distal: 0.07098538359906885
- trauma: 0.07095324944034402
- more: 0.06708588794357273
- into: 0.06494491223523628
- tumor: 0.06390341847040418
- there: 0.04861214423485705
- from: 0.04852182290849259
- or: 0.04250171217833136
- old: 0.036158209738612224
- in: 0.030392606544589227
- and: 0.02524549584942493
- of: 0.023908659610434136
