Texto: 
excision
spiculated mass within the left breast with shadowing sonographically (not shown).
focal fibrosis
infiltrating ductal carcinoma
radial scar
focal fibrosis
postsurgical change
fat necrosis
invasive lobular carcinoma
tubular carcinoma
extraabdominal desmoid
granular cell myoblastoma
81 year old female needs screening mammogram; no prior mammograms available.
see factoid


Keywords by value: 
- carcinoma: 0.2917756601352146
- fibrosis: 0.27242568306207654
- extraabdominal: 0.24847159986440703
- myoblastoma: 0.24027148771678675
- postsurgical: 0.20895655767246774
- sonographically: 0.19902839659373048
- desmoid: 0.19739914872411832
- granular: 0.19585801244771453
- focal: 0.19451710675680972
- needs: 0.1819038917926824
- mammograms: 0.1819038917926824
- spiculated: 0.17610049135174488
- 81: 0.17192169453149594
- lobular: 0.1650475925243898
- infiltrating: 0.15951335440179118
- shadowing: 0.15672051322828368
- mammogram: 0.15523944879224966
- scar: 0.15349018357604038
- invasive: 0.14795594545344176
- ductal: 0.14308694353814444
- tubular: 0.14126205950106377
- radial: 0.1395470112897641
- screening: 0.1320845689385619
- excision: 0.1281984243574721
- shown: 0.12604615121343427
- necrosis: 0.12428763292858172
- change: 0.12321187968713083
- breast: 0.11807368265333386
- factoid: 0.11355409860739156
- available: 0.11031779888963156
- fat: 0.10114575847768678
- see: 0.10114575847768678
- cell: 0.09301333593135082
- prior: 0.09097365992978379
- female: 0.07846085622242453
- within: 0.07488745468902572
- not: 0.06418967673827108
- mass: 0.062107954278868366
- left: 0.055465598026186724
- no: 0.05287489929186655
- year: 0.05010938845323535
- old: 0.04812235871038226
- the: 0.03244411896061512
- with: 0.03183864882718237
