Texto: 
physical exam revealed no palpable thyroid nodule.
calcitonin levels >500 (elevated)
-unknown
-mri demonstrates a nodule in the left thyroid lobe with peripheral t2 signal peripherally and intermediate signal internally.
-fusion pet/ct images demonstrate that the thyroid nodule is fdg-avid.
-ultrasound images demonstrate that the nodule is hypoechoic with a thin, linear echogenic focus and a small cystic area.  there is mild hyperemia internally and peripherally
medullary thyroid carcinoma
-medullary thyroid cancer
-anaplastic thyroid cancer
-metastatic disease
45 year old male with an incidentally noted left thyroid lesion on mri and pet/ct examinations during work-up for an unrelated disorder.


Keywords by value: 
- thyroid: 0.5607575840121541
- nodule: 0.3218276453308449
- internally: 0.2619946476383393
- peripherally: 0.21638108930421665
- medullary: 0.18030303848100843
- calcitonin: 0.1361380705768717
- cancer: 0.13579099195174452
- hyperemia: 0.11937162224959429
- unrelated: 0.11650637259579985
- 500: 0.11585649946584309
- signal: 0.1155673891770602
- examinations: 0.11136562583809782
- demonstrate: 0.10598570426468679
- mri: 0.10464811884488563
- intermediate: 0.10412015022641291
- images: 0.09430286245230872
- echogenic: 0.0934701995008316
- that: 0.0884713852480998
- hypoechoic: 0.08709658175684123
- incidentally: 0.08684310883194667
- focus: 0.08634670075584813
- disorder: 0.08622472388914669
- and: 0.08425395593354233
- is: 0.08374625691964144
- linear: 0.08211610102038217
- 45: 0.08173385026140143
- levels: 0.08081253583742659
- thin: 0.07934770548763903
- an: 0.07795871962542979
- peripheral: 0.07289154929857845
- palpable: 0.07161262276724033
- left: 0.06954407161367239
- elevated: 0.06949001543093801
- revealed: 0.06683781797703593
- area: 0.06603455728220803
- during: 0.06456500016567218
- cystic: 0.06139160153150237
- the: 0.06101879938374421
- carcinoma: 0.060972531099336785
- with: 0.05988007033859335
- lobe: 0.058907292961067406
- t2: 0.05864565517456058
- mild: 0.0577836945885301
- physical: 0.05527115384138705
- noted: 0.05404545217980378
- small: 0.05258117956473707
- exam: 0.05131381138320278
- demonstrates: 0.05121071758809453
- lesion: 0.04886960318235529
- male: 0.045385101473347844
- disease: 0.04278842606235371
- there: 0.040559368318883196
- no: 0.03314789629765835
- year: 0.03141416502409168
- for: 0.030895524354449286
- on: 0.030785928539661177
- old: 0.03016847270621357
- in: 0.02535796234491114
