Texto: 
n/a
patient has c-section planned. a total hysterectomy will most likely follow delivery.
coronal imaging through the patient demonstrates a live third trimester fetus. the placenta can be seen to be overlying the expected location of the cervical os and this is compatible with a complete placenta previa. 

sagital imaging through the pelvis demonstrates complete replacement of the cervix by invading chorionic villi and confirms a diagnosis of complete placenta previa. also note the anterior attachement of the placenta to the uterine wall which is pertinent for c-section planning
placenta percreta
planceta previa with placenta percreta. lesser forms of placental invasion are excluded by imaging.
patient was referred for fetal mri to better define abnormal ultrasound exam findings from an outside institution.
placenta percreta is the most severe form of invasive placentation. this case is somewhat unique in its complete involvement of the cervix. as can be seen from this case fetal mri can provide exquisite detail for operative planning and patient management.


Keywords by value: 
- placenta: 0.5781054511431682
- percreta: 0.3179955862050658
- previa: 0.2860552429912373
- complete: 0.1858438387969297
- cervix: 0.1542506323179782
- planning: 0.15066834455053058
- the: 0.14548114384600053
- fetal: 0.12302375384299612
- attachement: 0.10599852873502194
- planceta: 0.10599852873502194
- placentation: 0.10599852873502194
- imaging: 0.10449949508879817
- can: 0.10434727516768172
- villi: 0.0932332740917288
- of: 0.0907969566956607
- chorionic: 0.08989057080228224
- placental: 0.08729776869737592
- patient: 0.08623216248115254
- exquisite: 0.0861903182092922
- live: 0.08258649302045261
- be: 0.08066324960061377
- detail: 0.07983978885745338
- through: 0.07891158126451552
- hysterectomy: 0.0771253161589891
- invading: 0.0771253161589891
- define: 0.0771253161589891
- trimester: 0.07575674377151234
- unique: 0.07453251405408276
- sagital: 0.07378261286954255
- is: 0.07260654315502782
- lesser: 0.0724140404820658
- os: 0.07034948550106704
- fetus: 0.06931596592314763
- forms: 0.06907133719261924
- most: 0.0689897868430913
- this: 0.06832653866216444
- mri: 0.06804606948846485
- planned: 0.06791995683930016
- pertinent: 0.06728019330889543
- provide: 0.06707453421416024
- demonstrates: 0.06659819757904675
- case: 0.06659819757904675
- compatible: 0.06628647392959598
- institution: 0.06554848400751782
- excluded: 0.06519635295332138
- confirms: 0.06404170090196176
- better: 0.06256891763197213
- seen: 0.062409575706105544
- delivery: 0.06229550653469719
- uterine: 0.06189708685657036
- invasive: 0.06031293434248021
- somewhat: 0.06031293434248021
- for: 0.0602682309145443
- expected: 0.05975687439044021
- replacement: 0.0595416935091243
- invasion: 0.059122929791221725
- form: 0.05795022758845369
- overlying: 0.05646859478603766
- by: 0.056293927864451504
- operative: 0.055601658665556906
- total: 0.05430927957086707
- outside: 0.053208007990407945
- coronal: 0.052783229364224665
- from: 0.05264839393164269
- third: 0.05046781149238655
- note: 0.04989624862208384
- to: 0.049710725363295905
- referred: 0.049045119605514845
- its: 0.049045119605514845
- management: 0.048959049319261455
- involvement: 0.04797306427752369
- cervical: 0.04747198278316568
- pelvis: 0.046357675147928566
- location: 0.04615382017329857
- will: 0.04266053893835916
- severe: 0.04195904888505986
- and: 0.041088774003404376
- ultrasound: 0.04088365203251507
- wall: 0.04031979521014434
- abnormal: 0.03982103042111036
- likely: 0.03960817885600362
- anterior: 0.037007709686804446
- follow: 0.03573147767019148
- diagnosis: 0.034359853559646845
- exam: 0.033366134180347395
- findings: 0.032712572862351075
- also: 0.031176912344647142
- has: 0.030275452409572363
- which: 0.03013885203527141
- as: 0.026627626059900742
- with: 0.025957487958757325
- an: 0.02534581849830834
- are: 0.0251508102083753
- was: 0.02309975476393998
- in: 0.01648868309200407
