Texto: 
admission cr of 1.4
---------------------
discharge cr of 0.7
the patient was hydrated until her creatinine normalized.
contrast retained within both kidneys.
-----------------------------------------
resolution of renal contrast retention.
persistent nephrogram due to dehydration.
• contrast induced nephropathy
• dehydration
• obstruction (vein or ureter)
70 y.o. woman with abdominal pain.  she had an abdominal ct with iv and oral contrast at an outside institution, about 14 hours earlier.
there are many causes of persistent nephrograms. however, usually due to acute renal failure.  the following is a brief summary of the major catergories of acute renal disease.

pre-renal
hypotension
dehydration
decreased overall perfusion

intrarenal
atn
acute glomerulonephritis
renal artery thrombosis
contrast reaction/toxic

post-renal
obstruction
-ureteral stones
-nephrolithiasis
bph
infection
neurogenic bladder


Keywords by value: 
- renal: 0.36270353766141233
- dehydration: 0.3456830445322576
- contrast: 0.2358308531160429
- cr: 0.2009300498958531
- acute: 0.15753962067642957
- catergories: 0.1552421168484437
- persistent: 0.1495879636423604
- nephrograms: 0.14834213042532549
- atn: 0.14344651214795137
- normalized: 0.13654652572483317
- bph: 0.13654652572483317
- obstruction: 0.13598938144770187
- hydrated: 0.13165090744745905
- intrarenal: 0.12475092102434082
- glomerulonephritis: 0.12338879741574245
- nephrogram: 0.12095358447506692
- nephropathy: 0.12095358447506692
- summary: 0.1188236256455958
- brief: 0.1160579661976928
- of: 0.1139814615141676
- retention: 0.11367957287710166
- due: 0.1115996622054804
- retained: 0.10859998026297486
- abdominal: 0.10618445718690477
- neurogenic: 0.1055890689423276
- hypotension: 0.10513524310351785
- creatinine: 0.09884308773684757
- perfusion: 0.09736237507408224
- induced: 0.09626409334598204
- institution: 0.09600025146548388
- ureter: 0.09523241624461114
- stones: 0.09163647210976787
- overall: 0.08918775860479386
- earlier: 0.08866942024743422
- discharge: 0.08704748303635523
- major: 0.08487208369816031
- kidneys: 0.08356240222784582
- admission: 0.08099325875500107
- until: 0.08077784498743364
- 70: 0.08014749661323703
- thrombosis: 0.07914618073384593
- resolution: 0.0787615889890191
- outside: 0.07792677777980034
- oral: 0.07774669715325928
- many: 0.07653682512100057
- bladder: 0.07532940676337749
- an: 0.07424137983594088
- hours: 0.07398522460125459
- failure: 0.07370040690002626
- causes: 0.07335096011602797
- about: 0.0726728839449974
- 14: 0.07247462002775465
- vein: 0.06958131675497409
- iv: 0.06936102292908401
- usually: 0.06111154493585838
- her: 0.060646194757000775
- artery: 0.06028928546029329
- decreased: 0.060129495925670226
- infection: 0.05863818378551105
- following: 0.05823504404341574
- the: 0.05810921323422972
- she: 0.05778571205448176
- however: 0.0574563315703953
- both: 0.05413311107527572
- woman: 0.05055634514727708
- to: 0.048536511638831915
- had: 0.048365729326898255
- within: 0.0447091924258642
- disease: 0.04074812679249106
- there: 0.0386253581861778
- with: 0.038016521803420675
- ct: 0.036956901739208736
- are: 0.03683508689976366
- at: 0.0366659978963592
- pain: 0.03473657307578975
- was: 0.033831175498657
- or: 0.033770241618693145
- patient: 0.031573229373442334
- is: 0.026584315817749317
- and: 0.0200591094081487
