Texto: 
exam: unremarkable

labs:
ca 11.0 (high normal 10.4)
ionized ca 1.56 (high normal 1.35)
intact pth 211 (high normal 75)
surgical management
early scan shows expected uptake in region of throid glands. delayed scan shows expected washout of radiotracer except for residual increased uptake in region of inferior left thyroid gland, suggestive fo parathyroid adenoma.
parathyroid adenoma
parathyroid adenoma
focal parathyroid hyperplasia
fatigue.


Keywords by value: 
- parathyroid: 0.5283514350679397
- adenoma: 0.2878656813443366
- expected: 0.21701976650578056
- ca: 0.2053759049963494
- high: 0.20521019391414688
- throid: 0.1924780721104017
- uptake: 0.18509593409996714
- ionized: 0.16604574744715186
- 211: 0.16322833887797422
- fo: 0.15852018343023475
- normal: 0.14742365506561408
- region: 0.14398500333477868
- washout: 0.143895316814021
- pth: 0.14286588228240438
- scan: 0.1428137059897206
- shows: 0.14127904795442336
- glands: 0.12774454046483552
- fatigue: 0.11657758017523115
- except: 0.11216045310073981
- hyperplasia: 0.10972748388882776
- residual: 0.10951960809363799
- 75: 0.10556959010489997
- radiotracer: 0.10506115050144318
- suggestive: 0.09800974627127763
- gland: 0.09777133444036198
- thyroid: 0.09458671815960779
- delayed: 0.09418289296121678
- management: 0.08890258702445535
- intact: 0.08711218009873473
- early: 0.0867575629691066
- labs: 0.0833848796550639
- inferior: 0.08188128533669571
- unremarkable: 0.0806876949014266
- focal: 0.07199250166738934
- of: 0.07066037366003897
- increased: 0.06508368989789223
- exam: 0.06058809737694342
- in: 0.059882150649883996
- surgical: 0.05849774026821324
- left: 0.04105661681854316
- for: 0.03647947770084867
