Texto: 
exam:  no palpable thyroid on left
       normal size lobe on right with a 1.5 cm nodule

labs: tsh- 0.2
      t3 100
      free t4 1.04
uptake: 9.3%
surgical removal of the right lobe of the thyroid.
no uptake within the left neck.  the right lobe displays an area of increased uptake in the inferior aspect with less activity (but not zero activity) in the remainder of the right lobe.
autonomous functioning thyroid nodule.
1. graves disease
2. toxic multinodular goiter
3. thyroiditis
4. exogenous administration
pt had prior left thyroidectomy for a follicular adenoma.  pt on stable dose of synthroid for 30 years without difficulty.  within the last year, the patient has had to decrease her dose of synthroid due to hyperthyroid symptoms.  pt completely off synthroid for the last month.


Keywords by value: 
- synthroid: 0.3838303527925429
- thyroid: 0.2373132772400818
- lobe: 0.2326766075312538
- uptake: 0.23219815413701186
- pt: 0.2173185827063714
- the: 0.20084733319329368
- dose: 0.18799757753910942
- last: 0.16373436976760247
- nodule: 0.15889748314958826
- activity: 0.14780137920339045
- hyperthyroid: 0.14158687076744286
- autonomous: 0.13886678547534867
- zero: 0.13443218498689152
- right: 0.13348793774809892
- exogenous: 0.13257303269947077
- multinodular: 0.12320976487021884
- displays: 0.11948108356687313
- thyroidectomy: 0.11948108356687313
- of: 0.11818886182290983
- follicular: 0.11504648307841603
- goiter: 0.11318733079099524
- functioning: 0.11150552297436339
- thyroiditis: 0.11150552297436339
- graves: 0.11097874874229466
- t3: 0.10901610274873698
- left: 0.10300896869217625
- toxic: 0.10281546695049183
- t4: 0.10095631466307106
- had: 0.10030210921046166
- within: 0.09271908774704643
- for: 0.09152515885567308
- on: 0.09120049130048548
- completely: 0.0899427209636519
- remainder: 0.08857886096183525
- decrease: 0.08651671648644628
- difficulty: 0.08467054369671466
- off: 0.08409571676652375
- 100: 0.08257920876584704
- adenoma: 0.08024893226023366
- administration: 0.0801582090459245
- stable: 0.07962345217345144
- free: 0.07835343469464347
- removal: 0.07694103098597242
- palpable: 0.07071527685421491
- labs: 0.06973614424321796
- 30: 0.06866638482129099
- inferior: 0.06847866362199793
- less: 0.06847866362199793
- size: 0.06815488157789738
- no: 0.06546506951553863
- area: 0.06520710762590612
- aspect: 0.0649377035179453
- her: 0.06288482913802186
- years: 0.06170143878624281
- neck: 0.061574719201699685
- month: 0.061230860863813866
- due: 0.05785957155079764
- cm: 0.05780849879064899
- prior: 0.05631780912254506
- symptoms: 0.05507384839140278
- increased: 0.05443055869811583
- without: 0.053092821535440586
- exam: 0.050670820844005024
- to: 0.05032814100857034
- in: 0.05008042600275932
- but: 0.04977507983981367
- surgical: 0.04892262086509684
- has: 0.04597721799968704
- disease: 0.04225226333338008
- normal: 0.04109760793182257
- not: 0.03973701800030915
- with: 0.03941982654656206
- an: 0.03849092679813346
- patient: 0.03273869271501652
- year: 0.031020528099396195
