Texto: 
unknown
unknown
ct images through the face demonstrate well-defined lesions within the left anterior mandible and right anterior maxilla which displace adjacent teeth.
compound composite odontoma
complex composite odontoma
compound composite odontoma
21 year old male with an abnormal dental exam.


Keywords by value: 
- composite: 0.569301976919928
- odontoma: 0.5419177216140177
- compound: 0.3264654085889202
- unknown: 0.1946264129588417
- displace: 0.16503467598777102
- maxilla: 0.1524362539915733
- anterior: 0.14340469402153977
- dental: 0.14226088108809154
- teeth: 0.14158881243723348
- mandible: 0.13578440163982675
- face: 0.11577879798787163
- 21: 0.10261641778683146
- complex: 0.0989459673270491
- adjacent: 0.08324200911473661
- abnormal: 0.0771531490531271
- through: 0.07644549785546902
- lesions: 0.07375318955482035
- demonstrate: 0.0667621133497488
- exam: 0.06464680337298012
- images: 0.059402901890651595
- within: 0.05914639367061452
- which: 0.058393952109655124
- male: 0.0571776223968172
- the: 0.051248974619563376
- an: 0.04910746135380799
- ct: 0.04889078376304864
- left: 0.043806938153469505
- right: 0.042576616682572184
- year: 0.03957658366619753
- old: 0.03800722009396717
- and: 0.026536466381127163
- with: 0.0251462847187533
