Texto: 
non-contributory
surgery followed by radiation therapy
• erosive extra-axial mass centered on the right petrous ridge.  • lesion enhances markedly and appears to infiltrate the right cerebellar hemisphere.
• obstructive hydrocephalus
• fluid obstruction in mastoid cells
ewing sarcoma of petrous bone
• meningioma
• metastatic disease
• chondrosarcoma
• glomus tumor
23 year old woman presents with right ear deafness, ataxia and headache


Keywords by value: 
- petrous: 0.3871114177077825
- deafness: 0.2408473515602489
- ridge: 0.20324414532683646
- glomus: 0.19355570885389126
- ewing: 0.1846629295616343
- erosive: 0.18173219198424856
- infiltrate: 0.18173219198424856
- centered: 0.17843038114482665
- mastoid: 0.17661065928656958
- right: 0.1703029530436259
- ataxia: 0.1662598521109454
- hemisphere: 0.16023647679076927
- obstructive: 0.15923025236210317
- chondrosarcoma: 0.1570058113221646
- ear: 0.15580500248142884
- markedly: 0.15117798208703845
- enhances: 0.15092679888152666
- sarcoma: 0.14363447344754757
- 23: 0.14118665487142718
- cerebellar: 0.14012087837396708
- hydrocephalus: 0.13977386620972848
- cells: 0.13192523455761962
- meningioma: 0.12830142021812885
- appears: 0.12538711187919113
- obstruction: 0.119932316798738
- headache: 0.11803410744375503
- followed: 0.11562509719096148
- radiation: 0.11346686842322862
- fluid: 0.09886063564172862
- therapy: 0.09837896462482346
- metastatic: 0.09390748514172742
- bone: 0.09342483920476372
- surgery: 0.09205695710449377
- tumor: 0.08955978733040092
- woman: 0.08917372132796098
- presents: 0.0823673072422449
- lesion: 0.0820883205301136
- by: 0.07271139819533412
- disease: 0.0718735124670246
- and: 0.07076245038040185
- the: 0.0683305563649294
- mass: 0.06540277878580143
- year: 0.0527676895198239
- on: 0.05171241436831084
- old: 0.05067524792805752
- to: 0.042805520756138395
- in: 0.04259483207162996
- with: 0.03352768788250879
- of: 0.03350766705942522
