Texto: 
obtunded.  no focal deficits
anticoagulation
• thrombosis anterior half of superior sagittal sinus
• bilateral frontal lobe venous infarcts
• artifact from metallic dental braces
superior sagittal sinus thrombosis with bilateral frontal lobe venous infarction
• embolic infarction
• trauma
• cerebritis
• superior sagittal sinus thrombosis
18 year old woman presents with headache and seizures about 10 days following delivery of her first child.
repeat mrv 6 months after initial presentation reveals recanalization and a fully patent superior sagittal sinus.


Keywords by value: 
- sagittal: 0.3712057049313605
- sinus: 0.3488311964589196
- superior: 0.31385521614495887
- thrombosis: 0.2951961497541376
- infarction: 0.1894875983057327
- recanalization: 0.18442677983894135
- venous: 0.17233074241726082
- braces: 0.16650049346487944
- frontal: 0.15535510313587808
- obtunded: 0.14772781396473594
- cerebritis: 0.14325714608792722
- mrv: 0.14043202154079265
- lobe: 0.13948897081140046
- dental: 0.13369449386863427
- embolic: 0.13016012950677908
- fully: 0.13016012950677908
- bilateral: 0.12972357760040307
- metallic: 0.12760800238015402
- infarcts: 0.11808910820446503
- artifact: 0.11660899388773636
- half: 0.1136769255246525
- delivery: 0.11342947233488336
- anticoagulation: 0.11200261671598477
- patent: 0.10940871858558258
- repeat: 0.10585871133462983
- deficits: 0.10373305566658726
- child: 0.09990162090116136
- seizures: 0.09851996050701266
- reveals: 0.09180455202823402
- 18: 0.09145339033113259
- about: 0.09035077175416373
- headache: 0.08319663696209512
- presentation: 0.08307909773455602
- first: 0.08144432163397941
- initial: 0.08096163134725848
- days: 0.07640025805159865
- her: 0.07539855586845094
- following: 0.07240088581653874
- focal: 0.0721896660268675
- 10: 0.0705717820357289
- months: 0.07024975136589713
- trauma: 0.07009055568220478
- anterior: 0.06738471545710475
- woman: 0.06285432135297542
- after: 0.05854736986577651
- presents: 0.05805680329682503
- and: 0.049877090803197695
- from: 0.04793186439233063
- with: 0.04726414995375306
- of: 0.047235926498925655
- no: 0.03924612477252437
- year: 0.03719343843389745
- old: 0.03571857572476459
