Texto: 
see above
none to date
• narrow or fused right coronal suture.
• shallow right orbit with elevation of orbital roof
craniosynostosis coronal suture
• coronal suture craniosynostosis
• postural flattening of the skull
• trauma
this baby presents with flattening of the right frontal region and mild right sided "proptosis".


Keywords by value: 
- suture: 0.5000221407089953
- craniosynostosis: 0.37487138771246403
- coronal: 0.35593046755003555
- flattening: 0.29387567460419156
- right: 0.19757770148344972
- postural: 0.17684592525837392
- shallow: 0.1733584080339172
- roof: 0.16067811737815954
- fused: 0.15812803654936713
- proptosis: 0.1503125354182573
- narrow: 0.14615815006047211
- orbit: 0.1379809493143029
- date: 0.13770161421352933
- elevation: 0.1358256996322977
- baby: 0.13431849785943561
- orbital: 0.1306788684813077
- skull: 0.12087951347249035
- above: 0.1074796846659188
- frontal: 0.0958902145824256
- sided: 0.09583422831670259
- see: 0.09267736235002035
- region: 0.08911561224861128
- of: 0.0874666432557429
- trauma: 0.08652433410815846
- mild: 0.08445490499408903
- none: 0.08141892101240633
- presents: 0.07166908860706167
- the: 0.059455491051627535
- with: 0.05834593636949737
- or: 0.051828948972642
- this: 0.05119365278418233
- to: 0.03724575638876363
- and: 0.030785760128411378
