Texto: 
abdomen was soft and non-tender.
the patient was scheduled for surgery the next day.
ultrasound demonstrates a markedly thickened pylorus that measured 6 mm in width and 32 mm in length.  no material was seen to pass through the pylorus during the examination.
hypertrophic pyloric stenosis
hypertrophic pyloric stenosis
normal closed antrum
a 2.5 month old with projectile non-bilious vomitting and lethargy.
the patient was scheduled for surgery the next day, but i changed services that day, so i was not able to obtain followup on the procedure.


Keywords by value: 
- pylorus: 0.28206560378912254
- pyloric: 0.27383979509042505
- hypertrophic: 0.26002370836775746
- day: 0.23841102159377184
- next: 0.23301575900757915
- scheduled: 0.23156561022099528
- was: 0.21740146275708996
- stenosis: 0.18980607538296126
- mm: 0.1785696917057176
- the: 0.1742597754764326
- vomitting: 0.16223463362000787
- width: 0.14427890687136805
- projectile: 0.14342110773533295
- changed: 0.13957418987997666
- obtain: 0.13957418987997666
- antrum: 0.13887981173651837
- lethargy: 0.13887981173651837
- surgery: 0.13415311458609228
- pass: 0.1286859285686725
- measured: 0.12304692893244248
- services: 0.12239401255384928
- closed: 0.1211438966312391
- length: 0.11374153530988602
- markedly: 0.11015461401138717
- followup: 0.11015461401138717
- able: 0.10943153743261282
- that: 0.10828281413826069
- 32: 0.106914847557858
- thickened: 0.10523749754141837
- material: 0.10509120218380265
- so: 0.1049458788955405
- procedure: 0.09946546176253848
- patient: 0.08115669820605513
- examination: 0.07983486687646142
- during: 0.07902306370778127
- and: 0.07734073077849418
- ultrasound: 0.07695463303009241
- abdomen: 0.07612473660813272
- month: 0.07589329450748332
- for: 0.07562794031076375
- through: 0.07426699274817124
- soft: 0.0664198706245892
- demonstrates: 0.06267835186403051
- to: 0.06237979302745457
- in: 0.06207275981536643
- but: 0.061694295002946015
- seen: 0.05873626446345222
- normal: 0.050938902676218534
- not: 0.04925250384204358
- no: 0.0405707165521156
- on: 0.03767983251065356
- old: 0.036924109571939555
- with: 0.024429678623873265
