Texto: 
location of mucoceles
sinonasal mass discovered during work-up for headache


Keywords by value: 
- mucoceles: 0.5282237450371583
- sinonasal: 0.494595462445595
- discovered: 0.3423583953955684
- location: 0.2614897307556225
- headache: 0.2588710976980036
- during: 0.2378569026392095
- mass: 0.1434406503632684
- for: 0.1138188447224805
- of: 0.07348864443361008
