Texto: 
expansile deformity of the skull involving the left forehead and orbit, with proptosis.
pending
enlargement of the diploic space with a "ground glass" appearance of many of the left sided facial bones including the frontal, sphenoid, and nasal bones.
fibrous dysplasia
• fibrous dysplasia
• meningioma hyperostosis
• pagets disease
• proteus sydrome
• metastatic breast or prostate cancer
30 y.o. man with a painless swelling of the left face for many, many years.  now he presents with diplopia and proptosis of the left eye.


Keywords by value: 
- many: 0.3225860729499677
- proptosis: 0.2751952147774845
- bones: 0.21947435974074325
- fibrous: 0.21188355207866544
- dysplasia: 0.20890733671118378
- proteus: 0.19619696826052027
- sydrome: 0.19183797010523215
- the: 0.19049154165498608
- left: 0.18609099699173942
- pagets: 0.17962499874394508
- diploic: 0.17158052016155204
- of: 0.16013569067710728
- hyperostosis: 0.1567803461451397
- forehead: 0.15500855064497684
- diplopia: 0.14262541274156296
- glass: 0.1371889085777558
- sphenoid: 0.1371889085777558
- ground: 0.1327624680695955
- prostate: 0.13209830596596503
- orbit: 0.12630914938694682
- painless: 0.12630914938694682
- nasal: 0.12433621214159954
- expansile: 0.12340761782310858
- face: 0.12295650447303536
- facial: 0.11245696122885192
- pending: 0.11217063088153588
- deformity: 0.11146945751320794
- skull: 0.11065432294018544
- eye: 0.10910297031644667
- with: 0.10682091447608574
- enlargement: 0.1045569441025278
- meningioma: 0.10219370840832008
- breast: 0.0990363851890292
- including: 0.09760145671276317
- involving: 0.09552761139219794
- now: 0.0936193843578122
- 30: 0.0930370154180299
- swelling: 0.09179150994631047
- cancer: 0.09083981023994794
- space: 0.09078156831531287
- frontal: 0.0877788672902143
- sided: 0.08772761689922941
- and: 0.08454478377720101
- years: 0.08360011564043156
- appearance: 0.08221920020756517
- he: 0.0807602034360617
- metastatic: 0.07479850291303582
- man: 0.07220212944911407
- presents: 0.0656066048558293
- disease: 0.057248164228029544
- or: 0.04744474140007445
- for: 0.04133622605274454
