Texto: 
normal anatomy
normal brain anatomy, axial, coronal, sagittal
45 y.o. woman with headache
normal labeled mri anatomy


Keywords by value: 
- anatomy: 0.7444087027832341
- normal: 0.32053697665516145
- labeled: 0.3064538621625664
- 45: 0.2098292174471013
- coronal: 0.20839550259872916
- sagittal: 0.20122310453217404
- headache: 0.18039685655418025
- brain: 0.16313591830708518
- axial: 0.15116068686661283
- woman: 0.13628822518498007
- mri: 0.13432765503097385
- with: 0.05124187942384673
