Texto: 
pineal, cysts
75 y.o. man, asymptomatic ... (so why the scan?)


Keywords by value: 
- why: 0.5008218134715242
- pineal: 0.45482853168174125
- 75: 0.3618406349221942
- so: 0.3470085895066037
- cysts: 0.3126011303746048
- asymptomatic: 0.2808403466041588
- scan: 0.24474757361264757
- man: 0.21839681268697075
- the: 0.08231404542199959
