Texto: 
re:
 - hazy cornea
 - shallow anterior chamber
 - rubeosis iridis and posterior synechiae
 - preretinal and retinal fibrosis

le:
 - dragged retina temporally
 - local preretinal fibrosis, vitreous haemorrhages
therapy:
 - cryosurgery temporal, nasal and lower quadrants
 - laser iridotomy -> increased rubeosis, increased eye pressure, headache, corneal chagrin, ocular pain

decursus:
 - trans pars plana vitrectomy with synechiolysis
 - retrobulbar injection with alcohol 70%
 - cryosurgery lower half
 - result: normal eye pressure for 2 months, then recurrence of all the previous symptoms -> enucleation
retinopathy of prematurity
ischemic neovascular glaucoma and/or narrow angle glaucoma?
born 2 months early and nursed in incubator
mild bilateral rop
re poor visual acuity and exotropic

2002 anterior uveitis 

2004 rubeosis iridis and posterior synechiae
normal eye pressure 
referral


Keywords by value: 
- rubeosis: 0.3620155565377391
- iridis: 0.24134370435849276
- preretinal: 0.24134370435849276
- cryosurgery: 0.24134370435849276
- synechiae: 0.20155210897363177
- glaucoma: 0.19394124489774386
- eye: 0.18109244645977293
- pressure: 0.172362136368234
- re: 0.14246060336130228
- fibrosis: 0.12642478585906294
- iridotomy: 0.12067185217924638
- chagrin: 0.12067185217924638
- decursus: 0.12067185217924638
- synechiolysis: 0.12067185217924638
- neovascular: 0.12067185217924638
- nursed: 0.12067185217924638
- incubator: 0.12067185217924638
- rop: 0.12067185217924638
- exotropic: 0.12067185217924638
- haemorrhages: 0.1153083969610842
- and: 0.10914556913684609
- dragged: 0.108551242516545
- vitrectomy: 0.108551242516545
- plana: 0.10613950970497807
- cornea: 0.10410041866713172
- temporally: 0.10410041866713172
- uveitis: 0.10410041866713172
- retinopathy: 0.10233407766703412
- retrobulbar: 0.10077605448681588
- vitreous: 0.09938235526043886
- corneal: 0.09591182486169969
- chamber: 0.093165190410928
- retina: 0.093165190410928
- laser: 0.09236325348040493
- trans: 0.09236325348040493
- hazy: 0.09160716723070975
- enucleation: 0.09021346800433273
- quadrants: 0.08895271369775226
- prematurity: 0.08895271369775226
- retinal: 0.08836470986425485
- pars: 0.08836470986425485
- months: 0.08784392618024721
- shallow: 0.08780173519276581
- anterior: 0.08426133694708599
- acuity: 0.08399630315482186
- le: 0.0831943662242988
- increased: 0.08160690015778621
- posterior: 0.078038725516485
- ocular: 0.07732208257551836
- lower: 0.07711701574392285
- referral: 0.07707482475644145
- narrow: 0.07402547896819266
- 2002: 0.07221059513132526
- born: 0.07204208446810431
- half: 0.0710737565615974
- 2004: 0.0710737565615974
- alcohol: 0.0697424532441901
- nasal: 0.06879234902269007
- ischemic: 0.06673456129173129
- angle: 0.06618560666201559
- injection: 0.06565852864260961
- local: 0.06495421509374005
- visual: 0.06437899802602792
- poor: 0.06364899718840446
- 70: 0.06229976156078257
- recurrence: 0.06229976156078257
- normal: 0.06161701197699049
- temporal: 0.05796396372465154
- previous: 0.057016719405909466
- result: 0.056489641386503475
- early: 0.05439162861125688
- then: 0.05341448503752943
- headache: 0.052016691117364906
- all: 0.044917636042791594
- therapy: 0.0433548262121955
- mild: 0.042774315293495395
- symptoms: 0.04128568725437168
- bilateral: 0.04055326941733244
- with: 0.02955077006525286
- of: 0.02953312403068188
- pain: 0.027001220393738222
- for: 0.022870377349623477
- in: 0.01877120326530863
- the: 0.015056365999996718
