Texto: 
tsh<0.03
free t4 1.6
t3 220
24 hour i123 uptake 26.7%
25 gram thyroid that is firm but without nodule
patient treated with i 131.
homogenous uptake within both lobes of thyroid.
grave's disease
differential for these lab values:
1. graves disease
2. toxic multinodular goiter
3. toxic adenoma

however, this image shows that this is graves disease.
pt with palpitations, heat intolerance, weight loss and anxiety.


Keywords by value: 
- graves: 0.30889259957405835
- toxic: 0.2861713366088312
- thyroid: 0.22017523159726457
- uptake: 0.21542950718199058
- i123: 0.20699983820096787
- 220: 0.1780556440056703
- grave: 0.1780556440056703
- disease: 0.17640419819350697
- multinodular: 0.1714678936056793
- palpitations: 0.16404479160876723
- anxiety: 0.1610340501870202
- goiter: 0.15751992720726574
- heat: 0.15517939807736125
- intolerance: 0.15444629978702917
- t3: 0.15171493531471286
- gram: 0.1492571889264978
- homogenous: 0.14867935123127188
- t4: 0.14049833338861561
- tsh: 0.13534823281268218
- hour: 0.13282735793471426
- values: 0.12921361222607822
- firm: 0.12699086254971995
- lab: 0.12652309661650543
- that: 0.12158057068218174
- lobes: 0.11687695438953748
- adenoma: 0.11168039638141604
- nodule: 0.11056679137243218
- free: 0.10904248066711535
- pt: 0.1008122466518345
- 24: 0.099313925148841
- 25: 0.09923754260206438
- weight: 0.09768606027410999
- this: 0.09626931756323875
- differential: 0.09101842239491349
- image: 0.08958751462502063
- treated: 0.08723294893057838
- loss: 0.08534301902994552
- however: 0.08291209845817674
- shows: 0.08221594878341426
- these: 0.07910421899868303
- both: 0.07811654020796022
- is: 0.07672475253050104
- without: 0.07388792831358379
- but: 0.06927071164511511
- within: 0.06451739717940573
- with: 0.054859569218072717
- patient: 0.045561605325361326
- for: 0.042457744636928994
- and: 0.028946206776081545
- of: 0.027413405106017766
