Texto: 
elevated bilirubin
diliated biliary ducts
percutaneous biliary drainage (pbd)
67 yo man with history pancreatic cancer, status post whipple december '02


Keywords by value: 
- biliary: 0.40238880573163743
- diliated: 0.3459880410939067
- pbd: 0.3459880410939067
- whipple: 0.28894318808726177
- december: 0.2626543288093014
- bilirubin: 0.23236948159794943
- ducts: 0.22315530879204212
- 67: 0.21280633527636608
- percutaneous: 0.20852836234949138
- pancreatic: 0.19612998352119937
- drainage: 0.17327403152997561
- status: 0.15098116018540678
- elevated: 0.14748752140945487
- cancer: 0.14410326943011081
- yo: 0.13516214896927053
- post: 0.11772201837220672
- man: 0.11453747961329279
- history: 0.08265757760460755
- with: 0.042363703146389986
