Texto: 
n/a
patient was subsequently treated with anticoagulants secondary to high clinical suspicion of pulmonary embolism.  even though the pulmonary arterial study was nondiagnostic, the patient was started on treatment secondary to findings of deep venous thrombosis in the lower extremity.
axial images of the chest demonstrate hypodensities within the pulmonary arteries distal to third order branching but was nondiagnostic secondary to beam hardening and motion artifact.

axial images of the lower extremities demonstrate thrombosis of the right common femoral vein to the external iliac vein.
deep venous thrombosis
deep venous thrombosis
77 year old white male with history of malignancy with sudden onset of shortness of breath and pleuritic chest pain seven days into hospital admission for gastrointestinal bleed.
ct signs of thrombosis include "increased venous diameter, low-density intraluminal filling defects, and a surrounding rim of high density contrast medium."
the clinician's index of suspicion for pulmonary embolism was high in this patient.  even though the pulmonary embolism


Keywords by value: 
- thrombosis: 0.34768383186605567
- pulmonary: 0.2599339813228744
- nondiagnostic: 0.2520603397358498
- venous: 0.24356664375951526
- embolism: 0.2319520650534596
- deep: 0.19916888555179854
- of: 0.18359471898219362
- the: 0.17017990202155017
- suspicion: 0.16210862357966327
- secondary: 0.15165654443117943
- was: 0.14861807133134305
- though: 0.1481930421623484
- high: 0.1454158530669547
- even: 0.14348435302898419
- hardening: 0.1260301698679249
- vein: 0.12226641190436936
- anticoagulants: 0.11390569994571377
- density: 0.11310907852264733
- hypodensities: 0.10960447578998382
- to: 0.1066088104033044
- pleuritic: 0.1027338649847426
- medium: 0.1027338649847426
- beam: 0.09987733870752662
- axial: 0.09853050645144215
- clinician: 0.09641160066822745
- branching: 0.09493979251741838
- seven: 0.09198203829038533
- chest: 0.09003835934269014
- demonstrate: 0.08867744178651177
- index: 0.08826721521756653
- bleed: 0.08739601864624434
- lower: 0.08716423460679684
- intraluminal: 0.0871165467509372
- 77: 0.08529413417107308
- gastrointestinal: 0.08411625675958362
- patient: 0.08321943980993592
- artifact: 0.08240567200900364
- images: 0.0789024958925742
- order: 0.07882887450956892
- iliac: 0.07851409843947732
- sudden: 0.07375279764274811
- defects: 0.0735279616603735
- subsequently: 0.07276663954846337
- started: 0.07184152113962546
- admission: 0.07115958419763753
- arterial: 0.07023637053573824
- external: 0.06895036529029998
- diameter: 0.068545155907478
- shortness: 0.0683860979065818
- rim: 0.06791883140678838
- arteries: 0.06769056268164256
- motion: 0.06611528483709225
- filling: 0.0660474783214442
- third: 0.0649394669766873
- extremities: 0.06481435067271589
- malignancy: 0.06384941516691187
- femoral: 0.06338933852591261
- hospital: 0.06299806693535377
- breath: 0.06250959590630155
- extremity: 0.06142830719792436
- signs: 0.05960670893744577
- study: 0.05688076262626613
- surrounding: 0.05688076262626613
- white: 0.05627042028751985
- onset: 0.054765667625971994
- clinical: 0.05405134662134526
- days: 0.05399081491488113
- treated: 0.05311107229527007
- and: 0.052870988529177196
- for: 0.05170010580980366
- include: 0.05074541597387828
- with: 0.050101204577191985
- distal: 0.049554283853121515
- common: 0.048367905292242656
- increased: 0.04611954263444948
- into: 0.045337482909132004
- in: 0.04243363282371751
- but: 0.04217491004524408
- findings: 0.04209290996178024
- contrast: 0.04143956103674007
- treatment: 0.04062706580669204
- within: 0.03928089314766848
- male: 0.03797337312423459
- history: 0.03258484581414173
- ct: 0.03246983516183879
- pain: 0.030519084359862496
- this: 0.029306395963906256
- right: 0.028276407515413285
- year: 0.02628399565321317
- on: 0.025758354910787016
- old: 0.0252417342579719
