Texto: 
wheezing on physical exam. normal cbc.
cxr: approximately 5 cm cavitary lesion in the right upper lobe. there is an air-fluid level within the cavity. 

ct: cavitary mass with an air-fluid level, irregular thick wall, adjacent inflammatory change, and parenchymal destruction of the adjacent lung in the right upper lobe.
squamous cell lung cancer
• bacterial infection (lung abscess)
• fungal infection
• atypical mycobacterial infection
• squamous cell carcinoma
• other lung cancer (large cell, small cell)
• metastasis (necrotic)
62 y/o man, a smoker, with worsening dyspnea, wheezing, and cough.


Keywords by value: 
- lung: 0.3153105068575585
- cell: 0.2965127566772887
- cavitary: 0.28442751480243766
- wheezing: 0.26822256235034
- infection: 0.23482924402804128
- squamous: 0.23323393383120847
- cancer: 0.17262461104417667
- adjacent: 0.16799312934806684
- level: 0.1565528293520275
- mycobacterial: 0.15609159322881613
- lobe: 0.1497720635059988
- upper: 0.1384956848003754
- smoker: 0.13278760411061724
- necrotic: 0.12614551566786705
- 62: 0.12343435167160947
- thick: 0.12315215306285827
- bacterial: 0.1212692193036413
- destruction: 0.11813922884116186
- parenchymal: 0.11640759496464329
- fungal: 0.11599455275181184
- dyspnea: 0.11403500274502681
- cbc: 0.10811831982140392
- cavity: 0.10698930756604219
- atypical: 0.10631114688134055
- cxr: 0.10366521993436824
- the: 0.10342705220333204
- irregular: 0.10004480050924462
- an: 0.0991052017472868
- worsening: 0.0989557743242321
- change: 0.09819531182169863
- cough: 0.09674674494575347
- metastasis: 0.09497571631859829
- inflammatory: 0.08762379640924639
- right: 0.0859251134087796
- abscess: 0.08320976063002526
- approximately: 0.08268421951653494
- wall: 0.07882762671438963
- carcinoma: 0.07751147048945876
- cm: 0.07442173275537856
- physical: 0.0702635815284632
- man: 0.06860353670814621
- other: 0.06729520681868746
- small: 0.06684394553824552
- exam: 0.06523280082059836
- large: 0.06492816623416421
- in: 0.06447273598559093
- lesion: 0.06212559551987985
- within: 0.059682532101571956
- and: 0.05355401769628981
- normal: 0.052908400293594414
- there: 0.05156119032352915
- with: 0.050748451488696465
- mass: 0.049497742851643836
- ct: 0.04933395918708169
- on: 0.03913668251043772
- is: 0.03548754061755976
- of: 0.025359073703852913
