Texto: 
no palpable lesions
patient underwent lumpectomy to negative margins, sentinel node biposy and post op xrt.
spiculated mass in the right breast located in the middle one-third at the 8:30 postion.
invasive ductal carcinoma, grade i (well differentiated)
infiltrating ductal carcinoma
radial scar
fat necrosis
patient presents for screening mammogram


Keywords by value: 
- ductal: 0.3110866753877081
- biposy: 0.28266576200349547
- postion: 0.28266576200349547
- sentinel: 0.22237077810488198
- carcinoma: 0.21145073949699855
- lumpectomy: 0.2044048165971697
- xrt: 0.20318954349259324
- spiculated: 0.191430870749406
- infiltrating: 0.17339974519605972
- differentiated: 0.1687537759199087
- mammogram: 0.1687537759199087
- scar: 0.1668522289058136
- op: 0.1661231248599959
- invasive: 0.16083620921948855
- node: 0.1519222385848111
- radial: 0.15169523762610468
- margins: 0.15080350724225008
- screening: 0.14358315442723105
- located: 0.13981775533444382
- necrosis: 0.13510745831695375
- breast: 0.12835255432518575
- grade: 0.1271004448870313
- middle: 0.12639275198495073
- palpable: 0.12417511433781753
- underwent: 0.12175943759657158
- patient: 0.11497744453546715
- fat: 0.10995097440879936
- negative: 0.10942627808851778
- the: 0.10580559819544752
- lesions: 0.10151097848100363
- post: 0.09617668842703633
- in: 0.08794058231292332
- well: 0.08558444252757745
- presents: 0.08502708673964848
- mass: 0.06751474500045604
- at: 0.06676166523232278
- right: 0.05860077436577858
- no: 0.057477908974209534
- for: 0.053572332935075496
- to: 0.044187783334518116
- and: 0.03652374472258221
