Texto: 
not available
surgery and chemotherapy
• infiltrative pineal region mass.
• mass contains some blood products.
• hydrocephalus.
• leptomeningeal spread of tumor to basal cisterns.
• drop metastatic lesions to thoracic spine
pineoblastoma
• pineocytoma or pineoblastoma
• germ cell tumor
• malignant glioma
• ependymoma
5 year old girl with 3 to 4 week history of headache, nausea, and vomiting
this unfortunate child presents with intracranial and spinal metastatic desease at time of initial diagnosis.


Keywords by value: 
- pineoblastoma: 0.40803009186388695
- desease: 0.25090166921164125
- unfortunate: 0.2127736538406131
- pineocytoma: 0.2066364141654975
- pineal: 0.17297824619179153
- metastatic: 0.17209291061908213
- cisterns: 0.17140618693612766
- drop: 0.1706526178974778
- products: 0.16588703056091528
- leptomeningeal: 0.16588703056091528
- tumor: 0.16412540973548187
- infiltrative: 0.16076855732934914
- contains: 0.15272685054694995
- germ: 0.1465122449998714
- spread: 0.14093695891263203
- basal: 0.13425012957403246
- glioma: 0.13327817156509947
- ependymoma: 0.13252460252644963
- child: 0.12986946688614032
- hydrocephalus: 0.12807334488944805
- intracranial: 0.12623909537988057
- nausea: 0.12051903563256403
- mass: 0.11985577663844024
- to: 0.11766676500342307
- thoracic: 0.11723957892936648
- vomiting: 0.11609125638403815
- malignant: 0.11183696319186072
- chemotherapy: 0.11140245890475005
- spinal: 0.11140245890475005
- girl: 0.11005645090311064
- headache: 0.10815342925893852
- available: 0.1064455077975317
- week: 0.10552509721996753
- initial: 0.10524798102828833
- spine: 0.10364147774890246
- some: 0.09871381835025932
- and: 0.09725834977469713
- region: 0.09384465794477224
- time: 0.09299280918979942
- of: 0.09210818408578597
- blood: 0.09111586997379187
- lesions: 0.09010385185552063
- cell: 0.08974845287713215
- surgery: 0.08435083564924922
- diagnosis: 0.08133079501069135
- presents: 0.07547230991108503
- not: 0.061936539747321405
- with: 0.06144214580255271
- history: 0.059941159030863535
- at: 0.05925943463195746
- or: 0.054579325274740936
- this: 0.0539103161977086
- year: 0.04835048698410649
- old: 0.04643320444116522
