Texto: 
non-contributory
surgical resection only.
• pineal region mass.
• no enhancement, no calcification, nor hemorrhagic component.
rosette forming glioneuronal tumor of the pineal gland
• pineocytoma
• pineoblastoma
• germinoma
• lymphoma
33 year old woman presents with a 1 month history of headaches and visual complaints


Keywords by value: 
- pineal: 0.4291503753475929
- rosette: 0.2799757278324979
- glioneuronal: 0.2639403954545095
- pineocytoma: 0.256327303149094
- pineoblastoma: 0.253075561423991
- germinoma: 0.23442887564249132
- forming: 0.22372767485138126
- nor: 0.18945383792713455
- 33: 0.17126545334326074
- hemorrhagic: 0.1688177331791579
- component: 0.1667802642784679
- visual: 0.16604652707422374
- complaints: 0.16027269465962235
- gland: 0.15809635050930756
- headaches: 0.145169308495754
- calcification: 0.1389489591602496
- no: 0.12657540057505956
- resection: 0.12475294806020913
- only: 0.12158655749002154
- month: 0.1183886429625402
- region: 0.11641195083199024
- lymphoma: 0.11590732834567294
- enhancement: 0.1120189828197321
- tumor: 0.10179673274344064
- woman: 0.10135791685471236
- surgical: 0.09459090747183255
- presents: 0.09362151264610571
- of: 0.0761719322963745
- history: 0.07435550846186559
- mass: 0.07433904647601394
- year: 0.0599775697068342
- old: 0.05759922866955041
- and: 0.04021551671996641
- the: 0.03883342955488564
- with: 0.03810872250388541
