Texto: 
none
negative margin excision.
left lower quadrant mass associated with left abdominus rectus of soft tissue density.  appears confined to rectus sheath.
desmoid tumor
• desmoid tunor
• fibrosarcoma
• malignant fibrous histiocytoma
• nodular fasciitis
22 year-old female with incidental finding on ct scan of abdomen and pelvis.


Keywords by value: 
- desmoid: 0.4254909827812736
- rectus: 0.3627206041673171
- tunor: 0.2802443658609915
- abdominus: 0.2589508417430257
- fibrosarcoma: 0.2183464208551135
- fasciitis: 0.2127454913906368
- histiocytoma: 0.2026538262016244
- confined: 0.18745672715536607
- sheath: 0.17426053576807896
- margin: 0.1537072899201887
- nodular: 0.1395510184697975
- excision: 0.13816491591639513
- 22: 0.13801469526669957
- fibrous: 0.13612586970651583
- incidental: 0.12989726674997945
- appears: 0.12832728694351708
- malignant: 0.12491618301305375
- quadrant: 0.12274458356183432
- pelvis: 0.12256280751874907
- left: 0.11955528667297534
- density: 0.1162011093173645
- finding: 0.11518667548730313
- negative: 0.10848890114631554
- abdomen: 0.1069246328292665
- scan: 0.10396700266301262
- none: 0.09576668242144278
- soft: 0.09329320002327413
- associated: 0.09236378273339749
- tissue: 0.09192611965798284
- tumor: 0.09165985526823558
- lower: 0.08954701856297773
- female: 0.08456061497660528
- with: 0.06862774265981668
- of: 0.06858676208581373
- mass: 0.06693639429413943
- ct: 0.0667149076703366
- on: 0.05292500750458381
- to: 0.043809258084931364
- and: 0.03621087183003867
