Texto: 
non contributory.
1,2) cc, mlo views left breast 0600 position posterior one/third demonstrates linear pleomorphic calcifications.
3.4) mag cc, mlo images better demonstrate the abnormal calcifications.
benign breast calcifications
indeterminate cluster of calcifications:
1) dcis
2) atypical ductal hyperplasia
3) degenerating fibroadenoma
4) infarcted papilloma
5) fat necrosis
6) benign cluster of calcifications
67 year old female with calcifications in the left breast 0600 position on screening mammography.
mammographically these calcifications do not have typically benign features (see attached 'factoid').a linear array distribution and pleomorphic in configuration, these calcifications instead fall into a category of "suspicious calcifications, indeterminate cluster". a stereotactic biopsy of these calcifications was performed. the area was well-sampled. 

in conclusion, this is a path-proven benign calcifications. importantly, benign calcifications are still in the differential though the mammographic features are inconsistent. tissue sampling is the only way to make the diagnosis in this case.


Keywords by value: 
- calcifications: 0.6062952512776798
- cluster: 0.26689979757026366
- benign: 0.23777668574909705
- 0600: 0.22142302555636398
- indeterminate: 0.16677936778529706
- mlo: 0.15412637863935016
- breast: 0.1508152811741244
- pleomorphic: 0.14011370233836234
- cc: 0.13410857783131508
- these: 0.11728004334487786
- linear: 0.11153800754918987
- features: 0.11140716014500969
- position: 0.11038502450043089
- array: 0.10229943191355527
- mammographically: 0.09959134674676756
- inconsistent: 0.09737868005471463
- the: 0.09669522085630279
- mag: 0.0955078970227523
- degenerating: 0.0955078970227523
- importantly: 0.09002257512118525
- infarcted: 0.08799519549912932
- sampling: 0.08799519549912932
- conclusion: 0.08625851402330018
- mammographic: 0.08625851402330018
- in: 0.08610907484382191
- dcis: 0.0854752701843018
- stereotactic: 0.08217506429928492
- category: 0.07958311463450259
- instead: 0.07706318931967508
- fibroadenoma: 0.0759756501267111
- attached: 0.07347741573338075
- way: 0.0723979430527423
- mammography: 0.07214243746083443
- configuration: 0.06984578380834902
- 67: 0.06809516084063984
- make: 0.0672216856019938
- better: 0.06535090257003145
- papilloma: 0.06348011953806912
- hyperplasia: 0.06311418023611438
- suspicious: 0.06185957356424537
- still: 0.061329530052194575
- ductal: 0.060921556599561756
- though: 0.060144583009913384
- distribution: 0.05872561777693457
- fall: 0.05768359937163902
- do: 0.05738018188431252
- atypical: 0.05679519793038603
- screening: 0.05623711949912595
- views: 0.05464216805291932
- of: 0.05419087847670908
- necrosis: 0.05291744918756785
- are: 0.05253816782168558
- typically: 0.048599195189398765
- biopsy: 0.048526740840777995
- was: 0.04825366588085186
- this: 0.04757634876923747
- contributory: 0.047324166972817154
- left: 0.04723073239145793
- differential: 0.044981353539164895
- area: 0.044847251983031695
- only: 0.04325006707002472
- fat: 0.04306442570884415
- see: 0.04306442570884415
- abnormal: 0.041591582174956315
- performed: 0.04095583264755768
- is: 0.03791741416704967
- into: 0.0368007021719893
- tissue: 0.03631573373436399
- demonstrate: 0.03599000115533561
- diagnosis: 0.0358875864771173
- posterior: 0.03579867716117342
- demonstrates: 0.03477966765325687
- case: 0.03477966765325687
- have: 0.03458345496757895
- female: 0.03340596545715062
- non: 0.03284753679042908
- images: 0.03202281054937401
- not: 0.027329782353451945
- year: 0.02133487423336705
- on: 0.020908208543737598
- old: 0.02048886451402486
- to: 0.017306999986855656
- and: 0.01430523103293711
- with: 0.013555814378421484
