Texto: 
physical exam was normal
laboratory studies were normal
echocardiogram-  lvef 60%, color flow was observed into the pulmonary artery from the aorta but the study was otherwise normal.
the pda is non-clinical and was not treated.  the syncopal episode was felt to be secondary to dehydration, and not the pda.
she requires prophalaxis prior to dental work.
a ct angiogram image was submitted demonstrating contrast in a patent ductus arteriosis communicating the aorta to the left main pulmonary artery.
patent ductus arteriosus
patent ductus arteriorsus
20 year old female referred to cardiology clinic following a syncople episode while on active duty.  echocardiogram demonstrated a possible patent ductus arteriosis and a ct angiogram was ordered to confirm.


Keywords by value: 
- ductus: 0.45489363348322026
- patent: 0.32778438023750744
- arteriosis: 0.2671503772462494
- was: 0.22052149659379344
- pda: 0.21459649400926786
- echocardiogram: 0.19044214523745165
- episode: 0.165453727396406
- angiogram: 0.16240399205892456
- aorta: 0.14686071475088192
- arteriorsus: 0.1445590745273494
- syncople: 0.1445590745273494
- the: 0.144294417987157
- prophalaxis: 0.13813391316117826
- to: 0.13558936219889228
- lvef: 0.1335751886231247
- syncopal: 0.1190552812552928
- artery: 0.11228091302779154
- arteriosus: 0.11160741681467531
- normal: 0.11072132480369262
- pulmonary: 0.11019815531836162
- dehydration: 0.10729824700463393
- cardiology: 0.1033158186203866
- dental: 0.10013591096859883
- communicating: 0.09631436110040924
- submitted: 0.09557718643054527
- requires: 0.08755463370966803
- duty: 0.08571233458267408
- confirm: 0.08459330052632058
- color: 0.0814954562258464
- observed: 0.08049127611987232
- felt: 0.07941653228363332
- ordered: 0.07941653228363332
- main: 0.07878004521146632
- clinic: 0.07614244071284036
- demonstrating: 0.0745363687785013
- work: 0.07369970773091657
- not: 0.07137050059038627
- ct: 0.06882739840547031
- 60: 0.06761009379116828
- active: 0.06712434241812046
- referred: 0.06688693876100825
- studies: 0.06630853887036205
- laboratory: 0.06564122352476753
- otherwise: 0.06443579250693367
- possible: 0.0612467118316054
- study: 0.06028602996245236
- flow: 0.060208541310617474
- while: 0.058419593134334785
- 20: 0.05831635890782981
- image: 0.057810041149385406
- treated: 0.05629066046052073
- and: 0.05603620365565557
- demonstrated: 0.05555348579065677
- following: 0.054227578461804544
- she: 0.05380916741592038
- secondary: 0.05357857712312132
- prior: 0.05057538828402515
- physical: 0.04901349495299704
- into: 0.04805169141350386
- were: 0.046595298333741146
- exam: 0.04550419270180619
- but: 0.04469978553833994
- contrast: 0.04392041356242586
- female: 0.04361909009276926
- be: 0.0366690772340272
- from: 0.035900512926624106
- left: 0.030835234712390223
- year: 0.027857533484455552
- on: 0.027300424330423994
- old: 0.0267528752696023
- is: 0.024754906526483267
- in: 0.022486998606494092
