Texto: 
- pre-hsg endometrial stripe is thickened and homogeneously hyperechoic.
- hsg after cannulation and inflation of balloon with start of saline instillation.
- hsg - color flow evaluation of pedunculated polypoid lesion.
- hsg - polypoid lesion measured.
- post hsg - collapse of endometrium around polypoid lesion.
endometrial polyp
thickened endometrial stripe in menstruating female, non-pregnant -
1) endometrial polyp
2) endometrial hyperplasia
3) submucosal fibroid
4) endometrial cancer
5) hyperestrogenism
39 year old female with lifelong history of irregular menses now regular x 3-4 years on ocps. new bleeding on ocps.


Keywords by value: 
- hsg: 0.5465523510224888
- endometrial: 0.48559374359457697
- polypoid: 0.28021394394268906
- ocps: 0.21491145359358632
- stripe: 0.1821685525954686
- polyp: 0.1613548442245416
- thickened: 0.1336690457116477
- hyperestrogenism: 0.12671127619898662
- cannulation: 0.11708350149788989
- menstruating: 0.11398405033036109
- lesion: 0.11395860218074004
- instillation: 0.11145161433235647
- inflation: 0.10931047020449777
- lifelong: 0.10581972716682304
- endometrium: 0.09968269550340104
- start: 0.09544096185405845
- menses: 0.09278721554071401
- saline: 0.09219606493016301
- pedunculated: 0.08864116499867385
- submucosal: 0.08777276081536292
- fibroid: 0.0869554696347755
- balloon: 0.08286072087890746
- homogeneously: 0.08256829022906628
- measured: 0.0781449861142662
- of: 0.07752801851653056
- female: 0.07646743160696837
- collapse: 0.07430784251015525
- hyperechoic: 0.07294051552796955
- hyperplasia: 0.07223529083189388
- color: 0.07143372560013157
- regular: 0.06841238115847287
- 39: 0.06584517682487742
- bleeding: 0.06476012533798288
- around: 0.06324058511750989
- irregular: 0.06117159669901412
- new: 0.05481485240612801
- now: 0.054389814038148826
- flow: 0.05277497197939229
- cancer: 0.05277497197939229
- years: 0.04856894514358531
- evaluation: 0.04832090385906799
- on: 0.04785962581722842
- post: 0.04311336061645619
- after: 0.03843736673738217
- and: 0.03274517771492372
- with: 0.031029736595648113
- history: 0.03027170278106197
- year: 0.02441813930472794
- old: 0.023449866281222462
- is: 0.021698574153253002
- in: 0.019710670538186276
