Texto: 
obese woman
va:20/125 right eye, 20/125 left eye
ishihara color plate 3/11 right eye, 3/11 left eye
extraocular movements intact
no relative afferent pupillary defect 
humphrey visual field (30-2): constricted to approx 10 degree ou
moderate optic disk edema 360 degrees ou
bilateral optic nerve sheath fenestration. visual acuity improved to 20/40 left eye and 20/40 right eye and color vision returned to 11/11 left eye and 11/11 right eye on ishihara color plates  on post-op day 1.
• increased fluid within the optic nerve sheaths
• partially empty sella 
• slight flattening of the posterior aspect of the left globe at the optic nerve insertion
pseudotumor cerebri
• idiopathic intracranial hypertension
• obstructive hydrocephalus
• intracranial mass lesion
39 y/o woman with worsening headaches and blurry vision x 6 weeks.


Keywords by value: 
- eye: 0.46897109236647516
- optic: 0.2523157354308939
- ishihara: 0.23437591451512307
- ou: 0.1987592185429116
- color: 0.19819480870583042
- nerve: 0.15682908309551655
- vision: 0.12693061815636958
- visual: 0.12504064755303926
- left: 0.12498413466318974
- intracranial: 0.11792429887050175
- humphrey: 0.11718795725756154
- constricted: 0.11197934937172906
- 360: 0.10307517537867618
- fenestration: 0.10109495456436013
- afferent: 0.0993796092714558
- sheaths: 0.0993796092714558
- right: 0.09717915594676015
- pupillary: 0.0931427721494826
- blurry: 0.09219078057130725
- plates: 0.0858135485255282
- cerebri: 0.08474242773814471
- approx: 0.08375378561395834
- empty: 0.08375378561395834
- acuity: 0.08157126128535006
- extraocular: 0.07970625207435937
- globe: 0.07636265339951756
- woman: 0.07632715830590697
- pseudotumor: 0.07609777787810584
- obese: 0.07583825374509184
- sella: 0.07583825374509184
- sheath: 0.0728693908065894
- movements: 0.07227179432926116
- flattening: 0.07227179432926116
- disk: 0.07207861764140117
- insertion: 0.0718883029358774
- field: 0.0688715517493237
- returned: 0.0688715517493237
- degrees: 0.06843107404866038
- obstructive: 0.06814559546322832
- plate: 0.06719360388505297
- improved: 0.06502747522894864
- relative: 0.06491720839171189
- slight: 0.06417075732108338
- degree: 0.06406757598190986
- partially: 0.0628900185756624
- idiopathic: 0.06198499599922047
- 39: 0.06089640952911521
- and: 0.06056825566844739
- hydrocephalus: 0.05981886734311614
- the: 0.0584867056698835
- hypertension: 0.05606804950485705
- worsening: 0.05595825389917013
- moderate: 0.05501016747611317
- to: 0.05495829450311563
- headaches: 0.05465957240714202
- defect: 0.05375354154941839
- intact: 0.05303720224383862
- aspect: 0.047274617643006875
- day: 0.04667702116567863
- on: 0.044262609870842004
- weeks: 0.04391712388010074
- edema: 0.043704788340571614
- 10: 0.04284942915158889
- fluid: 0.04230927718658968
- increased: 0.03962542115209815
- bilateral: 0.039382463410552175
- posterior: 0.037892841889408106
- lesion: 0.03513124798910577
- within: 0.03374972615284067
- of: 0.028680478621053565
- mass: 0.027990355093910416
- at: 0.02767814225619701
- no: 0.023829269920707215
- with: 0.014348807600097732
