Texto: 
routine labs showed anemia
air-contrast be: concentric narrowing “apple core” lesion of the proximal descending colon.  

ct: corresponds to be findings of a concentrically narrowed lesion of the colon without invasion of the abdominal wall or distant metastases.
colon adenocarcinoma
primary colon cancer
metastatic lesion
lymphoma
leiomyoma
leiomyosarcoma
post-inflammatory stricture
34 y.o. woman for screening colonoscopy.  the gi attending was unable to pass the endoscope beyond the descending colon.


Keywords by value: 
- colon: 0.5064886629855279
- descending: 0.24032299554543501
- concentrically: 0.21275760335093358
- endoscope: 0.1913876499076233
- lesion: 0.19134492058245586
- attending: 0.1835403632534685
- apple: 0.16737461753253263
- the: 0.15927606749130732
- concentric: 0.15579659673735252
- leiomyosarcoma: 0.15039046358749814
- corresponds: 0.1495998034228106
- narrowed: 0.1428904127448157
- distant: 0.1391292781113036
- colonoscopy: 0.13863826542424912
- beyond: 0.13863826542424912
- leiomyoma: 0.13815737743506754
- pass: 0.13722436337256558
- core: 0.13343405770187472
- stricture: 0.12886021919581106
- anemia: 0.12223083628473322
- invasion: 0.1186700701941893
- 34: 0.11594604950171226
- unable: 0.1152228212812335
- gi: 0.11175519588576545
- adenocarcinoma: 0.10873703961420204
- screening: 0.10807254334936718
- be: 0.10793684194382282
- metastases: 0.10755424999341212
- of: 0.10414022118265595
- narrowing: 0.10313186657989543
- routine: 0.10302609659732191
- labs: 0.09217032858133396
- showed: 0.08861308079334125
- cancer: 0.08861308079334125
- proximal: 0.0831149388503252
- primary: 0.08180435580741395
- wall: 0.08092888739951419
- lymphoma: 0.07923269402989547
- metastatic: 0.07296498929649912
- abdominal: 0.07276231180956147
- without: 0.07017283303138168
- woman: 0.06928691160671394
- to: 0.06651875213331385
- findings: 0.065659860421601
- ct: 0.05064902489693682
- was: 0.046365251671143054
- or: 0.04628174246290004
- for: 0.04032296334864921
