Texto: 
normal labs
normal physical exam
no treatment
well define, homogeneous lesion in the right lobe of the liver with nodular peripheral contrast fill-in on post gadolinium mr sequences.
hepatic hemangioma
hemangioma
metastatic disease
35 year old asymptomatic female with liver lesion incidently seen on ct scan at a neighboring institution.
see factoid


Keywords by value: 
- hemangioma: 0.33220254805535915
- incidently: 0.2917917018695206
- neighboring: 0.2777560954882259
- liver: 0.2724376944454814
- define: 0.22976804030865033
- institution: 0.1952788975874415
- lesion: 0.18933595281762264
- homogeneous: 0.17434530940972645
- gadolinium: 0.1645326402675739
- normal: 0.16124533371174446
- 35: 0.15833110368167208
- sequences: 0.15796672068955306
- nodular: 0.15724926361635902
- hepatic: 0.15724926361635902
- peripheral: 0.1412021997324301
- factoid: 0.13790293638988108
- labs: 0.1368039213975897
- asymptomatic: 0.13442877432991657
- mr: 0.12776732104507868
- see: 0.12283393790725561
- on: 0.11927420592472807
- scan: 0.1171523847581024
- lobe: 0.11411253329674567
- metastatic: 0.10829837339340614
- post: 0.10744571785647218
- physical: 0.10706876968940496
- exam: 0.0994027855586347
- in: 0.09824458660267256
- contrast: 0.09594305912868283
- well: 0.0956123777509534
- female: 0.09528482544823189
- treatment: 0.09406192728394255
- seen: 0.09296380631312914
- disease: 0.08288779620178294
- the: 0.07880189844526153
- with: 0.07733130230966218
- ct: 0.07517587630981218
- at: 0.07458413430009429
- right: 0.06546703126977539
- no: 0.06421259966034383
- year: 0.060854094155545956
- old: 0.058440995556781374
- of: 0.03864256223310482
