Texto: 
anticoagulation
filling defect in left pulmonary artery.
pulmonary embolism
• pulmonary embolism
• volume averaging
• branch point in vessel
• thrombus in pulmonary vein
71 year old female with persistent atelectasis on plain films.
this finding was noted on a routine contrast chest ct.  a ct pe/dvt protocol was not performed, as the ordering clinician did not suspect pulmonary embolism.


Keywords by value: 
- pulmonary: 0.46845237097620035
- embolism: 0.4180234314656611
- averaging: 0.22111860584111312
- suspect: 0.18977725670386844
- ordering: 0.18814371320921214
- clinician: 0.17375274557327486
- branch: 0.15078971301201446
- protocol: 0.15000863758644248
- 71: 0.1492495672379783
- thrombus: 0.14293917596161176
- anticoagulation: 0.14264468980177136
- atelectasis: 0.1368673696299939
- volume: 0.13503987516123914
- vessel: 0.13481991299751897
- point: 0.1270682575825658
- films: 0.12172095428816593
- not: 0.12135840249860848
- filling: 0.11903060022863189
- routine: 0.11903060022863189
- persistent: 0.11842777384617478
- ct: 0.11703411142597873
- in: 0.1147106804056867
- defect: 0.11275104255620115
- did: 0.1102620235461243
- vein: 0.11017411085665202
- was: 0.10713564656804041
- plain: 0.10141041069491077
- finding: 0.10103266784376465
- artery: 0.09546123484787113
- on: 0.09284328558347492
- performed: 0.09093256504620802
- noted: 0.0814943318138551
- chest: 0.08113345299877989
- contrast: 0.07468227324907113
- female: 0.07416990280735689
- as: 0.06174887923383498
- this: 0.05281591350307649
- left: 0.052432234528412225
- year: 0.04736895122297085
- old: 0.04549059034343944
- the: 0.03066977937581304
- with: 0.03009742185753465
