Texto: 
cold right lower leg
she was treated with fibrinolysis (ukidan), pta, and stenting
• the preliminary angiography shows occlusion of the common iliac right artery and the poplitea also.
• we proceeds, through iliac crossover, positioning a 4 f multihole straight catheter inside the iliac thrombus: bolus of 300.000 u. of ukidan and beginning of fibrinolysis therapy with pomp infusion
• after 24 hs (60.000 u./h ukidan) partial reopening of the vascular light: we proceeds to direct positioning a self expandable stent [memotherm] dilated with 10mm ball
• we proceed therefore to positioning another 4 f multihole straight catheter inside the popliteo thrombus: bolus of 300.000 u. of ukidan and beginning of new fibrinolysis therapy with pomp infusion
• good final result after 48 hs
arterial thrombus seen on angiogram
arterial occlusion iliac and popliteal arteries
• arterial occlusion
• arterial stenosis
52 y.o. woman with history of atrial fibrillation suddenly she feels pain to the right lower leg


Keywords by value: 
- ukidan: 0.3907951392825967
- fibrinolysis: 0.2800692139699944
- iliac: 0.22495866019322153
- positioning: 0.21325908267494742
- arterial: 0.20124130731417617
- multihole: 0.19539756964129834
- pomp: 0.19539756964129834
- proceeds: 0.1867128093133296
- hs: 0.18055087379795456
- we: 0.17622477906192913
- thrombus: 0.17043752677600393
- occlusion: 0.16838605038616702
- bolus: 0.15888313645188776
- inside: 0.14503286466122628
- infusion: 0.14045826665942882
- beginning: 0.13471225206628484
- straight: 0.11805440001172182
- catheter: 0.10861135679963516
- of: 0.10759821987824886
- poplitea: 0.09769878482064917
- crossover: 0.09769878482064917
- reopening: 0.09769878482064917
- memotherm: 0.09769878482064917
- popliteo: 0.09769878482064917
- expandable: 0.0933564046566648
- leg: 0.09223727474610409
- the: 0.08532992945867146
- preliminary: 0.08046230472319552
- proceed: 0.08046230472319552
- pta: 0.07850970881332102
- suddenly: 0.07611992455921114
- 10mm: 0.0747794739548143
- she: 0.07273276044322895
- feels: 0.07251643233061314
- therapy: 0.07020218485998185
- stenting: 0.06982494848535227
- fibrillation: 0.06834540985805614
- popliteal: 0.06588675316573002
- cold: 0.06509308440894127
- ball: 0.06484108155306184
- and: 0.06311916680683376
- self: 0.06280578540804252
- lower: 0.06243575938475485
- stent: 0.0616363016969474
- right: 0.060763189759941466
- final: 0.05993277811147053
- with: 0.059812505438326044
- after: 0.05927308341604268
- atrial: 0.05741773363138996
- 52: 0.05657968177239987
- angiography: 0.056465139212806166
- angiogram: 0.05487954570149604
- direct: 0.05384988079419548
- therefore: 0.05384988079419548
- light: 0.05291058672161881
- 48: 0.05291058672161881
- another: 0.04999438570971808
- good: 0.04968749860224701
- arteries: 0.04848676413295947
- partial: 0.04707022349457409
- stenosis: 0.0464712495438908
- to: 0.04581834784412801
- result: 0.045735349368946
- dilated: 0.04375490005654847
- 24: 0.04331214971414422
- new: 0.04226415068057513
- vascular: 0.04033174257542181
- treated: 0.03804347213570583
- artery: 0.037941958321311926
- through: 0.036366380221614474
- shows: 0.03585549032787582
- common: 0.034645940624545915
- woman: 0.0318167104786668
- seen: 0.028761435561530848
- also: 0.028735742720979295
- history: 0.0233405318364655
- pain: 0.021860826476950736
- was: 0.02129103108339922
- on: 0.018450714982032438
