Texto: 
swelling of patellar tendons and high riding patella bilaterally.
pt, surgery
plain lateral x-rays of bilateral knees showed patella alta, a high riding patella. joint effusion was noted. on mri, disrupted patellar tendons were noted bilaterally.
disruption and tears of the patella tendons bilaterally.
• trauma due to extreme combat conditions (body armor, heat, stress). 
• systemic lupus erythematosus 
• rheumatoid arthritis
• steroid use/ abuse
this 42 y/o active duty man jumped from his vehicle and felt a pop.  he then tried to hop on the other leg to the aid station and felt a pop in the good leg.  the rest is history with him lying in the dirt unable to walk, asking for help, crawling on his belly, etc.
this unusual case may represent how the "fog of war" may increase incidence of otherwise systemic based injuries.


Keywords by value: 
- patella: 0.3624551384091285
- tendons: 0.27933681267203003
- pop: 0.20962903966640956
- riding: 0.20799242208368077
- bilaterally: 0.17273906112207058
- patellar: 0.16643015380976628
- systemic: 0.1532293213784518
- felt: 0.1517027768322617
- asking: 0.13806957060136113
- fog: 0.13806957060136113
- armor: 0.13193284571036257
- leg: 0.130351272444309
- hop: 0.12757877010828153
- dirt: 0.12757877010828153
- crawling: 0.12757877010828153
- jumped: 0.12420148669170103
- war: 0.12420148669170103
- alta: 0.12144204521728295
- the: 0.12058969557739194
- station: 0.11708796961520195
- belly: 0.1086181702007898
- tried: 0.10481451983320478
- his: 0.10472103473561364
- combat: 0.10321988570554183
- erythematosus: 0.10248144530979121
- disrupted: 0.10110458509536173
- high: 0.09813510372408166
- extreme: 0.0981273697077102
- heat: 0.09564063877978726
- aid: 0.09518881341092755
- noted: 0.09155011745597426
- tears: 0.09128656317770624
- how: 0.09128656317770624
- knees: 0.08996964373804417
- lupus: 0.08996964373804417
- abuse: 0.08996964373804417
- walk: 0.08846990036538842
- may: 0.08689368748185629
- lying: 0.08684673649158428
- to: 0.08633501599316372
- him: 0.08585391992571303
- etc: 0.08492223962412153
- of: 0.0844775662218242
- steroid: 0.08321507690488314
- duty: 0.08186456138961418
- help: 0.07932200219534166
- conditions: 0.07886100130280213
- on: 0.07822458486665522
- disruption: 0.07797909987230882
- unusual: 0.07741847926804614
- 42: 0.07674570069262203
- rheumatoid: 0.07610155982838407
- injuries: 0.07524347433647348
- vehicle: 0.07500698474615337
- unable: 0.07477413360187428
- rest: 0.07465903779362806
- incidence: 0.07431891053946652
- represent: 0.07184237498131024
- and: 0.07136085693375623
- stress: 0.07128175437704756
- arthritis: 0.0702192111075061
- good: 0.0702192111075061
- increase: 0.06930668664424737
- effusion: 0.06411101596264872
- active: 0.06411101596264872
- based: 0.06253924441614028
- pt: 0.062132910592939926
- otherwise: 0.06154315965206021
- then: 0.06111545385140681
- this: 0.05933299871450894
- swelling: 0.05810814561552996
- showed: 0.05750567698687447
- plain: 0.05696184509852774
- joint: 0.0568907885086391
- body: 0.05682006396010137
- he: 0.051124833483481916
- trauma: 0.0501404756763061
- due: 0.04962737481546426
- surgery: 0.0464177209125457
- bilateral: 0.04639998801555951
- man: 0.04570718854319383
- other: 0.04483551218649827
- were: 0.04450355575405135
- mri: 0.04431708490439915
- case: 0.04337411401978026
- in: 0.04295503761162566
- lateral: 0.042846509060227723
- from: 0.03428887754265351
- history: 0.03298523327781527
- was: 0.030088844244497228
- for: 0.0261676863587305
- is: 0.02364361646312102
- with: 0.01690560830950237
