Texto: 
hypertension
k=3.3
no treatment required
there is medial deviation of the right ureter, with the ureter passing behind the ivc and wrapping around the ivc.  there is no evidence of mass or adenopathy.
retrocaval ureter
retrocaval ureter
retroperitoneal mass
retroperitoneal adenopathy
41 year old male with incidental finding noted on ct exam ordered to work up hypertension and hypokalemia.  no urinary tract symptoms.


Keywords by value: 
- ureter: 0.5142718675665309
- retrocaval: 0.4191674248375926
- ivc: 0.2545095820656414
- retroperitoneal: 0.2526338666945795
- adenopathy: 0.2204793845992886
- hypertension: 0.20054876351299425
- wrapping: 0.193659125241418
- hypokalemia: 0.193659125241418
- passing: 0.14517840568539658
- deviation: 0.13182963752321358
- no: 0.12785170859924147
- behind: 0.12631693334728974
- 41: 0.12017177603049968
- ordered: 0.1151391686606438
- urinary: 0.11332923133064002
- tract: 0.10978772382947952
- work: 0.10685083866875095
- around: 0.10460155561569984
- the: 0.10460000488359661
- there: 0.10429187808702625
- mass: 0.10011818056711773
- incidental: 0.09714504452167773
- required: 0.09356668966225931
- finding: 0.0861435732905433
- medial: 0.08530614762828041
- evidence: 0.07438638845009356
- is: 0.0717800003543753
- symptoms: 0.07170526886153772
- noted: 0.06948458449327131
- exam: 0.06597259748823674
- up: 0.06482742473968336
- treatment: 0.062427925261821685
- male: 0.058350236529966265
- and: 0.05416136681102921
- with: 0.05132398304378632
- of: 0.05129333528817416
- ct: 0.049893449169864795
- or: 0.04559131730105885
- right: 0.04344978944441185
- year: 0.0403882309401374
- on: 0.03958052651129963
- old: 0.03878668243562575
- to: 0.03276321691443905
