Texto: 
normal neurologic examination
detachable platinum coils placed
• ct - hyperdense mass in the suprasellar cistern
• angio - giant right internal carotid terminus aneurysm
giant aneurysm
• pituitary adenoma
• meningioma
• metastatic disease
• aneurysm
74 year old hypertensive man who presents with acute onset headache.


Keywords by value: 
- aneurysm: 0.4105723468866422
- giant: 0.3206563988858262
- terminus: 0.2746684402594468
- detachable: 0.25857267342210055
- platinum: 0.25282784557665594
- angio: 0.24376317977674763
- coils: 0.20211555517363639
- hypertensive: 0.18665636185832418
- 74: 0.17873761571037547
- suprasellar: 0.1763311552628212
- cistern: 0.17453013264540096
- pituitary: 0.1657954103591037
- hyperdense: 0.16546546684549265
- carotid: 0.1514032647706168
- neurologic: 0.14362487216270178
- adenoma: 0.1432983478143742
- placed: 0.14005982427313862
- meningioma: 0.13468353065970995
- headache: 0.12390548991402525
- internal: 0.12113457780995168
- onset: 0.11541655500026991
- examination: 0.11501685427942324
- who: 0.1016723865449722
- metastatic: 0.09857873461384321
- acute: 0.09723279953396256
- man: 0.09515691197447912
- presents: 0.08646451248519492
- disease: 0.07544872382173175
- normal: 0.07338688690156471
- mass: 0.06865611578462527
- ct: 0.06842893875411879
- right: 0.05959144998471695
- year: 0.055392518003328034
- old: 0.05319599187914957
- in: 0.04471363108460715
- the: 0.03586476504907245
- with: 0.03519545903074115
