Texto: 
no bruit noted in chart.
no neurologic signs or symptoms
scar at site of "lump" on back of scalp
embolization of occipital artery scheduled at this time.
• mri:  enhancing lesion right occipital lobe associated with a enlarged vessel.  enhancing lesion seen on mri is a venous aneurysm.

• angiogram:  dural av fistula fed by enlarged right occipital artery and draining into transverse sinus.
dural av fistulae with venous aneurysm (varix)
• arterial aneurysm
• cavernous angioma
• glioma
• avm
• dva
70 year old man with "lump" on back of scalp.  surgeon removed part of lump and noted a very large scalp vessel underlying it.  mri was ordered.


Keywords by value: 
- lump: 0.33149573119474696
- scalp: 0.3217598799760537
- occipital: 0.27124120235375077
- aneurysm: 0.2413565741984488
- av: 0.23523797513707825
- dural: 0.18752844273944888
- vessel: 0.1853577777785557
- mri: 0.16271129789215308
- venous: 0.15087489283908656
- chart: 0.14862584665791925
- enlarged: 0.1440613327293939
- fistulae: 0.14111546645146347
- back: 0.1409368513418728
- varix: 0.1391638866101534
- enhancing: 0.13238090894336124
- fed: 0.13165350640369758
- dva: 0.13165350640369758
- artery: 0.13124531800969072
- bruit: 0.1254210726494527
- noted: 0.11204285710258852
- angioma: 0.11089693385265784
- of: 0.10338717353495483
- surgeon: 0.10259822715562755
- draining: 0.1023427351503911
- lesion: 0.10131268673272333
- scar: 0.09974291311889544
- scheduled: 0.09805785408737919
- on: 0.09573451381248901
- fistula: 0.09543407902434568
- angiogram: 0.09491712798301281
- part: 0.09441421356007258
- avm: 0.09344758328823503
- ordered: 0.09283009688576752
- embolization: 0.0920861062470831
- cavernous: 0.09165364590233469
- glioma: 0.08975914739034892
- removed: 0.08975914739034892
- 70: 0.08723758790948634
- arterial: 0.08701441802062768
- underlying: 0.08625384116326865
- site: 0.08521877432210055
- neurologic: 0.08443044783152605
- transverse: 0.08141048491772977
- at: 0.07981916715897507
- sinus: 0.07635008798551776
- very: 0.07579712522975925
- signs: 0.07384554538844915
- right: 0.07006213803191443
- no: 0.06871965833080468
- time: 0.06262807456232804
- with: 0.06206936840790369
- lobe: 0.06106102494599534
- symptoms: 0.057811838777951936
- into: 0.05616769004102997
- man: 0.055938366184716974
- associated: 0.05569139083635362
- it: 0.0540865059743324
- large: 0.052941520405282265
- seen: 0.04974445078350165
- by: 0.044869885628612674
- and: 0.04366719846095267
- was: 0.0368239841711776
- or: 0.03675765989487906
- this: 0.03630710085999992
- year: 0.03256271028209406
- old: 0.031271473732703454
- is: 0.028936045243631813
- in: 0.026285084469007534
