Texto: 
not available.
protected weight bearing with crutches, analgesics, nonsteroidal anti-inflammatory medications, and physical therapy focusing on strengthening the quadriceps and hamstrings.
radiographs
- subchondral sclerosis
- subtle articular surface collapse
- effusion

mri
-t1: 
area of subchondral decreased signal intensity indicating necrosis
-t2:
diffuse increased signal intensity indicating edema.

may have linear serpiginous low signal indicating fracture.
may show flattening of the articular surface indicating collapse.


mri
spontaneous osteonecrosis of the knee
-subchondral fracture
-osteoarthritis
-osteochondritis dissecans (ocd)
-stress response/fracture 
-spontaneous osteonecrosis of the knee (sonk)
the patient presented with right knee pain and swelling of two week duration.  no history of trauma.
radiographic images originally read in the emergency department may have been suggestive of sonk due to articular surface flattening. (early collapse)


Keywords by value: 
- indicating: 0.33426978899266363
- sonk: 0.261050147016961
- subchondral: 0.2535885905124838
- collapse: 0.24851588349711434
- articular: 0.24204665047164736
- surface: 0.22109253604822923
- osteonecrosis: 0.19300406156939337
- knee: 0.18994061998996253
- flattening: 0.17423257634753272
- spontaneous: 0.15371939720962055
- fracture: 0.15060215288730833
- signal: 0.1502144983805648
- may: 0.13335061471864734
- focusing: 0.12706979512764957
- hamstrings: 0.12706979512764957
- intensity: 0.1254396204814142
- of: 0.12099988692623023
- protected: 0.11979199852774645
- nonsteroidal: 0.11979199852774645
- strengthening: 0.11351355214658859
- crutches: 0.1111265976132375
- ocd: 0.10905892354701241
- serpiginous: 0.10639789895543544
- the: 0.10574965142540237
- analgesics: 0.10154105153271983
- quadriceps: 0.10039352263250345
- read: 0.10039352263250345
- dissecans: 0.09985014919426335
- mri: 0.09068108682845473
- originally: 0.08993945617409331
- have: 0.08825089088734882
- bearing: 0.08688343334894502
- duration: 0.08513684542345863
- subtle: 0.07615035836821099
- department: 0.07471660035610257
- medications: 0.07409713559006065
- suggestive: 0.07192858459345614
- linear: 0.0711563415457167
- necrosis: 0.06751800880893602
- effusion: 0.0655915954051425
- radiographic: 0.06553327309872434
- emergency: 0.06553327309872434
- early: 0.06367069546199054
- sclerosis: 0.06291520152788868
- weight: 0.06159657084201743
- available: 0.05992903671673113
- swelling: 0.05945009480394888
- week: 0.05941084369535696
- radiographs: 0.05728936129997992
- area: 0.05722114729517781
- show: 0.056073618394961416
- diffuse: 0.055393548643342165
- and: 0.05475664812218275
- decreased: 0.05471312448246286
- edema: 0.05268167161181405
- two: 0.05245487994758045
- presented: 0.05150877898103198
- been: 0.0514617848507333
- trauma: 0.051298419539907464
- due: 0.05077346913066772
- therapy: 0.05075104399416579
- low: 0.05068396278868449
- physical: 0.047894299065507254
- increased: 0.047764409893658856
- images: 0.040858288484311146
- not: 0.034870397458995187
- with: 0.03459205266566742
- history: 0.033746994069836535
- pain: 0.031607556616460496
- right: 0.029284894032697684
- patient: 0.028729161993274244
- no: 0.02872375820538196
- on: 0.026677034330044758
- to: 0.022082209091879378
- in: 0.021973520504462975
