Texto: 
• multiple hypopigmented lesions on extremities.
• normal fundi and cardiac examination
anti-seizure medications
physical therapy
• widespread subcortical tubers.
• subependymal nodules which mildly enhance.
tuberous sclerosis
• supependymal heterotopia
• tuberous sclerosis
2 year old girl with infantile seizures.  moderate developmental delay, she speaks only three words  - "sarah palin president".


Keywords by value: 
- tuberous: 0.3007627808075173
- speaks: 0.24116188183893947
- president: 0.24116188183893947
- supependymal: 0.23044305279793365
- sarah: 0.23044305279793365
- palin: 0.23044305279793365
- fundi: 0.21693892526286554
- sclerosis: 0.21482298273080136
- hypopigmented: 0.2045139632876087
- words: 0.19609535701774583
- tubers: 0.19379513424660286
- widespread: 0.1765962760508669
- heterotopia: 0.1733551751416674
- infantile: 0.17235747616459116
- subcortical: 0.16263634610066152
- subependymal: 0.1606772362581459
- delay: 0.13827816731069484
- enhance: 0.13498524147767074
- developmental: 0.13040465014974378
- medications: 0.12650176183739562
- seizures: 0.12310164760559415
- mildly: 0.12176846334976311
- nodules: 0.11981967397787494
- extremities: 0.11460029984353272
- moderate: 0.11320579195400786
- cardiac: 0.11198074411919864
- girl: 0.10578415397436325
- three: 0.10122868328855399
- examination: 0.09649756265528499
- only: 0.09421122792500591
- she: 0.08976759236069136
- therapy: 0.08664432746588298
- lesions: 0.08660609769034637
- physical: 0.0817671717739992
- multiple: 0.07375951692604432
- which: 0.06857021847407908
- normal: 0.0615705912079268
- year: 0.04647356259348178
- on: 0.045544160600454145
- old: 0.044630707312664025
- and: 0.031160954714402375
- with: 0.029528507228597206
