Texto: 
non-contributory
radiation and chemotheraphy
• large lung mass with mediastinal adenopathy
• destructive lesion c7 with spinal cord compression.
• enhancing lesions left parietal lobe and right temporal lobe
carcinoma, small cell with metastatic disease to spine and brain
• multiple abscesses
• tb
• lymphoma
• metastatic disease
27 year old man with history of many prior surgeries for lung and laryngeal papillomatosis.  now presents with cough, weakness and neck pain.


Keywords by value: 
- chemotheraphy: 0.26552951931378854
- papillomatosis: 0.22186054194741311
- laryngeal: 0.21995083552993314
- lung: 0.2186154485628477
- lobe: 0.20768408367906785
- metastatic: 0.1971023496924201
- destructive: 0.19146000293634519
- surgeries: 0.19071878030164066
- and: 0.18565406712415786
- abscesses: 0.18239787135524274
- c7: 0.17722224168430545
- with: 0.1759280969835107
- tb: 0.16000583699241758
- adenopathy: 0.15115163031503823
- disease: 0.15085526107442523
- 27: 0.14561771503224882
- mediastinal: 0.1450970336149153
- parietal: 0.1450970336149153
- many: 0.14167501237828473
- temporal: 0.138033490283759
- cough: 0.13415558684738643
- cord: 0.13319732258111483
- compression: 0.13158745724707588
- weakness: 0.13114221296461157
- spinal: 0.1275920450915122
- now: 0.12334872968738712
- radiation: 0.11907776225029273
- spine: 0.11870319768790198
- enhancing: 0.11256528937575278
- brain: 0.11201849729214493
- neck: 0.10992157115307064
- carcinoma: 0.10748265294866279
- lymphoma: 0.10701673717988393
- lesions: 0.10319821341374653
- cell: 0.10279116600274826
- prior: 0.10053707337861488
- man: 0.0951303088496472
- small: 0.09269034059911985
- large: 0.09003379130691147
- multiple: 0.08789046697663684
- presents: 0.086440339504258
- lesion: 0.0861475570044868
- history: 0.06865212079782328
- mass: 0.0686369215171696
- pain: 0.06429982446634529
- left: 0.06129630162237603
- right: 0.059574789936067164
- year: 0.05537703185481165
- for: 0.05446276974210034
- old: 0.0531811198159105
- to: 0.04492223760496361
- of: 0.035164608551471896
