Texto: 
facial nerve dysfunction.
no imaging followup. patient had good clinical response to steroids.
patchy segmental enhancement of the left facial nerve.
bell's palsy affecting the left facial nerve.
imaging findings consistent with bell's palsy, likely post viral or idiopathic in nature.
26 yo female with history of lupus.


Keywords by value: 
- bell: 0.4113158019922665
- facial: 0.40437566998200014
- nerve: 0.3498521201870626
- palsy: 0.3269610104028566
- imaging: 0.17181615129662522
- lupus: 0.17034873677518028
- affecting: 0.16443581679019706
- patchy: 0.1591302467701541
- dysfunction: 0.15872944731614727
- segmental: 0.15500255463919357
- response: 0.15078550308171002
- viral: 0.15078550308171002
- followup: 0.1443306801875007
- nature: 0.1443306801875007
- steroids: 0.14361719867373038
- idiopathic: 0.1382752601882286
- good: 0.13295322080346614
- 26: 0.13279177421405852
- left: 0.11152514224681408
- clinical: 0.10359846592442251
- yo: 0.10212566348094827
- likely: 0.09768456075013715
- enhancement: 0.09408945510991176
- post: 0.08894826935099505
- consistent: 0.08863621515502935
- had: 0.08144587169962972
- findings: 0.0806781175848296
- female: 0.078880950196205
- the: 0.06523566157975708
- with: 0.06401823771414934
- of: 0.06398000967361495
- history: 0.06245431889750217
- or: 0.05686767892099038
- patient: 0.05316800189886186
- no: 0.053158001307651255
- to: 0.04086673099629454
- in: 0.04066558503096868
