Texto: 
negative for cauda equina syndrome.
surgical resection
• spinal stenosis
• extradural mass, posterior and lateral , at l3-4
• mass is high si on t1 and mixed to high si on t2 sequences.
• mass enhances following contrast.
synovial cyst
• herniated disc
• epidural hematoma
• abscess
• synovial cyst
47 year old man with progressive back pain over the past 6 months.


Keywords by value: 
- si: 0.40906327203934145
- synovial: 0.3567366698797835
- equina: 0.203179621212571
- cauda: 0.20188515670653534
- cyst: 0.2001715980384893
- extradural: 0.19945063173573063
- mass: 0.1988171976326417
- high: 0.1972121559423718
- herniated: 0.17836833493989174
- 47: 0.15909342079253644
- epidural: 0.15757990830492064
- enhances: 0.1529335794715232
- disc: 0.1507339230426225
- mixed: 0.14361862892509358
- sequences: 0.13879709344253513
- progressive: 0.13288240938918955
- stenosis: 0.13197827795428807
- spinal: 0.12319653564768539
- hematoma: 0.12143686332276975
- back: 0.11571205194533281
- past: 0.11293539372649161
- abscess: 0.11140933216375355
- resection: 0.11121580876408006
- t1: 0.10810139214376013
- negative: 0.10741271385375296
- on: 0.10480000491719708
- syndrome: 0.10459647414621911
- following: 0.10408355600377119
- months: 0.1009910838531908
- t2: 0.09981938570974536
- over: 0.0964736727273409
- man: 0.09185309693065272
- posterior: 0.08971838822709254
- lateral: 0.08610427977056637
- surgical: 0.08432669880579402
- contrast: 0.08430014679621783
- and: 0.07170333505413999
- at: 0.06553317694127077
- pain: 0.062084713912427
- year: 0.053469308953165685
- for: 0.05258654290862754
- old: 0.05134904545565973
- is: 0.047514175865923415
- to: 0.04337467937365829
- the: 0.03461955282167058
- with: 0.03397348487660588
