Texto: 
non-contributory
partial excision and radiation therapy
• large, extra-axial, calcified mass with intense enhancement.  
• dural tail
• csf cleft
• peripheral and central flow voids
• centered on right sphenoid ridge
meningioma
• metastatic disease
• meningioma
• chondrosarcoma
• osteosarcoma
51 yo with first time seizure.
history of migraine headaches


Keywords by value: 
- meningioma: 0.3000502195942285
- ridge: 0.23765695786094534
- migraine: 0.22632809849879001
- centered: 0.2086417864812624
- voids: 0.20516384521647985
- sphenoid: 0.20139968881536763
- tail: 0.19746454071171238
- 51: 0.19115407364320636
- osteosarcoma: 0.18942046240990465
- intense: 0.18900011616292534
- chondrosarcoma: 0.1835896597430219
- cleft: 0.18083542436746985
- dural: 0.17767125680077003
- seizure: 0.16660421046903623
- calcified: 0.1612884868788736
- csf: 0.1582029127216395
- excision: 0.157857111972654
- partial: 0.154262499712535
- headaches: 0.14934356426383785
- peripheral: 0.1431700670944718
- first: 0.13511235036540423
- central: 0.13370116563342302
- flow: 0.13335706001337036
- radiation: 0.13267880717601188
- yo: 0.1250827054994269
- time: 0.11867222439383501
- enhancement: 0.11524002099932659
- therapy: 0.11503625559617994
- metastatic: 0.10980767590262297
- large: 0.10031743803705578
- disease: 0.0840429636791037
- and: 0.08274377921759427
- with: 0.07840903159552128
- history: 0.07649355618904635
- mass: 0.07647662084873634
- right: 0.06637941389815995
- on: 0.060468236674931855
- of: 0.03918110509680164
