Texto: 
temperature of 102.4
left lower lobe ronchi
wbc of 12.4k
legionella titer two weeks later was positive
left lower lobe airspace opacities
legionnaires' disease
aspiration pneumonia
bacterial pneumonia
viral pneumonia
pulmonary edema
40 year old male with fever and productive cough.


Keywords by value: 
- pneumonia: 0.41632844822780185
- legionnaires: 0.2811769368988305
- legionella: 0.23481782869514833
- titer: 0.2286326985255326
- ronchi: 0.22119953191418723
- lobe: 0.20321255573570357
- productive: 0.18962196378755528
- airspace: 0.18884161099298544
- lower: 0.1796900095429573
- temperature: 0.17902613805892442
- opacities: 0.16786493513383058
- bacterial: 0.1645395503666772
- viral: 0.16218040998943484
- aspiration: 0.15372163821862445
- cough: 0.1312671591705043
- 40: 0.1293076998324538
- later: 0.12582661783912577
- wbc: 0.12427058831598925
- left: 0.11995313159460014
- fever: 0.11920926619239156
- positive: 0.11585737234458114
- pulmonary: 0.10717134107847498
- weeks: 0.1053733050647269
- edema: 0.10486383414299781
- two: 0.104412401173322
- male: 0.07828251816645813
- disease: 0.07380364110251866
- of: 0.06881499870960409
- was: 0.06127555132274985
- year: 0.05418474046216931
- old: 0.052036107357065944
- and: 0.0363313709887634
- with: 0.03442805782746768
