Texto: 
non-contributory
surgical resection with gastric pull through.
long segment smooth narrowing middle 1/3 of esophagus with minimal wall thicking.
esophageal stricture
alkaline burn/stricture
prior radiation therapy
long standing gartric reflux disease
prior surgery (repair esophageal atresia)
27 yo man with history lye ingestion 2 yrs ago. now with increasing symptoms dysphagia,and regurgitaion of food.


Keywords by value: 
- stricture: 0.2927440875359105
- esophageal: 0.2582422210022318
- thicking: 0.24167090063944624
- gartric: 0.24167090063944624
- regurgitaion: 0.24167090063944624
- lye: 0.23092944743636434
- long: 0.20041385422863303
- pull: 0.1834627231608989
- alkaline: 0.16993009255251185
- prior: 0.16910179698857494
- yrs: 0.16822035849467917
- ingestion: 0.1636677559259203
- food: 0.15693266566668235
- atresia: 0.1498577229584874
- standing: 0.1405332750532871
- dysphagia: 0.13649118495200432
- reflux: 0.13088135302653786
- gastric: 0.1272933732048511
- segment: 0.12476844611328898
- smooth: 0.12476844611328898
- esophagus: 0.1244492653459223
- 27: 0.12246336827704639
- increasing: 0.11901804200098182
- with: 0.11836333141967105
- narrowing: 0.1171472637801791
- repair: 0.11690751840434063
- minimal: 0.11528743479831123
- ago: 0.11056992126342216
- middle: 0.10806208006940535
- now: 0.10373532442029454
- radiation: 0.10014347395050568
- resection: 0.09686873218674572
- yo: 0.0944100789451878
- wall: 0.09192694783898592
- through: 0.08995706422846496
- therapy: 0.08682720707895075
- symptoms: 0.08268331878640452
- surgery: 0.08124753607696662
- man: 0.08000385148457713
- surgical: 0.07344837477321921
- disease: 0.06343405192629198
- of: 0.05914632579426724
- history: 0.057735900816752915
- and: 0.031226725936912423
