Texto: 
contrast enhanced axial and coronal ct images reveal abnormal infiltration and thickening of the right preseptal soft tissues, extending into the right medial canthus. no postseptal extension is noted.  no peripheral enhancing fluid collections are seen.   additionally, images demonstrate an enhancing lentiform mass along the superoposterior aspect of the right globe.
right preseptal cellulitis and choroidal melanoma.
• right preseptal cellulitis with

» choroidal melanoma
» metastases (breast, lung)
» lymphoma
» leukemia
» choroidal hemangioma
» coat’s disease
» toxocara canis infection
» retrolental fibroplasia
58 yo woman with orbital cellulitis preceded by open lesion inferior to right eye.
clinically, the abnormality at the superoposterior aspect of the right globe was thought to represent a nevus.


Keywords by value: 
- preseptal: 0.37232387035743797
- choroidal: 0.34319507689707673
- superoposterior: 0.3013882489759731
- cellulitis: 0.2966974883251203
- right: 0.21868777553193347
- globe: 0.19639224826367313
- melanoma: 0.1759935241275837
- canis: 0.1439962809251737
- retrolental: 0.1439962809251737
- postseptal: 0.1392440852896523
- fibroplasia: 0.1392440852896523
- toxocara: 0.13555799598414692
- lentiform: 0.1325462417268394
- the: 0.13161595649323152
- coat: 0.1299998397851246
- preceded: 0.1299998397851246
- canthus: 0.12584839816402651
- aspect: 0.12158258037657822
- enhancing: 0.11805881918513894
- nevus: 0.11265791758747835
- infiltration: 0.09293561408948535
- collections: 0.0922013192122272
- 58: 0.09060514874904058
- images: 0.08717520478743872
- leukemia: 0.08607174988530442
- orbital: 0.08265210046518223
- thought: 0.08136090324451288
- reveal: 0.07926414568764008
- hemangioma: 0.07926414568764008
- represent: 0.07841136719548435
- clinically: 0.07830779999247552
- open: 0.07789990482966083
- additionally: 0.07760046010858387
- metastases: 0.07617962076300176
- eye: 0.07538230658272334
- coronal: 0.07503993339921118
- tissues: 0.07429459277445394
- enhanced: 0.07174819083273913
- abnormality: 0.06854094417821845
- breast: 0.06842702017654127
- peripheral: 0.06738221483563986
- extension: 0.06670361739165795
- thickening: 0.06410615230334885
- inferior: 0.06410615230334885
- extending: 0.06388908065451117
- along: 0.06313042573744594
- medial: 0.06133651838650105
- no: 0.06128498272218467
- yo: 0.05886949629369068
- and: 0.05841436573338003
- lung: 0.05732113748405375
- infection: 0.056920312261329625
- abnormal: 0.05661206232889948
- lymphoma: 0.05611974035054961
- of: 0.0553211232216936
- axial: 0.05443057903649219
- fluid: 0.05440626863509288
- soft: 0.05016599372122043
- into: 0.050090992844277704
- noted: 0.04996055516328365
- woman: 0.04907524017286527
- demonstrate: 0.04898751338798195
- to: 0.04711457995806161
- contrast: 0.04578438462324191
- lesion: 0.045175910407355725
- seen: 0.044362674099980015
- by: 0.04001548075601048
- disease: 0.03955436460271037
- with: 0.036902785053090845
- an: 0.036033197569958694
- mass: 0.03599330642579761
- ct: 0.03587420775005001
- are: 0.035755961613289707
- at: 0.03559182626235619
- was: 0.03284005317414382
- is: 0.02580549839563739
