Texto: 
bilateral neck masses
enhancing soft tissue mass lesions within the visualized mediastinum and neck.
sarcoidosis
lymphoma
granulomatous disease
metastatic disease
neurofibroma
angiofibroma
35 y/o aam with persistent nodules in chin and cheek for many months.us appearance favors lymph nodes; however, angiofibroma, neurofibroma, etc could also have a similiar appearance.


Keywords by value: 
- angiofibroma: 0.41601727325096066
- neurofibroma: 0.33019081674516076
- similiar: 0.24669060904703097
- aam: 0.22295825295628602
- chin: 0.21708550545415722
- favors: 0.21002775412919233
- neck: 0.2042456100943909
- appearance: 0.20128525020945637
- cheek: 0.19680014010040622
- etc: 0.16420850425765743
- mediastinum: 0.14943413154029844
- granulomatous: 0.1483980730456588
- nodes: 0.14181679154128202
- sarcoidosis: 0.14141312174828022
- disease: 0.14015231273936304
- 35: 0.13385848928557287
- nodules: 0.13264523385163784
- many: 0.13162338854326325
- visualized: 0.1303599292030792
- lymph: 0.1298154372925404
- persistent: 0.12862615237022348
- could: 0.12142998554524445
- masses: 0.1136506487347679
- enhancing: 0.10457895553542602
- lymphoma: 0.0994240645686308
- however: 0.09880991330127224
- lesions: 0.09587645918010977
- metastatic: 0.09155912083877121
- bilateral: 0.0897205804195967
- soft: 0.0888761595782989
- tissue: 0.08757380471565429
- have: 0.08339649017906382
- also: 0.07852454794752124
- within: 0.07688815673790406
- and: 0.06899287884718223
- mass: 0.0637672376914689
- for: 0.05059872014527185
- in: 0.04152965411508619
- the: 0.03331089985933977
- with: 0.03268925391459759
