Texto: 
candle wax drippings
melorheostosis
multi-year history of intermittent arm pain


Keywords by value: 
- drippings: 0.4761177190450443
- candle: 0.4399413481041728
- wax: 0.4107341769628786
- melorheostosis: 0.4037649771633014
- intermittent: 0.24333622141545583
- arm: 0.2376265478530757
- history: 0.11374594678609998
- pain: 0.10653486486809853
- of: 0.058262317996395814
