Texto: 
non-contributory
right upper lobectomy.
spiculated 3.4 cm mass noted within the right upper lobe.
adenocarcinoma of the lung
bronchogenic cancer
-adenocarcinoma
-squamous cell carcinoma
tb
lymphoma
met
75 yo male with history of copd and aspbestos exposure needs.  incidental finding on screening exam.
paraesophageal lymphnode negative for metastatic tumor


Keywords by value: 
- adenocarcinoma: 0.3051983836106001
- aspbestos: 0.29857938414524043
- lymphnode: 0.2626218862880807
- met: 0.22321594665116576
- lobectomy: 0.22009645161053196
- paraesophageal: 0.21339354583582518
- needs: 0.2088718956129679
- spiculated: 0.20220811706950897
- upper: 0.19954281238213198
- copd: 0.1989323929731012
- bronchogenic: 0.17952146180744497
- exposure: 0.17743604797866538
- tb: 0.1662506192123492
- 75: 0.16376360617279417
- screening: 0.1516666522278827
- incidental: 0.13839580963278697
- cancer: 0.12435766653587926
- right: 0.12379980508818746
- finding: 0.12272277632798562
- yo: 0.11664169394814027
- negative: 0.11558679936826387
- lung: 0.11357383698033853
- carcinoma: 0.11167753591481795
- lymphoma: 0.1111934361687321
- lobe: 0.1078948373421858
- cm: 0.10722588128117198
- cell: 0.10680294743451205
- metastatic: 0.10239747593122704
- noted: 0.09898986999587202
- tumor: 0.09765671132316989
- exam: 0.09398658560422066
- within: 0.0859898293784404
- male: 0.08312753642340744
- the: 0.07450818739512999
- of: 0.0730740584959924
- history: 0.07133150769630975
- mass: 0.071315715211062
- for: 0.056588368048553474
- on: 0.056387631908500956
- and: 0.03857997207957474
- with: 0.03655886011426558
