Texto: 
<li>pain in the right lower quadrant.
<li>afebrile
<li>wbc 9.8
<li>hemoglobin 12.8 (low)
<li>hematocrit 37.8 (low)
<li>essentially normal metabolic panel
patient initially underwent colonoscopy which was positive for adenocarcinoma of the ascending colon. the patient subsequently underwent a right hemicolectomy which was positive for moderately differentiated adenocarcinoma of the ascending colon and cecum.
<li>soft tissue mass in the region of the cecum and ascending colon. 
<li>the appendix is not visualized
<li>multiple dilated loops of small bowel with wall enhancement
<li> fluid within the perirectal and right pericolic gutter
colon adenocarcinoma
<li>adenocarcinoma
<li>colitis
<li>ruptured appendix
patient presented to the emergency department with right lower quadrant pain for three days.


Keywords by value: 
- li: 0.8041870356016826
- adenocarcinoma: 0.21328885214097146
- colon: 0.19869657282170314
- ascending: 0.19052363122838714
- cecum: 0.13244425936000734
- appendix: 0.11763424837342784
- the: 0.11715813349784196
- perirectal: 0.0996943866696342
- quadrant: 0.09139263362431126
- underwent: 0.0898825058274032
- right: 0.08651788390932488
- positive: 0.08597847241121352
- pericolic: 0.08483486965341235
- gutter: 0.08383974614854493
- hemicolectomy: 0.08292432126326056
- low: 0.0748691322515945
- hemoglobin: 0.06898022913232309
- panel: 0.0684718474091802
- colonoscopy: 0.06798510562745566
- hematocrit: 0.06751823649300309
- lower: 0.06667453358993106
- essentially: 0.06601970482698788
- moderately: 0.0658208005852443
- colitis: 0.06451765363313217
- patient: 0.06365704190454913
- differentiated: 0.06228680317074896
- ruptured: 0.061860541200129425
- which: 0.0593297631807578
- for: 0.05932043900176603
- loops: 0.05925286091252261
- metabolic: 0.05914236048162665
- afebrile: 0.05632940861899124
- subsequently: 0.05566138192673472
- department: 0.05518478356530031
- initially: 0.05116018781076602
- of: 0.05106803605414343
- visualized: 0.05094337173195874
- emergency: 0.0484020883584466
- dilated: 0.04672542758015614
- pain: 0.04668992332611889
- wbc: 0.04611098600300378
- was: 0.04547296552882125
- three: 0.04379360267665024
- bowel: 0.04186759181395634
- days: 0.041299191334943336
- and: 0.04044260259409887
- wall: 0.039685716936314855
- region: 0.039023098948641255
- presented: 0.03804376545819345
- fluid: 0.03766763660637507
- enhancement: 0.03755050765371506
- soft: 0.03473192462733571
- tissue: 0.03422297722071912
- small: 0.03365254051284295
- in: 0.0324587566197379
- multiple: 0.031909878435078726
- within: 0.030047131618046573
- normal: 0.026636699405051777
- not: 0.025754856717774582
- with: 0.02554927459675847
- mass: 0.02491960615425018
- is: 0.01786617903412491
- to: 0.016309654395022796
