Texto: 
cystic lesion (low signal t1, high signal t2) within the pineal gland.
pineal cyst
• pineal cyst
• small cystic pineal neoplasm (e.g. pineocytoma)
23 year old woman with headaches


Keywords by value: 
- pineal: 0.8021761115995796
- pineocytoma: 0.23956595537217462
- cystic: 0.2190950342225041
- cyst: 0.2098538695160241
- signal: 0.20621909556929116
- 23: 0.14998390838374132
- gland: 0.14775836512658413
- headaches: 0.13567662770701674
- neoplasm: 0.12416888866688514
- t1: 0.11333024097192446
- t2: 0.10464763507495588
- low: 0.10437076060065353
- high: 0.10337563981516143
- woman: 0.09473008098442373
- small: 0.09382615088062338
- lesion: 0.08720319322655326
- within: 0.08377396362241603
- year: 0.05605561175573005
- old: 0.05383279141705419
- the: 0.036294095624620167
- with: 0.035616777465747186
