Texto: 
creatinine of 1.8
dialysis
renal transplant
multiple bilateral renal cysts on ultrasound and ct
multiple hepatic cysts on ultrasound and ct
adpkd -autosomal dominant polycystic kidney disease
renal cell carcinoma
medullary cystic disease
endstage renal failure
hepatic abscess
autosomal dominant polysystic kidney disease
renal abscess
52 year old female with chronic renal disease and increasing creatinine.


Keywords by value: 
- renal: 0.5019252152791921
- autosomal: 0.2771232153232819
- creatinine: 0.2735668828104482
- dominant: 0.2514301675771459
- disease: 0.22555624843822208
- polysystic: 0.21483091513789343
- hepatic: 0.2139552237861043
- cysts: 0.20359052237980763
- endstage: 0.1932527126089431
- kidney: 0.1887505105780445
- abscess: 0.1725206460419033
- ultrasound: 0.16572064697766847
- adpkd: 0.16308734152957727
- dialysis: 0.1488131372028171
- polycystic: 0.1420383638613737
- transplant: 0.1343451086114386
- multiple: 0.13141234759424966
- 52: 0.12441367449645507
- medullary: 0.11880688507484552
- increasing: 0.1057998907329671
- ct: 0.10228519402433041
- failure: 0.10198988639033417
- and: 0.08327605134135184
- on: 0.0811429536573049
- cystic: 0.08090540247309445
- carcinoma: 0.08035312722480122
- chronic: 0.07973741855326061
- cell: 0.07684581104775616
- bilateral: 0.07219658788213591
- female: 0.06482283504339241
- year: 0.041399403195666186
- old: 0.039757757826896084
- with: 0.02630447308755059
- of: 0.026288765556394908
