Texto: 
obese adolescent male. pt has pain in left hip with weightbearing. pain and decreased range of motion of left hip. right was normal. no other obvious findings.
the patient went to surgery and had in situ pinning of the left slipped capital femoral epiphysis.
left slipped capital femoral epiphysis. slip graded as moderately displaced.
scfe
• septic arthritis 
• toxic synovitis 
• trauma 
• scfe 
• legg-calve-perthes disease 
• monoarticular rheumatoid arthritis 
• lyme disease
• femoral stress fracture
• muscle strain
• leukemia 
• synovioma 
• other neoplasm
12 year old boy who presented to the ortho clinic for approximately 6 weeks of vague left hip pain. he had been receiving chiropratic for several months without improvement.
the symptoms of scfe can be quite non-specific, a high index of suspicion is required for timely diagnosis.  slipage of the contralateral hip is an increased risk, so inteval follow-up is indicated.


Keywords by value: 
- scfe: 0.3269414929931316
- hip: 0.28008862769842946
- capital: 0.20957599166176802
- slipped: 0.20395463203689715
- femoral: 0.2032482322798436
- epiphysis: 0.1802918924633331
- left: 0.15547311171646463
- arthritis: 0.14827616829428666
- synovioma: 0.14577511313438063
- slipage: 0.14577511313438063
- chiropratic: 0.13929590296979807
- inteval: 0.13929590296979807
- timely: 0.13469883019898762
- monoarticular: 0.1282196200344051
- slip: 0.12575633865299546
- of: 0.12486905990605734
- ortho: 0.11853375266610237
- adolescent: 0.115864278766277
- weightbearing: 0.11157750115217954
- pinning: 0.1074574697307094
- graded: 0.10304302407297863
- situ: 0.10146998139280868
- lyme: 0.10003800611838502
- synovitis: 0.0991500166533321
- quite: 0.09790421472898421
- pain: 0.09785478269986682
- strain: 0.0963811867953164
- other: 0.09467548617639077
- receiving: 0.09466128123621731
- obese: 0.09433844806515974
- index: 0.09433844806515974
- toxic: 0.09310863383445402
- moderately: 0.09196674113758564
- contralateral: 0.09116087130342777
- the: 0.09094264393082885
- had: 0.09083256280689019
- vague: 0.08919165086873086
- went: 0.08851156106364358
- septic: 0.08662942366987146
- suspicion: 0.08662942366987146
- obvious: 0.08476922134949884
- leukemia: 0.08326216512976675
- for: 0.08288424645911055
- rheumatoid: 0.08034872162900866
- improvement: 0.0795690695176514
- clinic: 0.0767829549651842
- so: 0.07667677717611951
- disease: 0.07652643385413897
- displaced: 0.07615621979551548
- stress: 0.0752599270315164
- indicated: 0.07497199674684095
- is: 0.07488943834196425
- range: 0.0707356548351989
- motion: 0.07066285426070595
- pt: 0.06560049424072652
- risk: 0.06513123609667497
- required: 0.06507993686012249
- muscle: 0.0647253806693074
- boy: 0.062355401183328676
- 12: 0.06231227106682864
- neoplasm: 0.06222635850256122
- several: 0.05980597566627742
- approximately: 0.058162899349835484
- decreased: 0.05646266779417295
- weeks: 0.05463038909439822
- he: 0.053978065931331844
- presented: 0.05315585800664132
- been: 0.05310736116073041
- months: 0.05305901105285284
- trauma: 0.052938771971911415
- fracture: 0.05180596921365073
- high: 0.05180596921365073
- who: 0.0515623377680325
- symptoms: 0.04987431303695329
- increased: 0.04929175647928504
- surgery: 0.0490082535057855
- without: 0.04808031540586904
- can: 0.04783473891685993
- diagnosis: 0.04725359492922241
- to: 0.04557664903659058
- in: 0.045352320864424964
- findings: 0.04498816225880618
- has: 0.041636497721895045
- male: 0.040585273699975014
- and: 0.03767172211652446
- normal: 0.0372175728213985
- be: 0.03697753945783834
- as: 0.03661980263033138
- an: 0.03485698908435524
- was: 0.03176807644668014
- right: 0.03022132731033781
- patient: 0.029647824813060365
- no: 0.029642248230047092
- year: 0.028091872534594907
- old: 0.02697792187621137
- with: 0.017849095591370937
