Texto: 
non-contributory
conservative treatment only.
• april 2007  midbrain hemorrhage.  finding suspicious for developmental venous anomaly and possible cavernous angioma.

• september 2007  follow up mri shows resolution of hematoma with much better demonstration of both the midbrain dva and associated cavernous angioma.
cavernous angioma and developmental venous anomaly
• hemorrhagic metastatic lesion
• avm or other vascular malformation
• trauma
• herniation ("duret hemorrhage"
58 y.o. woman with sudden onset severe headache followed by loss of consciousness.


Keywords by value: 
- angioma: 0.398170156186882
- cavernous: 0.32907804784320593
- midbrain: 0.2815369131421406
- 2007: 0.2501174345946954
- anomaly: 0.23146341247207958
- developmental: 0.21870845125479604
- duret: 0.19324404122854924
- venous: 0.18056970425721233
- hemorrhage: 0.1693325393103745
- dva: 0.15756521359120393
- april: 0.15479053420189434
- september: 0.14714593717971206
- demonstration: 0.14372864752023193
- 58: 0.12159275911769395
- better: 0.11937405876298225
- consciousness: 0.11809228548805813
- suspicious: 0.11299657815434049
- avm: 0.11183969817896955
- hemorrhagic: 0.10969268261440199
- much: 0.10952280820434623
- sudden: 0.10935422562739802
- herniation: 0.10637305171213106
- resolution: 0.10260205719157993
- conservative: 0.09763054347139476
- malformation: 0.09753179719660898
- hematoma: 0.08851042520064135
- headache: 0.0871741856427787
- possible: 0.08568179844792918
- followed: 0.08539500916963554
- vascular: 0.08348510157098939
- finding: 0.08312210044450824
- onset: 0.08120176272112567
- severe: 0.0800528785986945
- only: 0.07900328602787604
- and: 0.07839249755336852
- loss: 0.0770423618571247
- of: 0.07424134392899923
- shows: 0.07421943761300608
- trauma: 0.07344151561835162
- both: 0.07051874688914603
- metastatic: 0.06935544920261565
- follow: 0.06817141284397162
- associated: 0.06665242827193567
- woman: 0.06585932410430893
- other: 0.06567125509057577
- mri: 0.0649119067832111
- up: 0.06255361259041606
- lesion: 0.06062639560693061
- treatment: 0.06023827519498835
- by: 0.053701062022657106
- with: 0.04952380207620405
- or: 0.0439922087201377
- for: 0.038328207311343426
- the: 0.025232793870488435
