Texto: 
non-contributory
none to date
• isodense subdural hematomas.
• the venticles are compressed and obviously much smaller than would be expected in a 92 year old man.
• the cerebral cortical sulci are also obliterated.
• there is no midline shift because the bilateral extra-axial collections are approximately equal in volume
bilateral subacute (isodense) subdural hematomas
• subdural empyema
• lymphoma
• intracranial hypotension
92 year old man presents with confusion.  on coumadin for "irregular heart beat" according to son.


Keywords by value: 
- subdural: 0.374737902119689
- isodense: 0.2848926894070393
- hematomas: 0.2834753553216657
- 92: 0.27028516100903155
- venticles: 0.20362501020303347
- obviously: 0.17005229266405958
- beat: 0.1655730945911812
- obliterated: 0.1636309017302213
- son: 0.1618442574913424
- are: 0.14494542650013845
- coumadin: 0.14173767766083284
- compressed: 0.13790178454312182
- hypotension: 0.13790178454312182
- empyema: 0.13732198215408037
- bilateral: 0.13686140967828567
- confusion: 0.1362056927081004
- man: 0.13481792827952876
- sulci: 0.13090059122024209
- according: 0.12808157168285328
- collections: 0.12458677223888463
- equal: 0.12185014901853022
- subacute: 0.11915759518453072
- date: 0.1176853383532899
- expected: 0.1147939910361649
- smaller: 0.11458635105569726
- shift: 0.1118656317454835
- volume: 0.1118656317454835
- much: 0.11027689628705586
- intracranial: 0.10245223623070747
- irregular: 0.09830275075449217
- midline: 0.09576245163908682
- cortical: 0.09141298084419051
- would: 0.090133074651085
- because: 0.08898815000305318
- heart: 0.08853326392985261
- cerebral: 0.0882139289134304
- approximately: 0.08124446429090112
- year: 0.07847989562122466
- the: 0.07621958124457831
- lymphoma: 0.07583164068472525
- old: 0.0753678662864242
- than: 0.07217855888321018
- none: 0.06958388485444057
- to: 0.06366344313202967
- in: 0.06335009179678534
- presents: 0.06125128590805784
- also: 0.05989138877717593
- be: 0.051651833344450226
- there: 0.050663370961596906
- no: 0.04140557992721351
- for: 0.03859210525953319
- on: 0.038455207333096215
- is: 0.034869606840742695
- and: 0.026310748917998866
- with: 0.024932392050743234
