Texto: 
pe: non contributory

ct was read as abnormal, and additional tests were done
functional mri has been done in anticipation of a combined embolization and resection
• ct calcified lesion right temporal lobe.

• mri mixed signal intensity enhancing lesion right temporal lobe with large flow voids.

• angiogram confirms and arteriovenous malformation - avm
cerebral arteriovenous malformation (avm)
• brain tumor
• trauma with hematoma
• vascular malformation
36 year old woman with syncope and chest pain.
also noted on the mri is a gray matter heterotopia in the left frontal lobe.


Keywords by value: 
- malformation: 0.3204103552991011
- arteriovenous: 0.2656687633656563
- avm: 0.24494300634989064
- lobe: 0.24007797464828784
- done: 0.2203063608101515
- mri: 0.21324786083480401
- temporal: 0.21275134293017872
- anticipation: 0.21161437838457864
- syncope: 0.16324633514005144
- heterotopia: 0.1591909462313921
- read: 0.15739190821971213
- voids: 0.14190175972302865
- combined: 0.13732353860469607
- functional: 0.13585182111031838
- confirms: 0.133799114082857
- lesion: 0.13277943204349418
- tests: 0.132521139866796
- angiogram: 0.12439747430677298
- embolization: 0.12068716446975117
- gray: 0.11849536965473582
- mixed: 0.11462879428395946
- 36: 0.11462879428395946
- pe: 0.11448031734453373
- and: 0.11445961996589889
- calcified: 0.11155532831346235
- additional: 0.10734900065583056
- ct: 0.10544019782026061
- matter: 0.1054398676530951
- intensity: 0.09832895945985168
- hematoma: 0.09692448207102257
- cerebral: 0.09593923771039896
- contributory: 0.09466303190839227
- flow: 0.0922365315751391
- right: 0.09182276371934123
- vascular: 0.0914214366507893
- frontal: 0.0891285246309695
- resection: 0.08876657686650871
- enhancing: 0.08674857251230918
- brain: 0.08632718655064141
- abnormal: 0.08319608188370045
- with: 0.08134751678476504
- been: 0.08067919429123445
- trauma: 0.08042307838521223
- signal: 0.0784995748810373
- noted: 0.07342114502332565
- chest: 0.07309601645023663
- tumor: 0.07243233640834668
- woman: 0.07212010182854144
- were: 0.07138171117351498
- large: 0.06938464705291386
- in: 0.06889795739436856
- non: 0.06570527538478454
- also: 0.06513635947831131
- has: 0.06325298444305362
- as: 0.05563176378463707
- the: 0.05526299238892918
- pain: 0.0495527352719534
- was: 0.04826115920434193
- left: 0.04723806686335809
- year: 0.042676374662333226
- on: 0.04182291076903726
- old: 0.040984092469539414
- is: 0.037923302371501585
- of: 0.027099646895692327
