Texto: 
jaundice
elevated bilirubin
sphincterotomy and stent placement
ercp spot radiograph demonstrates dilatation and stricturing of portions of the extrahepatic and intrahepatic biliary tree.
mrcp similarly demonstrates irregularity of the biliary tree. the intrahepatic involvement is primarily limited to the left lobe.
primary sclerosing cholangitis
primary sclerosing cholangitis
ascending cholangitis
cholangiocarcinoma
primary biliary cirrhosis
recurrent pruritis, hyperbilirubinemia and jaundice
psc is most often associated with inflammatory bowel disease. although this patient had not been diagnosed with ibd at the time of the biliary findings, a colonoscopy and biopsy were performed to further investigate.  direct visualization and biopsy of the colon demonstrated ulcerative colitis.


Keywords by value: 
- biliary: 0.3721961159863732
- cholangitis: 0.3471332473763428
- jaundice: 0.21322234885297645
- tree: 0.21080200846577898
- sclerosing: 0.21080200846577898
- intrahepatic: 0.21003096597325197
- primary: 0.18457362122319268
- sphincterotomy: 0.14785549704789044
- stricturing: 0.14785549704789044
- psc: 0.14785549704789044
- hyperbilirubinemia: 0.14074343202143935
- biopsy: 0.14027341604771265
- the: 0.1397556142241858
- investigate: 0.1356973415803465
- pruritis: 0.13011150053424886
- mrcp: 0.12467122472688458
- and: 0.1240538879950257
- similarly: 0.12353918611280253
- ibd: 0.12247579929124779
- ercp: 0.11717363845416995
- extrahepatic: 0.11502313112400045
- ulcerative: 0.11251306925934061
- cholangiocarcinoma: 0.11138103064525856
- bilirubin: 0.10746697881824777
- cirrhosis: 0.10540100423288949
- colonoscopy: 0.10426896561880744
- stent: 0.10094956431829946
- demonstrates: 0.10053555433969794
- colitis: 0.09895092382944569
- of: 0.09790400497294889
- spot: 0.09765103215838458
- ascending: 0.0974022264179598
- irregularity: 0.0969149586792934
- primarily: 0.09597924293929774
- visualization: 0.09575291063000539
- portions: 0.09509092600699807
- direct: 0.08819675832425268
- dilatation: 0.08167934382430438
- recurrent: 0.08022888890604203
- limited: 0.07986153494322482
- placement: 0.07813200592396471
- colon: 0.0761853862287527
- diagnosed: 0.0724789168315371
- involvement: 0.0724193564666715
- elevated: 0.06821049920268714
- although: 0.06811719839440947
- inflammatory: 0.06765799649926581
- often: 0.0652874828434236
- radiograph: 0.0651690987454552
- further: 0.0651690987454552
- bowel: 0.06421245434718692
- demonstrated: 0.06149261954250745
- time: 0.059306576567965924
- performed: 0.05919431691694922
- been: 0.058294606343067136
- lobe: 0.05782263587992281
- is: 0.054802827479797415
- associated: 0.05273778186371799
- most: 0.05207292926971028
- were: 0.051576726682887444
- to: 0.050028334226268616
- had: 0.049852302733834036
- findings: 0.049382367183296645
- disease: 0.04200056488275007
- not: 0.0395003029683967
- with: 0.0391850010370364
- at: 0.037792967305692135
- this: 0.034381543296074235
- left: 0.03413178002579691
- patient: 0.03254366699137649
