Texto: 
an intradural extramedullary mass is seen at the t2 level measuring 1.2 cm ap x 1.1 cm transverse x 1.7 cm craniocaudad. this mass causes mild compression and leftward shift of the spinal cord. subtle hyperintense t2 signal abnormality is noted within the mass, and uniformly enhances following gadolinium dtpa. there is a no dural tail. the spinal cord is normal in signal. no neural foraminal extension is seen.
intradural extramedullary meningioma.
intradural extramedullary neoplasms:

schwannoma
neurofibroma
ganglioneuroma
meningioma
epidermoid
dermoid
metastasis
56 yo male with 24 month history of gradually worsening upper back pain.


Keywords by value: 
- extramedullary: 0.40020988475269836
- intradural: 0.3961832143733391
- cm: 0.20440037305458492
- meningioma: 0.17779162762312675
- cord: 0.17587890025639513
- spinal: 0.16847747490189618
- is: 0.1624450787079781
- craniocaudad: 0.1608921754382755
- leftward: 0.1542692150538458
- uniformly: 0.1464766234480276
- ganglioneuroma: 0.14183585225905737
- dtpa: 0.1398536630635979
- t2: 0.13650804352753956
- mass: 0.13594627173612428
- signal: 0.13450167915414074
- foraminal: 0.12451363686012396
- gradually: 0.12362851411628846
- neurofibroma: 0.11732307509591199
- tail: 0.11700555373185875
- seen: 0.11170484639174336
- 56: 0.1107875594599367
- neoplasms: 0.110555185585827
- neural: 0.10987324759500375
- dural: 0.10527724982562567
- enhances: 0.10457219093707033
- shift: 0.10422842698862914
- epidermoid: 0.10306812039302223
- subtle: 0.10227725531624653
- schwannoma: 0.10166552752838481
- dermoid: 0.1002105815955274
- gadolinium: 0.0988508003083005
- the: 0.09468796847190332
- hyperintense: 0.09436858576052395
- measuring: 0.09177802425403617
- transverse: 0.09140663500328021
- worsening: 0.09059449186374283
- causes: 0.08964310062400334
- metastasis: 0.08695072943480976
- compression: 0.08687658587903356
- abnormality: 0.08629276521651788
- ap: 0.08517210380941101
- 24: 0.08410875424427451
- extension: 0.08397957839191808
- back: 0.07912103301028572
- no: 0.07715753975598788
- yo: 0.07411645233361829
- month: 0.07216707499671567
- level: 0.07166243769922738
- following: 0.07116975571648279
- mild: 0.06725083957707037
- upper: 0.063396735943375
- noted: 0.0629001323002228
- within: 0.05463964792158064
- male: 0.05282089004705189
- and: 0.04902896322715341
- normal: 0.048437897360254764
- there: 0.04720452009141615
- of: 0.04643271020866898
- an: 0.045365646697539695
- history: 0.045325458771279796
- at: 0.04480996204689909
- pain: 0.04245198850349671
- this: 0.04076514124306042
- in: 0.029512551417878983
- with: 0.023230226870977175
