Texto: 
negative
none
lobulated mass involving right cheek extending medial to the masseter muscle.  this lesion enhances following contrast administration.
capillary hemangioma
• hemangioma
• lymphangioma
• cystic hygroma
• lipoma
18 year old man with enlarging mass right cheek.
no pain or erythema


Keywords by value: 
- cheek: 0.46480551959091393
- hemangioma: 0.33166413973097447
- masseter: 0.30126106970048744
- hygroma: 0.241313323902291
- lymphangioma: 0.2228554537180414
- capillary: 0.20691136867328971
- enlarging: 0.18410196776743756
- lobulated: 0.18184725783943423
- erythema: 0.1783883773587949
- enhances: 0.17377353756248046
- lipoma: 0.17100726466203026
- administration: 0.15699440611141208
- mass: 0.1506064174189037
- 18: 0.14938907583244487
- muscle: 0.1399842852623928
- involving: 0.1380872258116364
- extending: 0.133665207576857
- right: 0.130721854687355
- medial: 0.1283248777128001
- negative: 0.12204963311558852
- cystic: 0.11873227853661937
- following: 0.1182668174730438
- none: 0.10773718169078464
- man: 0.1043697377964076
- contrast: 0.09578756200199251
- lesion: 0.09451454583806608
- pain: 0.07054487577154944
- or: 0.0685823985736323
- this: 0.06774174605659497
- no: 0.06410852882046049
- year: 0.06075546652292234
- old: 0.05834627888866041
- to: 0.04928526162432785
- the: 0.039337091196332344
- with: 0.038602984843054196
