Texto: 
not available
none to date
ossification of posterior longitudinal ligament in cervical spine.  ligament is low signal intensity on t2 and gradient echo scans.
severe cord compress at multiple cervical levels.
ossified posterior longitudinal ligament (opll)
• developmental stenosis with  degenerative disk disease
• ossification of the posterior longitudinal ligament
• hypertrophy of the ligamentum flavum
• paget disease
• achondroplasia
57 y.o. man with a 6 month history of worsening neck pain.
progressive bilateral arm and leg weakness.
patient has been unable to walk for past month.


Keywords by value: 
- ligament: 0.43462966506783207
- longitudinal: 0.36042468122214183
- ossification: 0.23512349721401635
- posterior: 0.196113133442858
- opll: 0.19318179011465486
- cervical: 0.18108345003854867
- achondroplasia: 0.16245962069464606
- flavum: 0.15608419451039535
- month: 0.15380119374516257
- compress: 0.15227575897444767
- ligamentum: 0.1490268264980534
- ossified: 0.14709853598464165
- gradient: 0.13268063024246357
- walk: 0.12954146203570074
- paget: 0.12536202509038655
- disk: 0.1243468234373491
- 57: 0.11933560392587139
- hypertrophy: 0.11907333624086731
- echo: 0.11707996092081083
- date: 0.11684293876054229
- scans: 0.11000094038038216
- unable: 0.10948752682250276
- developmental: 0.1093189985522909
- degenerative: 0.10739070803887918
- disease: 0.10613028213930048
- arm: 0.10090015764386892
- levels: 0.10022169565573674
- of: 0.09895657069711487
- progressive: 0.09682142163465365
- worsening: 0.09653668931444277
- stenosis: 0.0961626490305586
- leg: 0.09543299099981756
- cord: 0.0937075003221726
- weakness: 0.09226168158258569
- intensity: 0.0897640536223117
- available: 0.08576992252892204
- spine: 0.08351053699903052
- past: 0.08228753093603847
- severe: 0.08002709058043771
- neck: 0.07733245281989265
- been: 0.07365166439618699
- t2: 0.07273088195450518
- low: 0.07253845214285892
- signal: 0.07166189988847801
- none: 0.06908579871148189
- bilateral: 0.06794087323654444
- man: 0.06692644622603407
- to: 0.06320773591040164
- multiple: 0.061833044410585056
- has: 0.057743357791107425
- and: 0.05224482960385363
- the: 0.050449330892743734
- not: 0.049906213289354434
- with: 0.04950784861226318
- history: 0.048298408009381275
- at: 0.04774909925892214
- pain: 0.04523646350493528
- patient: 0.04111692984706445
- for: 0.038315860366084274
- on: 0.03817994236424192
- is: 0.034620007842150954
- in: 0.03144831378257918
