Texto: 
ridge noted along midline of skull
mild scaphocephaly
none to date
fusion of the saggittal suture
enlargement anterior fontanelle
craniosynostosis
sagittal craniosynostosis
1 month old baby boy with abnormal head shape


Keywords by value: 
- craniosynostosis: 0.5094940190787899
- saggittal: 0.3238206844588269
- scaphocephaly: 0.29129525250304517
- fontanelle: 0.24785508319240615
- ridge: 0.24035427661581557
- suture: 0.22652950536163832
- shape: 0.19200058482578622
- date: 0.18715258394994178
- baby: 0.18255453351249282
- fusion: 0.17009330549690105
- skull: 0.16428938340481444
- sagittal: 0.15570057257332168
- enlargement: 0.1552365548933985
- midline: 0.15228906608429205
- boy: 0.1385145122286859
- along: 0.1356584919414467
- month: 0.12317514061753988
- abnormal: 0.12165143687092758
- head: 0.12076765228927881
- mild: 0.11478408432003442
- anterior: 0.11305686997781039
- none: 0.11065782733860592
- noted: 0.10735827441107189
- of: 0.07925159235657771
- old: 0.0599279872907961
- to: 0.05062133504490387
- the: 0.0404034798134976
- with: 0.03964947258206307
