Texto: 
hiv (-)
chemotherapy and  radiation
• extensive abnormal enhancement of the sulci and subarachnoid spaces overlying the cerebral hemispheres and cerebellum
• extensive deep white matter changes
• mild hydrocephalus
secondary cns lymphoma, subarachnoid spread (carcinomatous meningitis)
• bacterial meningitis
• subarachnoid hemorrhage
• carcinomatous meningitis
64 year old man presents with altered mental status and lethargy.
this man had been treated previously, for an abdominal and thoracic diffuse large b cell lymphoma (dlbcl) , over the past 3 years.


Keywords by value: 
- meningitis: 0.3804970398216049
- carcinomatous: 0.3652338594807448
- subarachnoid: 0.3635379562749791
- dlbcl: 0.21534100520023494
- extensive: 0.20749795938462828
- lymphoma: 0.16038954856036147
- lethargy: 0.14989285428050986
- man: 0.14257496250475035
- and: 0.13912296711301686
- sulci: 0.13843223318474288
- altered: 0.13668288258435762
- hiv: 0.13316483354987096
- hemispheres: 0.13075049726572086
- 64: 0.12655625655120295
- bacterial: 0.12601357907211175
- cns: 0.12574684820371673
- cerebellum: 0.12371501999204251
- spaces: 0.12252856773467904
- spread: 0.12096175564503674
- mental: 0.11735392040260713
- overlying: 0.1147186108013632
- hydrocephalus: 0.10992132062934276
- previously: 0.10809457510489857
- deep: 0.10481728102839508
- matter: 0.10252773681599005
- thoracic: 0.1006230403138772
- chemotherapy: 0.09561322392833917
- status: 0.09396982247660632
- cerebral: 0.09328950361224919
- hemorrhage: 0.09015420875551086
- radiation: 0.08923290428299721
- white: 0.08884087151246718
- past: 0.08764951898230644
- diffuse: 0.08444470336078479
- treated: 0.08385282934735674
- years: 0.08254107907736766
- changes: 0.08137924167029742
- abnormal: 0.08089829945118686
- the: 0.08060503581943568
- secondary: 0.07981280104770196
- been: 0.07845092546998278
- enhancement: 0.07750447853937811
- cell: 0.0770282721452331
- mild: 0.07633150470228081
- over: 0.07487352485339029
- abdominal: 0.07364582566724583
- large: 0.06746832095348036
- had: 0.06708955650652842
- presents: 0.06477550799922153
- an: 0.0514912244366379
- this: 0.04626952748921146
- year: 0.041497701078647434
- for: 0.040812583538214826
- old: 0.0398521578212147
- with: 0.026366929882041628
- of: 0.026351185055250255
