Texto: 
afebrile
neutropenia
antifungal therapy
patient died four days following mri
• ct chest: bilateral pulmonary airspace disease with "halo sign" characteristic of hemorrhage.  new splenic and liver lesions probably due to infarcts and infection.

• mri brain:  multiple enhancing lesions in left cerebellum and right frontal white matter.
angioinvasive aspergillosis with septic cerebral emboli
• septic emboli
• demylinating disease
• bland infarcts
41 year old man with history of acute myelocytic leukemia, 4 month status bone marrow transplant.

mri ordered to because of lethargy and decreased level of consciousness
developed angioinvasive pulmonary aspergillosis 10 days prior to mri.


Keywords by value: 
- angioinvasive: 0.3352004514087446
- aspergillosis: 0.28287804999864513
- mri: 0.2392098075596845
- emboli: 0.22858673369956814
- infarcts: 0.22799041543838305
- septic: 0.22144088711565663
- myelocytic: 0.1863141240260219
- demylinating: 0.16387657451267224
- antifungal: 0.16072827228920647
- neutropenia: 0.15800108885561173
- bland: 0.15344370811916724
- days: 0.1475032442672392
- halo: 0.14516267619102263
- pulmonary: 0.1420282527717737
- lesions: 0.1338183223936309
- lethargy: 0.1296880536852016
- airspace: 0.12513067294875707
- died: 0.12227623964733612
- transplant: 0.11651205419878563
- splenic: 0.11429336684978407
- probably: 0.11312598982891242
- consciousness: 0.10879680741865073
- cerebellum: 0.10703885939998407
- 41: 0.10682938538198089
- leukemia: 0.10641677462710747
- ordered: 0.10235553661358054
- afebrile: 0.10059241174446586
- disease: 0.09780788491123121
- marrow: 0.0968176377783469
- and: 0.09629591438178914
- four: 0.0944120915072628
- characteristic: 0.09418641476114568
- of: 0.09119671297254991
- matter: 0.08870751511296865
- to: 0.08737678118074219
- developed: 0.08643589415926077
- because: 0.0814229509429294
- status: 0.08130316445458195
- cerebral: 0.0807145491411482
- sign: 0.08065660998820172
- new: 0.08059883473689688
- liver: 0.08036935437074523
- hemorrhage: 0.07800187621453433
- white: 0.07686557020648488
- frontal: 0.07498463457589744
- enhancing: 0.07298235931480927
- brain: 0.07262784349081355
- decreased: 0.07216452976130498
- month: 0.07087029806107696
- infection: 0.0703747286384925
- level: 0.0703747286384925
- following: 0.06989089970448041
- with: 0.06843840224011502
- 10: 0.06812520709655291
- due: 0.06696827422713178
- therapy: 0.06693869632519686
- prior: 0.065183795595145
- bone: 0.0635678263601084
- acute: 0.06302382588262806
- bilateral: 0.06261316729156004
- man: 0.0616782884021907
- chest: 0.0614963403149419
- multiple: 0.05698429486396363
- history: 0.04451100135375922
- ct: 0.04435389644279686
- left: 0.039741813257727056
- right: 0.038625661154786696
- patient: 0.03789267173629464
- year: 0.03590402031592943
- old: 0.03448028798835705
- in: 0.02898223761491137
