Texto: 
knee: swelling, effusion, limited rom (extension) with locking, medial joint line tenderness.
• surgical reduction with repair or resection of meniscal injury
• rest
• physical therapy
• double pcl, absent bowtie, joint effusion 
• sag pd fat sat: double pcl, absent bowtie, joint effusion
• cor pd fat sat: double pcl, meniscal truncation
bucket handle tear of the medial meniscus
• findings suggest "bucket handle" tear
• ddx not applicable; exclude normal variant such as meniscofemoral or meniscomeniscal ligament.
24 y.o. man twisted knee playing soccer
see topic discussion


Keywords by value: 
- pcl: 0.3330913130678514
- bowtie: 0.29518810723360345
- double: 0.2554057931780943
- pd: 0.23268235087038716
- bucket: 0.23268235087038716
- handle: 0.23094539139387782
- effusion: 0.21516411648222916
- meniscal: 0.19991677666031551
- sat: 0.1943119139614883
- joint: 0.19093218320811278
- tear: 0.16010800126548108
- absent: 0.1584757197257609
- meniscomeniscal: 0.14759405361680172
- meniscofemoral: 0.14272312352805067
- truncation: 0.13894493662560015
- knee: 0.1384608481274449
- medial: 0.12573804441670877
- cor: 0.12412181268814049
- sag: 0.12276655815361442
- fat: 0.12016272691136042
- twisted: 0.11822440815832284
- locking: 0.11547269569693891
- soccer: 0.11547269569693891
- applicable: 0.11169450879448836
- meniscus: 0.10030045335391286
- playing: 0.09355083778062391
- exclude: 0.09332047174004737
- topic: 0.09242912684937363
- ddx: 0.09179012109707116
- rom: 0.09137713372556666
- variant: 0.08570927335580476
- discussion: 0.08458007882540805
- reduction: 0.0843091667611614
- rest: 0.08352150647369892
- ligament: 0.083016046765331
- suggest: 0.07845925635166665
- limited: 0.077089374047079
- line: 0.0752616397930649
- repair: 0.07471916090013721
- 24: 0.06847538495808997
- extension: 0.06837021913680452
- or: 0.06719988229683413
- swelling: 0.06500592565387092
- injury: 0.06298304043580658
- such: 0.06212791297668157
- resection: 0.0619117614097351
- tenderness: 0.06057028027773638
- see: 0.06008136345568021
- therapy: 0.05549391642890928
- physical: 0.05237019813952963
- man: 0.05113290174402377
- findings: 0.04766820194264641
- surgical: 0.04694309662405752
- normal: 0.039434702108070735
- as: 0.03880132148631608
- not: 0.03812916484348151
- with: 0.03782480770156481
- of: 0.03780222088359463
- the: 0.019272057796690154
