Texto: 
proptosis.
no chemosis.
sclerosis therapy contemplated.
• well circumstribed intraconal mass on the left producing proptosis.
• mass appears to have a thrombus in its posterior aspect.  
• mostly peripheral enhancement following contrast administration.
• no opacification of mass in either arterial or venous phase of angiogram
orbit,  varix partially thrombosed
• hemangioma
• melanoma
• avm
23 year old man presents with sudden onset of left eye pain and proptosis


Keywords by value: 
- proptosis: 0.46366065006841994
- circumstribed: 0.2449805327579129
- varix: 0.20175991251276848
- chemosis: 0.1968637616840749
- intraconal: 0.19471425629152522
- contemplated: 0.18913820886298488
- thrombosed: 0.18183556999883987
- mass: 0.17554087288811962
- mostly: 0.16020092413670922
- producing: 0.15748604036157318
- opacification: 0.14729504343030592
- melanoma: 0.14305463948647584
- thrombus: 0.14245784867633815
- orbit: 0.14187403261279982
- angiogram: 0.13761092697463292
- avm: 0.13548037991767586
- sudden: 0.13246952803730852
- partially: 0.1314711051917981
- phase: 0.1310819029989114
- hemangioma: 0.12885819341089785
- either: 0.1266403733510022
- 23: 0.12631486050184196
- arterial: 0.1261535718413201
- eye: 0.12254756242090982
- administration: 0.1219909729375188
- its: 0.11335156887101956
- appears: 0.11217955096515404
- peripheral: 0.10954196751154137
- venous: 0.10936926928773522
- sclerosis: 0.10911228664483345
- left: 0.10451135291582798
- no: 0.09962981482093008
- aspect: 0.0988272283870975
- onset: 0.0983661959265888
- following: 0.0918980776902459
- of: 0.08993448341575565
- enhancement: 0.08817219194294149
- therapy: 0.08801628740490185
- man: 0.08109948739181211
- posterior: 0.07921469757661102
- have: 0.07652567479175858
- in: 0.07621627236833386
- contrast: 0.07443079134707184
- well: 0.07417425505511215
- presents: 0.0736912063940548
- pain: 0.054816208069353285
- or: 0.05329128429231302
- year: 0.04720944303674391
- on: 0.046265324531522434
- old: 0.04533740726953266
- to: 0.03829663212818682
- and: 0.031654369376159376
- the: 0.030566503268702524
- with: 0.029996073082722122
