Texto: 
n/a
continue annual mammograms
parenchymal redistribution with typical "swirling pattern" 90%
elevation of nipple 85%
ca++ around nac 25%
oil cysts/fat necrosis 20%
retroareolar fibrotic bands 20%
areolar/skin thickening 7%
discontinuity of retroareolar ducts
reduction mammoplasty
knowing the predictable changes after reduction mammoplasty can help reduce biopsies for findings mistaken for increased densities, masses, or calcifications.  however, women who have undergone reduction mammoplasty still have the same risk of developing breast cancer and may need to undergo biopsy if truly suspicious findings are present.
44 year old woman for screening mammogram
knowing the predictable changes after reduction mammoplasty can help reduce biopsies for findings mistaken for increased densities, masses, or calcifications.  however, women who have undergone reduction mammoplasty still have the same risk of developing breast cancer and may need to undergo biopsy if truly suspicious findings are present.


Keywords by value: 
- mammoplasty: 0.46346662540486355
- reduction: 0.298308107640902
- predictable: 0.19664955877686038
- knowing: 0.19228050521020013
- truly: 0.18538665016194542
- retroareolar: 0.18256416223964145
- undergone: 0.15906010917257332
- mistaken: 0.15714200972456663
- biopsies: 0.15536612701629154
- reduce: 0.1391877145587507
- densities: 0.1367065226438959
- have: 0.13657453950585433
- findings: 0.13493015445343806
- developing: 0.13081546873519453
- undergo: 0.12765402961298383
- need: 0.12583971313494655
- help: 0.12559138500274786
- women: 0.12301722521264256
- suspicious: 0.12214573097866474
- still: 0.12109912576463586
- nac: 0.1093035230997861
- same: 0.10813176057572643
- for: 0.10357895291199161
- redistribution: 0.1009984240903794
- calcifications: 0.09976410061962471
- breast: 0.09926484401337578
- risk: 0.09767200197811436
- biopsy: 0.09581918998929266
- masses: 0.09306018144267887
- cancer: 0.09104936106524991
- 20: 0.08818793982762319
- swirling: 0.08783515359569335
- oil: 0.08516150889374415
- fibrotic: 0.084388226071566
- discontinuity: 0.084388226071566
- changes: 0.08261350701396954
- however: 0.08090819157232627
- if: 0.07942391224795727
- who: 0.07732383197825683
- mammograms: 0.07646353123939244
- increased: 0.07391882643227221
- bands: 0.07254295607013792
- nipple: 0.07226750198132458
- can: 0.07173385604374619
- ducts: 0.07049856802065187
- present: 0.07014328037726783
- may: 0.06878985815289441
- continue: 0.06705164049652451
- after: 0.06631358674782256
- mammogram: 0.06525509886199012
- annual: 0.06317211273005666
- 85: 0.06304532080449839
- elevation: 0.06231151651937056
- parenchymal: 0.061398181178005995
- 44: 0.06044759013783786
- screening: 0.055521915797085215
- 90: 0.05461475755806655
- around: 0.05455251469001473
- the: 0.05455170594166157
- of: 0.053501698140863745
- typical: 0.05282137607788384
- necrosis: 0.05224446387291123
- are: 0.05187000607266337
- pattern: 0.05102823554052378
- 25: 0.04841953259731354
- or: 0.04755418773962935
- thickening: 0.046498351033494346
- woman: 0.0355959243008838
- to: 0.034173791422062054
- and: 0.028246604375991517
- year: 0.021063544884172437
- old: 0.02022829441581296
- with: 0.01338341634818854
