Texto: 
atrophic optic nerve on right.
radiation therapy
dural based enhancing lesion infiltrating the sphenoid bone and ethmoid bones on the right as well as the cavernous sinus.  there is associated hyperostosis with compression of the optic canal and optic nerve.
meningioma
• metastatic disease
• pagets disease
• chondroma
• meningioma with hyperostosis
47 year old woman with progressive loss of vision in right eye.


Keywords by value: 
- optic: 0.4152714694143608
- hyperostosis: 0.3697154691583636
- meningioma: 0.24099063293455014
- nerve: 0.2294361464668211
- pagets: 0.21179357717997646
- chondroma: 0.19225377632054128
- atrophic: 0.18956698484899692
- ethmoid: 0.1681678306056186
- sphenoid: 0.1617577169117675
- right: 0.1599413957181094
- infiltrating: 0.15775557896619527
- 47: 0.14745327752648169
- dural: 0.1426998076808545
- cavernous: 0.13948772199515505
- vision: 0.13927170581322573
- disease: 0.13500118105637401
- bones: 0.12938972880673136
- as: 0.12920284811830843
- eye: 0.1286419402970765
- the: 0.12834638930074385
- canal: 0.12377419176506024
- progressive: 0.12316000682141934
- compression: 0.11775832022057336
- based: 0.11648342589271789
- sinus: 0.11619723080714071
- radiation: 0.10656332717099357
- enhancing: 0.10073528031734927
- loss: 0.09796882796962247
- on: 0.09713226438184086
- with: 0.09446339771494008
- therapy: 0.09239340029157352
- metastatic: 0.08819397417082933
- bone: 0.08774069333561167
- associated: 0.08475675098383553
- woman: 0.08374822159964676
- well: 0.07786299377874661
- lesion: 0.07709391013541975
- and: 0.06645712758354627
- there: 0.06398415564492149
- of: 0.06293799304078215
- year: 0.049557202384262304
- old: 0.047592068940216815
- is: 0.04403777934686752
- in: 0.04000328103629422
