Texto: 
negative csf and blood work for viral infection
supportive
• bilateral temporal lobe lesions with increase cortical signal on t2, flair, and dwi scans.  
• no basal ganglia lesions are evident. 
• artifact from left cochlear implant
spongioform encephalopathy, presumed variant creutzfeldt-jakob disease
• viral encephalitis
• paraneoplastic syndrome
• cerebral infarction
• creutzfeldt-jakob, variant cjd, etc.
76 year old previously highly functioning man, presents now with rapidly dementing process over past 4 to 5 months.  patient had a normal brain mri one year ago prior, to a left cochlear implant placement.
the magnet was removed from the cochlear implant prior to mri.


Keywords by value: 
- cochlear: 0.4168737844071427
- implant: 0.34746207271828833
- viral: 0.19194670082389864
- variant: 0.18466128855233283
- dementing: 0.16639181448923443
- spongioform: 0.15374903359344985
- cjd: 0.1496789672255916
- magnet: 0.1496789672255916
- paraneoplastic: 0.1284634718018807
- lesions: 0.11950931573964699
- prior: 0.11642756641312617
- functioning: 0.11525942578198588
- encephalopathy: 0.1096022999762868
- mri: 0.10681571816293808
- presumed: 0.10627681361527727
- rapidly: 0.10405358267576266
- encephalitis: 0.10346515495943755
- etc: 0.10234235885577414
- 76: 0.10234235885577414
- artifact: 0.10052983700078007
- dwi: 0.09888126088640946
- ganglia: 0.09778873811301754
- highly: 0.09313428427191225
- scans: 0.09053512911452696
- evident: 0.08942935557607612
- basal: 0.08903138319257406
- flair: 0.08851391083212158
- removed: 0.08838680455257591
- supportive: 0.08692685139428079
- work: 0.08483056588988747
- increase: 0.08352358377552181
- previously: 0.08352358377552181
- from: 0.08264512631235826
- csf: 0.08221350555500652
- infarction: 0.08167962322736401
- placement: 0.08124635636398658
- temporal: 0.07992525949470486
- process: 0.07803540524464904
- to: 0.0780337037833047
- ago: 0.076128031046654
- cortical: 0.07469795451633522
- cerebral: 0.07208385492771535
- now: 0.07142237154432508
- left: 0.07098455314232582
- past: 0.06772589590641817
- brain: 0.06486184943868653
- negative: 0.0644140161684204
- year: 0.06412970695653161
- infection: 0.06284965701639877
- syndrome: 0.06272515361624409
- months: 0.06056304765786757
- blood: 0.060425803388800055
- lobe: 0.06012745257272741
- t2: 0.05986039542566381
- one: 0.0595710794098377
- signal: 0.05898058086194992
- over: 0.05785401459408999
- bilateral: 0.05591802860370138
- man: 0.05508311501063359
- had: 0.05183942106158196
- presents: 0.05005137920866653
- disease: 0.04367471206708134
- and: 0.04299956325277841
- normal: 0.04248118447302499
- the: 0.04152179672575432
- with: 0.04074691953354489
- are: 0.03948063238601573
- was: 0.036260976027664246
- patient: 0.033840861174681484
- no: 0.033834495905972185
- for: 0.03153547009127464
- on: 0.0314236041944629
- old: 0.030793358863618857
