Texto: 
images show a sagital view of the uterus without a visible gestational sac within the endometrial cavity.  cervix is viewed in transverse with a evident gestational sac and yolk sac. on color images, a fetal heart beat was able to be identified
cervical ectopic pregnancy
incomplete abortion
cervical ectopic pregnancy
patient sent from emergency dept with pelvic pain and bleeding.  beta- hcg is positive.
while the cervix represents an uncommon site for ectopic pregnancy, failure of recognition can result in life threatening hemorrhage.  most often, ectopic pregnancies in this location are mistaken for a pending spontaneous abortion with the gestational sac not yet passed but approaching passage.


Keywords by value: 
- sac: 0.35569007890675
- ectopic: 0.35327518235092703
- gestational: 0.29090164345520386
- abortion: 0.2465959841055963
- pregnancy: 0.24516678731419558
- cervix: 0.2323996248012755
- cervical: 0.1430460390546413
- dept: 0.13337046927529606
- approaching: 0.13337046927529606
- beat: 0.12985747489222738
- viewed: 0.1256356280049383
- threatening: 0.12329799205279815
- recognition: 0.12223668135456037
- pregnancies: 0.1212360510118867
- yolk: 0.11479856354456958
- mistaken: 0.11479856354456958
- sagital: 0.11116357378938878
- passage: 0.110102263091151
- passed: 0.107257163635283
- endometrial: 0.10200345309631692
- yet: 0.10105693799009687
- incomplete: 0.09796784482774162
- hcg: 0.09365429388029423
- sent: 0.09345422010199927
- fetal: 0.09267603576437487
- images: 0.09238574460452825
- uncommon: 0.09036220167185334
- color: 0.09003188498447823
- represents: 0.08923237321471017
- visible: 0.0880245657197132
- uterus: 0.0875922902988627
- able: 0.0875922902988627
- spontaneous: 0.08689473726257006
- evident: 0.08583342656433225
- cavity: 0.08244963029573307
- pending: 0.08213419356254975
- life: 0.08192701641022646
- bleeding: 0.08162077655934173
- site: 0.0805416175009655
- the: 0.07970443412280574
- pelvic: 0.07806184600440912
- transverse: 0.07694234268177505
- failure: 0.07581735622854954
- result: 0.07476031899916069
- in: 0.07452735278548857
- emergency: 0.07408949880416928
- view: 0.07312913380398896
- identified: 0.07079928706890844
- location: 0.06953702769469929
- heart: 0.0694358351293998
- hemorrhage: 0.06686018546729554
- positive: 0.06580399880394071
- often: 0.06516001759494695
- while: 0.06453888760785102
- show: 0.06339476248592577
- for: 0.06053487557446365
- with: 0.05866274619182609
- is: 0.05469583214596462
- without: 0.05267350615495631
- can: 0.052404469344441644
- most: 0.051971263704134886
- but: 0.04938196725061487
- within: 0.04599340643316458
- and: 0.04127056301569802
- be: 0.040510063958312394
- from: 0.0396609946171269
- not: 0.039423183806905286
- of: 0.03908514409693296
- an: 0.03818693395788144
- are: 0.03789312736057587
- pain: 0.035734336428002215
- was: 0.034802932470802156
- this: 0.034314417841570875
- patient: 0.03248012974933967
- on: 0.030160069986388455
- to: 0.02496533023219407
