Texto: 
normal
no treatment required.  since some cases of cavernous malformation are hereditary, recommended follow up studies to include gradient echo mr sequence to look for additional lesions.
mr images demonstrate a well delineated complex core of mixed signal intensities with a low signal hemosiderin rim; and, with enhancement of the medial aspect of the core after contrast administration.
cavernous malformation
• cavernous angioma (cavernous malformation)
• venous angioma
• arteriovenous malformation
• capillary telangectasia
• hemorrhagic neoplasm
56 year-old woman with worsening headaches.
see topic


Keywords by value: 
- cavernous: 0.43249343994437317
- malformation: 0.3845458189932185
- angioma: 0.2616491462452442
- core: 0.2500372018332066
- telangectasia: 0.17931715962372013
- delineated: 0.1620883038542488
- mr: 0.161305923261115
- intensities: 0.15681858794716713
- signal: 0.1413188563384705
- hemosiderin: 0.13944829901404118
- gradient: 0.1308245731226221
- capillary: 0.1308245731226221
- hereditary: 0.12814554717839707
- sequence: 0.12575939550302426
- look: 0.12538585909939154
- arteriovenous: 0.119567544985392
- topic: 0.11928558820240218
- 56: 0.11640279361468893
- echo: 0.11544214012767229
- hemorrhagic: 0.10812335998609329
- mixed: 0.1031802410154205
- rim: 0.09926340101009837
- administration: 0.09926340101009837
- recommended: 0.09915162916793636
- of: 0.09757227634109746
- additional: 0.0966275169308231
- complex: 0.0960395528267566
- worsening: 0.09518624645627605
- headaches: 0.09297716007571932
- studies: 0.09143598124130341
- since: 0.09029167019194145
- required: 0.08899318838165425
- venous: 0.08899318838165425
- neoplasm: 0.08509107893612607
- cases: 0.08383883622066296
- medial: 0.08113641824243047
- aspect: 0.08041518618864915
- some: 0.07842733025047302
- see: 0.07753876969423835
- include: 0.07416444704518096
- with: 0.0732229318147208
- enhancement: 0.07174524012735183
- lesions: 0.07158678151055484
- low: 0.07152371841483851
- follow: 0.06719611587584211
- woman: 0.06491710512361971
- demonstrate: 0.06480105945789566
- to: 0.062323528712627765
- up: 0.06165868690001539
- contrast: 0.06056393609359488
- after: 0.060468806002121255
- well: 0.060355193887436064
- treatment: 0.059376473969047966
- images: 0.05765801566558919
- normal: 0.050892957630266786
- the: 0.0497435998480268
- are: 0.04729826101043647
- no: 0.0405341232346637
- for: 0.037779863323370785
- and: 0.02575699074649411
