Texto: 
hr 102 bp 132/68 t afeb
eyes: proptotic. 
heart: regular rhythm but tachy rate.
remainder of pe unremarkable.

other data:
tsh: suppressed.
tsi (thyroid-stimulating immunoglobulin): detected.
raiu (131-i): 64%
thyroid scintigraphy: uniform distribution of increased scintigraphic activity.
axial ct image: bilateral proptosis. fusiform extraocular muscle bellies. nonthickened musculotendinous junctions. 
coronal ct image: bilaterally symmetric extraocular muscle thickness. no definite hypertrophy. (nb -frequency of extraocular muscle involvement is ir > mr > sr > obliques > lr).
thyroid ophthalmopathy (grave's disease)
conal (extraocular muscle) lesions:
1) graves orbitopathy
2) orbital pseudotumor
3) sarcoidosis
4) wegeners
5) orbital lymphoma
6) tolosa-hunt
34 year old woman with known graves disease has diplopia.
see factoid for discussion.


Keywords by value: 
- extraocular: 0.3858618006083204
- muscle: 0.25189155557523146
- thyroid: 0.20908965342355823
- graves: 0.19556013369139327
- orbital: 0.15557863680785353
- nonthickened: 0.14182813461994356
- obliques: 0.14182813461994356
- afeb: 0.1355243542853249
- nb: 0.1355243542853249
- proptotic: 0.13105175095971366
- tachy: 0.13105175095971366
- tsi: 0.12758253029820057
- wegeners: 0.12758253029820057
- bellies: 0.12474797062509502
- musculotendinous: 0.12474797062509502
- orbitopathy: 0.12235138456964596
- sr: 0.12027536729948382
- lr: 0.12027536729948382
- conal: 0.12027536729948382
- junctions: 0.11844419029047634
- immunoglobulin: 0.11397158696486515
- image: 0.11343584379365003
- grave: 0.11272716016593214
- ophthalmopathy: 0.11157500090941609
- ir: 0.10855645050592651
- raiu: 0.10602976297774083
- suppressed: 0.10195077650570225
- scintigraphic: 0.10079861724918622
- fusiform: 0.09564699617108358
- 102: 0.09486948239877532
- uniform: 0.09274613773965952
- diplopia: 0.09274613773965952
- scintigraphy: 0.09209825085911849
- pseudotumor: 0.09209825085911849
- proptosis: 0.08947666760234353
- definite: 0.08723401384662724
- data: 0.08700368318546677
- eyes: 0.08611503930978673
- tsh: 0.08568906649185022
- detected: 0.08507122220088041
- rhythm: 0.08409309873854544
- hypertrophy: 0.08353446252395366
- 64: 0.08335262378129062
- thickness: 0.08230411181042341
- remainder: 0.07804419354264233
- discussion: 0.07766343079088944
- 34: 0.07729177081514313
- regular: 0.07657408792393158
- hr: 0.07622729952523688
- symmetric: 0.07600033147580473
- distribution: 0.07523106328060056
- sarcoidosis: 0.07512421038393935
- disease: 0.07445441906564529
- pe: 0.07331671507831557
- bp: 0.07195604822189236
- coronal: 0.07062500818911073
- ct: 0.0675271445843734
- rate: 0.06720369830593072
- activity: 0.06511169436570663
- involvement: 0.0641889118620928
- factoid: 0.061936035742583634
- heart: 0.06166485964796809
- unremarkable: 0.059455007675308244
- bilaterally: 0.05914713553038834
- known: 0.0574179066589209
- mr: 0.05738384961295728
- see: 0.05516813033710226
- lymphoma: 0.05281797227541246
- of: 0.052066341260958326
- axial: 0.0512281916581593
- lesions: 0.0509333448075255
- increased: 0.04795714250040062
- bilateral: 0.04766309997178818
- woman: 0.046187930640242535
- other: 0.046056035594551986
- but: 0.04385533887473018
- has: 0.04050915603516121
- no: 0.02883966050181289
- year: 0.0273312624761267
- for: 0.026880029592428547
- old: 0.02624747292837615
- is: 0.024287248841496606
- with: 0.01736581696248501
