Texto: 
non-contributory
no acute treatment required.
osteogenesis imperfecta
• osteoporosis
• hyperparathyroidism
• multiple myeloma
• osteogenesis imperfecta
26 year old man arrived in er following motor vehicle accident.  ct scan of spine ordered to rule out fractures


Keywords by value: 
- imperfecta: 0.4658444750278035
- osteogenesis: 0.46287656350863887
- arrived: 0.24782622610411062
- osteoporosis: 0.21192576776657035
- myeloma: 0.20655088849905137
- hyperparathyroidism: 0.1894585222626336
- ordered: 0.1747445488427385
- vehicle: 0.17279923259431518
- accident: 0.1699460082748845
- 26: 0.161572840087062
- motor: 0.15821399612457995
- rule: 0.15786000630786784
- er: 0.14876619511108702
- fractures: 0.14704561810194333
- required: 0.1420044035573168
- spine: 0.13139175765457042
- out: 0.13073847957617515
- following: 0.11931991312966342
- scan: 0.11800399479150436
- acute: 0.1075962315725081
- man: 0.1052990882254151
- multiple: 0.09728535677281297
- treatment: 0.09474568699742625
- ct: 0.07572234858749916
- no: 0.06467937713358507
- year: 0.061296457810912065
- old: 0.058865817793912256
- to: 0.04972411756093721
- in: 0.04947937555728446
- of: 0.03892346469857338
