Texto: 
annual monitor for sega
muliple parenchymal calcifications
tuberous sclerosis
ts
cystcercosis
test case for ts


Keywords by value: 
- ts: 0.5803417877602675
- sega: 0.3568578057495136
- cystcercosis: 0.3568578057495136
- muliple: 0.32974304014105593
- monitor: 0.2279301456337666
- tuberous: 0.22252593401508788
- annual: 0.20624643098492262
- parenchymal: 0.2004548397968078
- test: 0.18149019721105344
- calcifications: 0.16285658975141779
- sclerosis: 0.15894149120356804
- for: 0.1352672148518435
- case: 0.1121057383463421
