Texto: 
anemia
none
posterior mediastinal masses
extramedullary hematopoiesis
bellman
<li>extramedullary hematopoiesis
<li>lymphadenopathy 
<li>lymphangioma
<li>meningocele
<li>neurogenic tumor
<li>neurofibromatosis
cough and anemia
this patient had thalassemia (from the gr. thalassa - sea and emma - blood; literally salt-water blood)


Keywords by value: 
- li: 0.6472066613901026
- hematopoiesis: 0.3138847789399734
- extramedullary: 0.2558407338552818
- anemia: 0.2090352135453591
- bellman: 0.18192557787243105
- thalassa: 0.18192557787243105
- sea: 0.18192557787243105
- emma: 0.18192557787243105
- literally: 0.17383960196060302
- thalassemia: 0.14982940996233488
- meningocele: 0.1404563765038333
- gr: 0.1392473717784733
- blood: 0.1321338941300457
- lymphangioma: 0.12859644761804156
- neurogenic: 0.12373802144876823
- neurofibromatosis: 0.11281024225810146
- lymphadenopathy: 0.09196789573913741
- mediastinal: 0.09185862165538412
- cough: 0.08493176592345796
- masses: 0.07744502101005822
- none: 0.06216863267498669
- tumor: 0.05950261332157707
- posterior: 0.058825815546967544
- had: 0.05667896982883585
- and: 0.04701385351819692
- from: 0.045180294502073046
- this: 0.039089677874086314
- patient: 0.03700012674182943
- the: 0.022699063913757627
