Texto: 
in type 2 occipital condyle fractures, the alar and apical ligaments are intact and the injury is considered stable.  treatment is with semi-rigid cervical collar or halo device.  complete fusion is usually present at 18months to 2 years.

mowafi ho, hickey ks.  occipital condyle fracture in a victim of a motor vehicle collision.  j emer med.  2005; 31(3):259-262.
ct of the head and neck demonstrates a nondisplaced fracture of the right occipital condyle with extension posteriorly into the occipital bone.  the atlantoaxial and atlantooccipital relationship is normal.  there is extensive subcutaneous air.
occipital condyle fractures
occipital condyl fracture
40 y/o woman passenger on motorcyle involved in collision with car.


Keywords by value: 
- occipital: 0.47001911227422194
- condyle: 0.35557376408990243
- collision: 0.20282785329792985
- fracture: 0.15608845263483173
- 18months: 0.14640405463686373
- mowafi: 0.14640405463686373
- hickey: 0.14640405463686373
- emer: 0.14640405463686373
- atlantooccipital: 0.14640405463686373
- condyl: 0.14640405463686373
- motorcyle: 0.13989689015217677
- fractures: 0.13536210868040258
- ks: 0.13527998347561018
- alar: 0.13169883243927638
- is: 0.12535424356732577
- victim: 0.12057476127802284
- atlantoaxial: 0.12057476127802284
- ho: 0.11636417104558676
- halo: 0.11406759679333586
- the: 0.10960201525150254
- collar: 0.10720770069659978
- nondisplaced: 0.10524009988433321
- passenger: 0.10294352563208231
- device: 0.09832661895551574
- relationship: 0.09716597052700912
- apical: 0.09411602872307966
- ligaments: 0.0923635283470473
- car: 0.0923635283470473
- med: 0.0920891859007626
- subcutaneous: 0.08720254779426219
- 2005: 0.08700318321435521
- 31: 0.08123945718579376
- posteriorly: 0.08069538330957522
- vehicle: 0.07953473488106862
- fusion: 0.07690166436696336
- and: 0.07566851082363014
- involved: 0.07340520293243154
- motor: 0.0728215516198818
- stable: 0.07241728232701358
- considered: 0.07133667716816822
- extensive: 0.07053589852647281
- in: 0.06832198774172529
- 40: 0.06732832272815217
- intact: 0.0662598925419217
- cervical: 0.06556780404453416
- extension: 0.06480465033567563
- complete: 0.06417138957929838
- type: 0.06141342627691929
- air: 0.059880171150193694
- injury: 0.05969841787918144
- usually: 0.057632414098469927
- years: 0.05611726684284764
- neck: 0.056002015774478595
- head: 0.0546008170962699
- with: 0.053778314624295706
- of: 0.05374620128183682
- bone: 0.04995105750690245
- into: 0.0486649660569415
- woman: 0.04767813057076525
- present: 0.046975890444936934
- demonstrates: 0.04599236552355052
- treatment: 0.043608834271599166
- normal: 0.0373781467058275
- there: 0.03642638457306179
- ct: 0.03485291473265917
- are: 0.03473803491285416
- at: 0.034578572286374475
- or: 0.031847673810515974
- right: 0.030351716144185435
- on: 0.027648854479382954
- to: 0.022886643927921797
