Texto: 
rbcs in urine.
incidentally noted air within biliary tree.
pneumobilia secondary to prior sphincterotomy.
pneumobilia secondary to:
-recent gallstone passage
-sphincterotomy
-fistula
72 year old male with hematuria, status post fall.


Keywords by value: 
- pneumobilia: 0.5158466839720023
- sphincterotomy: 0.5158466839720023
- rbcs: 0.21024697356015487
- secondary: 0.20691216404627658
- gallstone: 0.20309878745106166
- passage: 0.19244124123308673
- tree: 0.18386451503809936
- 72: 0.16823418755889327
- biliary: 0.1623173774836401
- urine: 0.1562384184892155
- hematuria: 0.15436720526846606
- incidentally: 0.14870218627652126
- fall: 0.1454352819895114
- status: 0.12180689731750048
- air: 0.11416688164022577
- prior: 0.09765715701334314
- post: 0.09497445764930791
- noted: 0.09254248270858285
- to: 0.08727085171173855
- within: 0.08038915798859171
- male: 0.07771329129325125
- year: 0.053790739207339684
- old: 0.05165772976551049
- in: 0.04342065238017876
- with: 0.034177716165411744
