Texto: 
the tooth was insensitive to cold, but tender to percussion.  a radiograph was taken.
a root canal procedure and composite crown restoration were performed.
adjacent molars have crowns and root canal materials
tooth no 20 shows a subtle loss of the lamina dura around the tip of the root.
peri-apical abscess, root canal endodontic procedure
• periapical abscess
• non-infected dead tooth
• hyperparathyroidism
• cushing's syndrome
this 61 y.o. man is having a routine 6 mo. dental visit, and casually mentions altered sensation in tooth no 20.


Keywords by value: 
- tooth: 0.4667111176996849
- root: 0.37455754502494254
- canal: 0.22854767442915339
- crowns: 0.1582832402303943
- endodontic: 0.1582832402303943
- casually: 0.1582832402303943
- procedure: 0.1578164629169705
- insensitive: 0.1512480861706033
- composite: 0.14625656492878453
- restoration: 0.14625656492878453
- crown: 0.14238484026110843
- molars: 0.14238484026110843
- materials: 0.14238484026110843
- mentions: 0.13922141086899353
- periapical: 0.13422988962717478
- dead: 0.128704454726531
- 20: 0.12770560791911525
- cushing: 0.12719473556738375
- abscess: 0.12710985681286047
- lamina: 0.12220321432556501
- mo: 0.11017653902395523
- dental: 0.1096426253651302
- dura: 0.1076575114047065
- percussion: 0.10587637716097387
- cold: 0.10545826476503072
- visit: 0.10208949777149014
- 61: 0.10046674352321196
- altered: 0.10046674352321196
- hyperparathyroidism: 0.09427813905466934
- tip: 0.09302331592502298
- subtle: 0.08532835518615382
- having: 0.08532835518615382
- sensation: 0.08481800001678107
- taken: 0.07908803436094466
- around: 0.07899790000335875
- the: 0.0789967288488869
- routine: 0.07664734016962763
- tender: 0.07235675540288544
- was: 0.06898782608019094
- radiograph: 0.06446435007369265
- no: 0.06437135937243818
- adjacent: 0.06415588284144136
- and: 0.0613561750711774
- loss: 0.06029945198243812
- syndrome: 0.05966844335945813
- performed: 0.05855418045616963
- shows: 0.05809000797260927
- man: 0.052398815125792496
- were: 0.05101896801622858
- to: 0.04948732011413292
- have: 0.049443650197408234
- but: 0.048943498813515104
- of: 0.03873810239324733
- this: 0.03400973599111676
- is: 0.02710509063110389
- in: 0.02462187181351146
