Texto: 
pe: vss. abd: tender ruq with no rebound. mild distention.
- hida scan or cholangiogram for leak localization. percutaneous/endoscopic stent placement versus drain placement to be considered.
post-op day 2:
- homogeneous fluid collection around the liver which appears to be layering in morrison's pouch and delineating gerota's fascia. likely extracapsular by its appearance. 
- clips/free intraperitoneal air in gallbladder fossae.
post-op day 11:
- subcapsular hepatic collection of homogeneous attenuation. no complicated features appreciated. 
- clips in gallbladder fossae.
biliary leak
- subcapsular hematoma.
- bile leak/biloma.
- abscess.
11 days s/p cholecystectomy with abdominal pain and elevated lfts.


Keywords by value: 
- leak: 0.32558737138811183
- fossae: 0.2799359335968526
- subcapsular: 0.24441716068016803
- clips: 0.22816976001750777
- gallbladder: 0.18131189165943992
- homogeneous: 0.17915540692858026
- collection: 0.1638469319784226
- placement: 0.1584470244986898
- 11: 0.15190602211358004
- delineating: 0.14270962173448237
- cholangiogram: 0.1399679667984263
- morrison: 0.1336243060262976
- gerota: 0.1336243060262976
- hida: 0.13192916186469067
- extracapsular: 0.13038161649230579
- day: 0.12925052050165092
- fascia: 0.11805361125012921
- lfts: 0.1173275695427457
- vss: 0.11663000750842427
- localization: 0.11595877494157153
- layering: 0.1135016949089814
- pouch: 0.11185878441788992
- intraperitoneal: 0.10768203265279719
- ruq: 0.10298395107189655
- stent: 0.10235983257769916
- drain: 0.10117368966680482
- distention: 0.0985141852325855
- bile: 0.0985141852325855
- cholecystectomy: 0.0985141852325855
- rebound: 0.09664029029976785
- complicated: 0.0962011185538607
- abd: 0.09434892655482448
- biliary: 0.09434892655482448
- appreciated: 0.09146821264588896
- versus: 0.08972779340163968
- pe: 0.08387311331168411
- be: 0.08231268611284324
- features: 0.08163426364926109
- around: 0.08097720283776129
- hepatic: 0.08079384500732864
- considered: 0.07905729092706869
- attenuation: 0.07762732497745226
- in: 0.07571632820631828
- its: 0.07507202267657363
- appears: 0.07429580267641993
- tender: 0.07416966348083451
- hematoma: 0.07101096726482245
- liver: 0.06998852761842851
- elevated: 0.06916340179947349
- air: 0.06636087212506041
- no: 0.06598419229653861
- abscess: 0.06514730554468008
- days: 0.06422556810387473
- appearance: 0.061163444100753035
- likely: 0.06062715567159793
- scan: 0.0601922794339901
- fluid: 0.05857803220780826
- mild: 0.05751210244378878
- abdominal: 0.05548857299292165
- to: 0.05072723146576029
- which: 0.046132716193506396
- by: 0.04308378757341538
- and: 0.04192897476917472
- with: 0.039732416606189674
- pain: 0.03630442574560948
- or: 0.03529447843292361
- for: 0.03075031069543901
- the: 0.0202440005849648
- of: 0.019854345336487316
