Texto: 
tenderness lower thoracic spine
the patient underwent resection, grafting and fusion. no early evidence of recurrence.
plain film and ct: 6.1 x 2.2 cm expansile lytic lesion involving the left t11 vertebral body, pedicle, lamina and transverse process narrowing the spinal canal without associated soft tissue mass.
bone scan: intense radiopharmaceutical uptake in the left t11 vertebral body and posterior elements correlating to the ct abnormality.
giant cell tumor
osteoblastoma
aneurysmal bone cyst
giant cell tumor
expansile metastasis
24 year-old male with back pain.
unusual location and presentation for a giant cell tumor.


Keywords by value: 
- giant: 0.3492939214529136
- t11: 0.29671249994271776
- expansile: 0.2362229866927449
- cell: 0.22400532289028477
- tumor: 0.20482227951399365
- vertebral: 0.19935394283655658
- body: 0.17180959068530002
- correlating: 0.16421702179258382
- lamina: 0.16116152216885737
- radiopharmaceutical: 0.15846638049425954
- grafting: 0.15094946605715717
- pedicle: 0.14918842374634816
- osteoblastoma: 0.14835624997135888
- bone: 0.1424410746499731
- and: 0.1348608084697657
- the: 0.13022604538176738
- elements: 0.1294399785264075
- aneurysmal: 0.12805275035849986
- intense: 0.12321752140222256
- unusual: 0.11704701039989521
- lytic: 0.1099499656667959
- fusion: 0.10964688498625018
- recurrence: 0.10776905365198383
- narrowing: 0.10118623857867026
- transverse: 0.10057053532974626
- canal: 0.10046950974908274
- uptake: 0.1003689282383388
- ct: 0.09938701755248801
- process: 0.09789790448515
- thoracic: 0.09754036194751081
- film: 0.09754036194751081
- metastasis: 0.09566790645183397
- abnormality: 0.09494397854814232
- early: 0.09408919384557098
- spinal: 0.09268402584385446
- 24: 0.0925410112729913
- involving: 0.09142797694642534
- location: 0.09089112518212661
- underwent: 0.0899172651535097
- presentation: 0.08985379144609287
- left: 0.08905238566599208
- back: 0.08705324996813861
- spine: 0.08622708597830564
- plain: 0.08611915060434978
- resection: 0.08367060680353504
- tenderness: 0.0818576630627327
- scan: 0.07744123974215394
- cyst: 0.07529720486159448
- cm: 0.0749641239171232
- evidence: 0.07408829633511259
- soft: 0.06949071228621052
- without: 0.06884899168729638
- associated: 0.06879842314328763
- tissue: 0.06847242383310907
- posterior: 0.0674975263662379
- lower: 0.06670031793845047
- lesion: 0.06257837151259779
- male: 0.05811640684984236
- mass: 0.049858486108419205
- pain: 0.046707979234283
- patient: 0.04245443955327394
- no: 0.04244645412068508
- for: 0.039562252918544365
- to: 0.03263192331587756
- in: 0.03247130905689984
- with: 0.02555915500184195
- of: 0.02554389253214077
