Texto: 
decreased urine output.
thrombectomy
in the transplant kidney, ultrasound demonstrated mildly elevated ri, with reversal of flow in diastole in the renal arteries.  only a small amount of venous flow was detected.

tc99m-mag3 images demonstrate no flow to the transplant kidney.
renal vein thrombosis in a transplant kidney
renal vein thrombosis
atn
acute rejection
45 year old male, post op day 1 from renal transplant, with decreased urine output.
surgical treatment revealed renal vein thrombosis.  post thrombectomy, there was improved flow to the transplant kidney with decreased ris.


Keywords by value: 
- transplant: 0.47960342920737536
- renal: 0.2986401427160637
- kidney: 0.2695308912204504
- flow: 0.2555406132758313
- thrombectomy: 0.24382788196038785
- thrombosis: 0.2346004582802456
- output: 0.22613636855337121
- vein: 0.20624885050807215
- decreased: 0.1782323185974021
- urine: 0.1717096940439634
- ris: 0.1533865202311053
- atn: 0.14173190745101472
- ri: 0.1349143960142362
- diastole: 0.1349143960142362
- rejection: 0.1349143960142362
- reversal: 0.10901327289815196
- post: 0.1043791611733429
- in: 0.09544063499214729
- detected: 0.09200416250391344
- op: 0.09014550567279914
- improved: 0.08511402005976373
- mildly: 0.07744856162460595
- 45: 0.07690612580772578
- amount: 0.07672913415174362
- the: 0.07655285126924105
- arteries: 0.07612393584294737
- venous: 0.06847797842305305
- was: 0.0668535883227213
- elevated: 0.06538549024694987
- revealed: 0.06288994855395015
- day: 0.061095235542175316
- only: 0.059921295637289596
- ultrasound: 0.05916120907001705
- demonstrated: 0.05894583857843433
- with: 0.05634317003428988
- acute: 0.051885520726476037
- demonstrate: 0.04986275502702999
- small: 0.0494753984767798
- to: 0.04795635859375106
- surgical: 0.04661707550758109
- treatment: 0.04568867547314027
- images: 0.044366365836131856
- male: 0.0427043668265071
- there: 0.038163672366319214
- from: 0.038092764292599786
- of: 0.0375396834043044
- no: 0.031189969330651355
- year: 0.029558643325388222
- old: 0.028386529570682436
