Texto: 
elevated wbc, pmn's.
negative blood culture.
failed oral antibiotics. admitted and treated with iv antibiotics.
enlargement and enhancement of left parotid, submandibular and sublingual glands with inflammatory stranding.  no stones or masses. reactive cervical adenotpathy seen.
sialadenitits
bacterial or viral infection.
inflammatory disease by stones or radiation
autoimmune diseases including  sj?gren disease, lupus
granulomatous diseases: tuberculosis, tularemia, sarcoidosis, catscratch disease, actinomycosis
drug-related 
benign neoplasms
malignant neoplasms.
endocrine causes including hypothyroidism and diabetes mellitus
metabolic causes icluding vitamin deficiency,  bulimia, malabsorption
30 year old male complains of neck soreness and dysphagia with fever.
unilateral envolvement of all 3 sets of glands.


Keywords by value: 
- glands: 0.2174941484150438
- stones: 0.1934395590911662
- neoplasms: 0.19096113340128157
- diseases: 0.18827045938842604
- adenotpathy: 0.16385379065865002
- sialadenitits: 0.16385379065865002
- tularemia: 0.16385379065865002
- icluding: 0.16385379065865002
- bulimia: 0.16385379065865002
- envolvement: 0.16385379065865002
- gren: 0.1565710444949599
- catscratch: 0.1565710444949599
- causes: 0.1548398476838101
- sets: 0.15140385385977523
- antibiotics: 0.15096747965881185
- pmn: 0.14739586942464544
- including: 0.14664907105177177
- sublingual: 0.1441211076960851
- soreness: 0.1441211076960851
- inflammatory: 0.1385634165647841
- sj: 0.13683836153239495
- actinomycosis: 0.13683836153239495
- malabsorption: 0.1316711708972103
- disease: 0.12902558608577538
- parotid: 0.12161965314333267
- submandibular: 0.11848801139176603
- autoimmune: 0.11462429650398957
- mellitus: 0.11405404346315089
- endocrine: 0.11144636229875886
- vitamin: 0.10753573019994583
- or: 0.10693068761907022
- lupus: 0.10677129729946075
- hypothyroidism: 0.10677129729946075
- and: 0.10585919531651582
- failed: 0.10337223429917691
- deficiency: 0.10025298403625568
- culture: 0.0992408029033456
- bacterial: 0.09588421204883701
- viral: 0.09450944035607145
- unilateral: 0.0937686565203315
- diabetes: 0.09358813779401645
- metabolic: 0.09288367644199783
- dysphagia: 0.09254154301035607
- stranding: 0.09171367933619393
- granulomatous: 0.09107780896594121
- tuberculosis: 0.09016431743339792
- complains: 0.08915416986540133
- reactive: 0.08793367662828071
- sarcoidosis: 0.08679086610447082
- admitted: 0.083951932463821
- oral: 0.08205950355719668
- of: 0.08020286810931283
- enlargement: 0.07854994813126921
- cervical: 0.07338275749608457
- iv: 0.07320865472342913
- malignant: 0.07303622336318862
- wbc: 0.07241777077286339
- benign: 0.0703822218892454
- 30: 0.06989543160527069
- elevated: 0.06984747039632169
- masses: 0.06975193047914909
- fever: 0.06946832255409158
- radiation: 0.06789765657801261
- treated: 0.06380393707757387
- negative: 0.06343149002336368
- neck: 0.06267683358861928
- infection: 0.06189099250672125
- all: 0.06099123200748215
- with: 0.06018809197792264
- blood: 0.0595041106393475
- enhancement: 0.05897345277965313
- seen: 0.048236733447530857
- male: 0.04561856134201364
- by: 0.043509912739983995
- left: 0.034950902321378936
- no: 0.033318408277690906
- year: 0.03157575873221806
- old: 0.030323658603065122
