Texto: 
mild proptosis o.d.
radiation therapy
enhancing mass centered on right sphenoid ridge with extension into right orbit and middle cranial fossa.
lesion enhances following contrast.
pheochromocytoma, metastatic to orbit
• meningioma
• metastatic disease
• chondrosarcoma
• fibrous dysplasia
59 year old woman presents now with headache and proptosis. previous diagnosis of pheochromocytoma, 3 yrs ago.
she has a three year history of pheochromocytoma metastatic to ribs and pelvis - treated with radiation.  she presents now with headache and proptosis


Keywords by value: 
- pheochromocytoma: 0.45537945630917054
- proptosis: 0.40642988649187234
- orbit: 0.24872435028702813
- metastatic: 0.2209365963960386
- headache: 0.1851329452450636
- now: 0.18435260360541064
- radiation: 0.17796936829412888
- she: 0.15986665194226013
- ridge: 0.15939116261841038
- yrs: 0.14947589570492814
- centered: 0.13993134144841093
- sphenoid: 0.13507422984876466
- ribs: 0.13173228294776115
- presents: 0.12919064253464346
- 59: 0.1273253668280395
- chondrosarcoma: 0.12312944495519612
- enhances: 0.11836207092369865
- and: 0.11098877379933615
- cranial: 0.10975122756897189
- fossa: 0.10541410819807734
- with: 0.10517433883089844
- fibrous: 0.10430875174732195
- dysplasia: 0.10284358228575868
- previous: 0.10146428929908957
- meningioma: 0.10061845816653167
- ago: 0.0982493329985156
- middle: 0.09602093560288623
- extension: 0.0950539213599171
- pelvis: 0.09391582577573837
- three: 0.09013882545072588
- right: 0.08903835217268903
- enhancing: 0.0841180295273784
- treated: 0.08361957502412035
- year: 0.0827645329485561
- following: 0.08055487408507998
- therapy: 0.07715222263120995
- mild: 0.07611917252923998
- into: 0.07138061593726405
- woman: 0.0699331490932599
- diagnosis: 0.069609487755597
- to: 0.06713917105789818
- contrast: 0.06524361744786122
- lesion: 0.06437653013643731
- has: 0.06133491605663723
- disease: 0.05636572062218811
- of: 0.05255576735697677
- history: 0.05130250325312441
- mass: 0.051291145102260044
- on: 0.04055468281615347
- old: 0.03974130064234014
