Texto: 
bump in the right thoracic wall where a tunneled catheter was placed
removal and replacemnt of catheter.
interval change in the appearance of a port-a-cath demonstrating discontinuity of the port and the catheter
catheter failure
catheter failure
migration of catheter
hematoma at catheter site
65 year old with a moist feeling in the right chest


Keywords by value: 
- catheter: 0.7456713776110618
- port: 0.2724052861442385
- replacemnt: 0.19164317253945867
- failure: 0.1819632466047713
- tunneled: 0.17708174325264614
- discontinuity: 0.1479588846790211
- bump: 0.14327115148988048
- moist: 0.1327510135624201
- feeling: 0.12719043130915347
- migration: 0.12670747436529572
- the: 0.11955769697097852
- interval: 0.10843559050647796
- 65: 0.1025426447988225
- demonstrating: 0.09881348665925885
- site: 0.09665078641819404
- where: 0.0941764355256303
- of: 0.0938051663586647
- placed: 0.09337983954638779
- removal: 0.09160084250063331
- change: 0.09080800494376785
- thoracic: 0.08954968264584026
- in: 0.08943360563
- hematoma: 0.08387578996781066
- right: 0.0794609027504924
- wall: 0.07289736529767817
- appearance: 0.07224422351509165
- chest: 0.0632552889864413
- and: 0.0495251088214243
- at: 0.0452634137168031
- was: 0.04176388427910585
- year: 0.0369309648221027
- old: 0.035466510199946136
- with: 0.02346530373080287
