Texto: 
non-contributory
none to date
bilateral extra-axial isodense fluid collections.
both lateral ventricles appear "small for age"
sulci not visible over both hemispheres.
bilateral subacute (isodense) subdural hematomas
• bilateral subdural hematoma
• bilateral epidural hematoma
• bilateral subdural empyema
• brain swelling
77 year old man with history of headache for two weeks.  no known episode of trauma


Keywords by value: 
- subdural: 0.4443436195406374
- bilateral: 0.4057068540965201
- isodense: 0.33781010160898617
- hematoma: 0.21134681809217523
- both: 0.1683859583442663
- hematomas: 0.16806475235318766
- empyema: 0.1628288631806186
- sulci: 0.1552147305458156
- 77: 0.15098977105949501
- collections: 0.14772815082321075
- hemispheres: 0.14660171793043777
- subacute: 0.14129053090322707
- date: 0.13954480962553784
- episode: 0.13817314632665512
- epidural: 0.1371248042160898
- visible: 0.13308160519118403
- ventricles: 0.13264412121331706
- appear: 0.11890794867785867
- headache: 0.10407806037318847
- swelling: 0.10161585794872918
- known: 0.09774789425440922
- age: 0.09478574283869753
- brain: 0.0941195444251044
- for: 0.09152079701421412
- weeks: 0.09048432539437741
- two: 0.08965919477586642
- trauma: 0.08768249958476605
- fluid: 0.08717161020389452
- over: 0.08395063575710086
- none: 0.08250874833591205
- man: 0.07992984682339714
- small: 0.07787975058301973
- lateral: 0.0749272710760782
- not: 0.05960268636230362
- of: 0.059091614630751695
- history: 0.057682494315708537
- no: 0.049096462220575995
- year: 0.04652857461742483
- old: 0.04468353789853401
- to: 0.037744306879145685
- with: 0.029563460928206407
