Texto: 
grade 2 (25-50%) spondylolisthesis at l5-s1 without frank pars defect.
spondylolisthesis
• spondylolisthesis w/o spondylolysis
43 y/o man with chronic, increasing low back pain.


Keywords by value: 
- spondylolisthesis: 0.722861838571682
- spondylolysis: 0.24910447259885507
- pars: 0.24399953725344942
- frank: 0.21350777246801497
- 43: 0.19498748438059535
- increasing: 0.16409848301463945
- defect: 0.15284112461437713
- grade: 0.14982696723072286
- back: 0.13895924680246155
- chronic: 0.12367488598942598
- low: 0.11955649636740445
- man: 0.11030689501545754
- without: 0.10990059568686095
- at: 0.07869915670179013
- pain: 0.07455787826918005
- with: 0.04079894695790492
