Texto: 
normal neurologic exam.
no neck scars
none required
• no evidence of left lobe or isthmus of thyroid gland.
• no surgical clips present
• no scar on neck
thyroid  gland hemiagenesis
• surgical absence of left lobe of thyroid gland
• thyroiditis
• thyroid adenoma
• congenital hypoplasia/absence
46 year old woman for vascular workup of suspected tia.  no history of neck surgery.
patient had been told as a child that she was "missing her thyroid gland".


Keywords by value: 
- thyroid: 0.49385806405043176
- gland: 0.4083885169997503
- neck: 0.23065084917075904
- no: 0.20435299408783114
- hemiagenesis: 0.20099407171353864
- absence: 0.2004013401478214
- missing: 0.16343380616609846
- isthmus: 0.15812034610988837
- tia: 0.15139195268761052
- told: 0.148161876967981
- of: 0.1475733423034821
- scars: 0.14718248299545572
- lobe: 0.1452626927767181
- clips: 0.14132831515261443
- thyroiditis: 0.13922837107341376
- surgical: 0.12217182844397176
- scar: 0.11864298181908622
- workup: 0.11838223633190537
- 46: 0.11547259927202816
- child: 0.10403674484402672
- suspected: 0.10298108250224117
- neurologic: 0.10042899063026668
- adenoma: 0.1002006700739107
- congenital: 0.09030423589514072
- required: 0.0897319248472666
- left: 0.08574625145256312
- vascular: 0.08297381768276581
- her: 0.07851944991217791
- she: 0.07481594420691409
- been: 0.07322419120893929
- evidence: 0.0713377147589278
- none: 0.06868482574215577
- surgery: 0.06757235997214912
- woman: 0.06545598493755718
- present: 0.06449189891848513
- exam: 0.0632687570882529
- had: 0.06261976495913546
- that: 0.05454159836931896
- normal: 0.051315422364119304
- as: 0.05049121950762209
- history: 0.048018084752873454
- was: 0.04380168122139688
- or: 0.043722789301550186
- patient: 0.04087828778519579
- year: 0.03873294776716103
- for: 0.03809347567067913
- on: 0.03795834653493951
- old: 0.03719703759907845
