Texto: 
later, chest ct demonstrated lung mets as well. patient is undergoing chemotherapy.
axial ct images and ultrasound images demonstrating the liver with too numerous to count hypodense lesions with central necrosis.
malignant metastatic melanoma
metastatic disease
hepatocellular carcinoma
51 y/o female with h/o neuroblastoma removed over 20 years ago, no interval recurrence of disease.  now with elevated lft’s and abdominal pain.


Keywords by value: 
- lft: 0.23768104756640338
- metastatic: 0.21115738986970511
- mets: 0.1979052634327293
- hepatocellular: 0.1979052634327293
- too: 0.19364325973230087
- hypodense: 0.18692331265652623
- 51: 0.1837922300133878
- melanoma: 0.1797700040450894
- images: 0.1780916314387631
- neuroblastoma: 0.17686526511087883
- undergoing: 0.17483985190140372
- interval: 0.1741908557973576
- removed: 0.16353184296234816
- numerous: 0.16260721642941597
- disease: 0.16161249841159842
- count: 0.15893782351103397
- recurrence: 0.15893782351103397
- demonstrating: 0.1587339149913958
- with: 0.15077858918172427
- necrosis: 0.14714752852285218
- ct: 0.1465759948682132
- ago: 0.14085085755927315
- later: 0.1377652495993761
- malignant: 0.13722355647071655
- chemotherapy: 0.13669042125426034
- liver: 0.13279800669824904
- now: 0.13214452209817623
- elevated: 0.131232392050233
- central: 0.12855198384640587
- 20: 0.12419150690036218
- ultrasound: 0.11873990626237521
- demonstrated: 0.11830764545526515
- years: 0.11800224285212617
- lung: 0.11710227598951078
- carcinoma: 0.11514706186064204
- axial: 0.11119710753076674
- lesions: 0.11055710608051426
- over: 0.1070405664876635
- abdominal: 0.1052854251794552
- chest: 0.101613251431495
- well: 0.09321128052305921
- female: 0.09289195398508233
- and: 0.07955709973789274
- as: 0.07733560152179215
- pain: 0.06888493782332528
- patient: 0.06261181658668023
- no: 0.06260003966898023
- is: 0.05271846875009187
- to: 0.048125567526583445
- the: 0.03841147994908878
- of: 0.037672138201832246
