Texto: 
surgical excision
pedunculated bony excresence.
osteochondroma
osteochondroma
trauma
23 year old male wil chest wall lesion


Keywords by value: 
- osteochondroma: 0.5627291281595936
- excresence: 0.40664503437203453
- wil: 0.40664503437203453
- pedunculated: 0.29770128405342255
- 23: 0.21942362704612575
- excision: 0.20980769113143458
- bony: 0.2050300964485991
- wall: 0.16187470796248996
- trauma: 0.1545435887859439
- chest: 0.14046366957091141
- surgical: 0.12933567899544798
- lesion: 0.1275766257458636
- male: 0.11848015388006851
- year: 0.08200830195904589
- old: 0.0787563577588971
