Texto: 
(+)rbc in urine
scout and ct images show a 4mm nephrolith in the proximal right ureter with associated mild dilation of the proximal ureter and renal pelvis.
nephrolithiasis - kidney stones
nephrolith
40 y/o male presents with acute right flank pain to emergency room.


Keywords by value: 
- nephrolith: 0.5648778105676446
- ureter: 0.36263924907295597
- proximal: 0.230937021164319
- 4mm: 0.21124723134133958
- scout: 0.206771059923262
- nephrolithiasis: 0.19398397714302065
- rbc: 0.185919564230464
- stones: 0.1744730562554718
- urine: 0.16544253935854641
- dilation: 0.16264764148246916
- flank: 0.1621164701255385
- room: 0.15125217838154909
- emergency: 0.13712540200194062
- 40: 0.13592966752334418
- kidney: 0.12984670238730509
- pelvis: 0.1292681025989884
- right: 0.12255462536621174
- show: 0.11733150353300713
- renal: 0.11509608433102035
- mild: 0.10477234186021332
- acute: 0.09998354900953792
- associated: 0.09741691777895203
- in: 0.09195719029730634
- presents: 0.08891062340161929
- images: 0.08549411571557057
- male: 0.08229143880097183
- and: 0.07638386864152398
- the: 0.07375878327450561
- with: 0.0723823014410718
- ct: 0.07036481706158564
- pain: 0.06613737880605894
- to: 0.046206021088756065
- of: 0.03616953942934559
