Texto: 
fatty villous synovial proliferation with small effusion within the elbow.
lipoma arborescens (mri)
lipoma arborescens (decreased signal intensity of villous synovial proliferation on fat-saturated t2w image confirms diagnosis).
26 yo male has chronic swelling of left elbow.
see factoid.


Keywords by value: 
- villous: 0.4342125156330056
- arborescens: 0.418644644414654
- proliferation: 0.3315501586819488
- synovial: 0.317352356758744
- elbow: 0.2914003330901276
- lipoma: 0.2677674243685726
- t2w: 0.15572152691298438
- confirms: 0.14912974109811028
- fatty: 0.14668418128769592
- 26: 0.12538094126942922
- effusion: 0.11461354043866083
- intensity: 0.10959543616718953
- factoid: 0.10779093941714575
- swelling: 0.10388199589913318
- image: 0.0987095478382976
- yo: 0.09642624244454637
- see: 0.09601235409445547
- decreased: 0.09560470158810308
- chronic: 0.09161501062532117
- signal: 0.08749401188913197
- diagnosis: 0.08001155486740287
- small: 0.07961654897184234
- mri: 0.07922722681189699
- within: 0.07108672597893861
- has: 0.07050047571939771
- male: 0.06872050387527097
- of: 0.060409418300066374
- left: 0.052650577917469216
- on: 0.046614956292562
- the: 0.030797497441441474
- with: 0.030222756456552948
