Texto: 
no neurological deficits or seizures.
resection with no recurrence of disease.
t1w gray matter isointense mass in fourth ventricle on t1 mri.
choroid plexus papilloma
• choroid plexus papilloma
• ependymoma
• subependymoma
• metastasis to choroid plexus
46 year old woman with history of new onset headaches.
choroid plexus papillomas are most commonly found in the fourth ventricle in adults. this patient's tumor location is classic. hydrocephalus is not seen here but is a common complication of this benign tumor.


Keywords by value: 
- choroid: 0.4766260215741615
- plexus: 0.45819083543379696
- papilloma: 0.23300933334936297
- fourth: 0.2278636388562001
- ventricle: 0.18704609641032893
- papillomas: 0.17528504653748506
- subependymoma: 0.15552192192842776
- tumor: 0.13291397410728487
- t1w: 0.1301954883194365
- here: 0.1210248185357032
- adults: 0.11865027340798864
- 46: 0.11673311225224618
- complication: 0.11539631620362342
- isointense: 0.11496797129928399
- deficits: 0.10920600360760284
- gray: 0.10872002254167108
- ependymoma: 0.1073226358865914
- recurrence: 0.10490079429338454
- is: 0.10438438988876081
- neurological: 0.10436727780230752
- seizures: 0.10371786595326538
- hydrocephalus: 0.10371786595326538
- matter: 0.09674154206562419
- classic: 0.0950308360507955
- in: 0.09482126815777403
- headaches: 0.09477234283740009
- commonly: 0.09401438978875196
- metastasis: 0.09312171755344957
- location: 0.0884720696965034
- new: 0.08789847794981102
- this: 0.0873165755718897
- benign: 0.08727801307808204
- no: 0.08263349452017027
- found: 0.08221019145215847
- onset: 0.08158544233650608
- resection: 0.08144372447626777
- t1: 0.07916302632779045
- of: 0.0745921354553092
- common: 0.07205457578109482
- woman: 0.06617051045414639
- most: 0.06612312054571867
- mri: 0.06521861657119594
- but: 0.0628287545957315
- seen: 0.0598163305969864
- disease: 0.05333305526842725
- not: 0.05015817875817063
- with: 0.04975780282564628
- history: 0.04854225602378784
- mass: 0.04853150897964274
- are: 0.04821148553519356
- or: 0.044200072603332516
- patient: 0.04132452016142332
- year: 0.03915576135004052
- on: 0.03837270447627405
- old: 0.03760308499919664
- to: 0.031763428917271165
- the: 0.025352019221303184
