Texto: 
vss.
normal height and weight for age.
unremarkable pe.
see factoid.
1) vcug - grade v reflux with a tortuous dilated ureter. a hydronephrotic lower pole has markedly blunted calyces. configuration and position of the left lower pole collecting system is likened to a 'drooping lily', pathognomonic of a duplex system. 
2) dynamic renal scintigraphy - delayed left lower pole uptake and excretion. normal differential function - left 45%, right 55%.
ureteropelvic duplication
causes of uti: 
1) vur
2) upj obstruction
3) mcdk
4) duplex system
5) ureterocoele
6) renal ectopia
7) renal fusion
8) primary megaureter
9) posterior urethral valves
10) urachal abnormalities
11) renal or pelvic tumors
2 year old boy with recurrent utis.
see factoid.


Keywords by value: 
- pole: 0.27135938729652653
- renal: 0.25852568954623995
- duplex: 0.24153487359527906
- system: 0.23753718143090902
- lower: 0.1591066105543911
- lily: 0.1586016439386066
- ureterocoele: 0.1586016439386066
- mcdk: 0.15336743903227834
- likened: 0.14930747429012323
- megaureter: 0.14930747429012323
- utis: 0.14930747429012323
- factoid: 0.14496519300336194
- hydronephrotic: 0.14318556124647613
- vur: 0.140756036651956
- urachal: 0.140756036651956
- blunted: 0.13669607190980088
- ureteropelvic: 0.13057415886615376
- see: 0.1291244840918042
- upj: 0.12704160518729937
- calyces: 0.12076743679763953
- vss: 0.11931110714299675
- excretion: 0.1179627564858314
- ectopia: 0.1179627564858314
- vcug: 0.11732429070741043
- dynamic: 0.11732429070741043
- uti: 0.11553323189131129
- tortuous: 0.11497335978876178
- urethral: 0.11497335978876178
- valves: 0.11497335978876178
- scintigraphy: 0.10778087870002917
- left: 0.10621256152161905
- duplication: 0.10502932078412736
- configuration: 0.10471288832708808
- pathognomonic: 0.1020883521371362
- ureter: 0.10181880042665464
- height: 0.09955727709663129
- collecting: 0.09733569085309399
- markedly: 0.09163692264085241
- reflux: 0.08988891620951966
- 55: 0.08920739804633229
- fusion: 0.08718371349747674
- pe: 0.08580119492853705
- normal: 0.0847514981708893
- function: 0.0840066695205111
- 45: 0.08321976168352674
- recurrent: 0.08321976168352674
- position: 0.08274468488472189
- delayed: 0.08121635510575627
- pelvic: 0.08113032937730293
- uptake: 0.07980651602348264
- causes: 0.07842399745454294
- 11: 0.07769902475034424
- tumors: 0.07633037915780883
- abnormalities: 0.07518087646539034
- grade: 0.07463225979634097
- dilated: 0.07433447233598657
- obstruction: 0.07269728226890011
- weight: 0.07237619615358222
- boy: 0.07099755933432964
- unremarkable: 0.06957909526603398
- differential: 0.06743610269836811
- age: 0.0651588334498607
- and: 0.06433926192690596
- primary: 0.0638181291082829
- of: 0.06093227568877399
- 10: 0.06068967129566664
- posterior: 0.053669422539823285
- has: 0.047407115685020464
- with: 0.04064578847265245
- or: 0.03610583063336056
- right: 0.034409857657231514
- year: 0.03198527071012677
- for: 0.03145720121641044
- old: 0.030716931857946543
- is: 0.02842291788306635
- to: 0.02594667649336196
- the: 0.020709371236396112
