Texto: 
respiratory rate: 22
heart rate:  110
remaining vital signs are normal.
general: tall, thin male.
mild respiratory distress.
hospital admission and chest tube placement.
frontal image of the chest demonstrates a large left pneumothorax.
pneumothorax.
pneumothorax.
24 year old male who presents to the emergency department with acute onset of chest pain and shortness of breath.


Keywords by value: 
- pneumothorax: 0.17697782555440772
- respiratory: 0.1043429489677403
- rate: 0.09796239677870126
- 110: 0.0919201333309553
- chest: 0.09020863235547877
- tall: 0.08713450979515197
- remaining: 0.06538339075734524
- vital: 0.06011956772432585
- department: 0.05635164415085532
- 22: 0.056052531147368224
- admission: 0.05537738848113178
- general: 0.05294974509349283
- distress: 0.05294974509349283
- tube: 0.05294974509349283
- shortness: 0.052870038218943725
- thin: 0.05165019876334445
- placement: 0.051006042547779844
- :: 0.049865065411352875
- 24: 0.04885966147979338
- emergency: 0.04758512644088641
- hospital: 0.047310242131884166
- breath: 0.046987022915431595
- male: 0.04544722170257274
- signs: 0.044226116676265505
- heart: 0.04366293601336432
- onset: 0.03966795920478162
- frontal: 0.03947488138946114
- image: 0.03925278185731766
- mild: 0.033091962557810835
- who: 0.03276424131090738
- acute: 0.031027637192742576
- large: 0.027478565173986468
- demonstrates: 0.02745031178901744
- presents: 0.02567123963982244
- normal: 0.019700183155869133
- are: 0.01713049812543532
- pain: 0.01534717893427551
- left: 0.014060371606954628
- year: 0.014060371606954628
- old: 0.012866685247974333
- to: 0.00628041335945568
- a: 0.0058323500267441365
- and: 0.0052943825215358365
- of: 0.0051398735646171366
- .: 0.004176416011452503
- the: 0.004066155432459582
- ,: 0.003981030375254226
- with: 0.0017206496483807314
