Texto: 
large occipital-cervical mass
surgical repair of encephalocele
typical findings of a chiari 3 malformation with associated occipital-cervical encephalocele

no associated congenital malformations.
chiari 3 malformation cervical-occipital encephalocele
none
premature male born to a diabetic and hypertensive mother treated for eclampsia.  delivered by c-section.  no spontaneous breathing noted a time of birth.


Keywords by value: 
- encephalocele: 0.32318981814929093 (51)
- occipital-cervical: 0.3205643063260545 (2)
- chiari: 0.19341857681818245 (174)
- cervical-occipital: 0.1476794771528464 (2)
- eclampsia: 0.1350768011426656 (19)
- malformation: 0.12393987827295924 (511)
- delivered: 0.0990585926178186 (31)
- c-section: 0.0990585926178186 (34)
- diabetic: 0.09276266104113073 (64)
- hypertensive: 0.09189669651405337 (62)
- malformations: 0.08677213011148996 (88)
- premature: 0.08466609710194228 (86)
- breathing: 0.08356383125073438 (84)
- born: 0.08106926540503466 (190)
- birth: 0.0746543313209848 (176)
- associated: 0.07332591134209825 (1317)
- 3: 0.07276274642569235 (8405)
- spontaneous: 0.07249463066662176 (234)
- mother: 0.07096115524055356 (620)
- typical: 0.06229903080272722 (904)
- repair: 0.06221619777480249 (377)
- congenital: 0.056821072175317046 (459)
- treated: 0.04650637883788835 (646)
- time: 0.043883658677078406 (1157)
- none: 0.03854035467105466 (942)
- noted: 0.03682583979004716 (1365)
- large: 0.03397349876056508 (2420)
- findings: 0.03306976246890835 (1669)
- surgical: 0.03265857764093552 (1704)
- no: 0.031288878207410976 (35870)
- male: 0.028094646143408602 (2906)
- by: 0.025870380058997722 (2984)
- a: 0.021632716462832796 (549576)
- mass: 0.02160838194450117 (5255)
- for: 0.01325651179350391 (12260)
- to: 0.007764874698963386 (40381)
- of: 0.006354752770799369 (41955)
- and: 0.0032728910133130625 (31978)
- .: 0.0025817844434433655 (82185)
- with: 0.0021273486561798134 (23954)
