Texto: 
markedly dilated pulmonary arteries
pulmonary arterial hypertension
pa chest radiograph ddx for an ap window mass:
-aneurysm 
-pseudoaneurysm (post cabg)
-enlargement of the main pulmonary artery (pah, post stenotic dilatation, etc.)
-lymphadenopathy (neoplastic, infectious, inflammatory)
-primary bronchogenic ca
57 year old woman presenting to the emergency department with intracranial hemorrhage and a past medical history of chf, atrial fibrillation, cabg 20 years prior, hepatitis c and cirrhosis.
the cause of underlying pulmonary arterial hypertension in this patient and associated clinical information was not provided with this image submission.


Keywords by value: 
- cabg: 0.10903763753539396 (30)
- pulmonary: 0.09510667848457385 (1648)
- -aneurysm: 0.08395731832349047 (8)
- -pseudoaneurysm: 0.08395731832349047 (1)
- -enlargement: 0.07735591660387194 (2)
- -lymphadenopathy: 0.07735591660387194 (2)
- arterial: 0.07124465921395565 (242)
- pah: 0.06862933820507046 (13)
- hypertension: 0.0641672581390512 (343)
- -primary: 0.062027936485451934 (11)
- submission: 0.057551711445016356 (17)
- stenotic: 0.05591504233142913 (36)
- fibrillation: 0.05156496230766041 (45)
- post: 0.051254000629948455 (3312)
- chf: 0.050950309725397824 (55)
- cirrhosis: 0.04791741704807845 (70)
- window: 0.04708873726722484 (129)
- hepatitis: 0.046699956367031926 (89)
- 57: 0.0443489080057793 (143)
- information: 0.0443489080057793 (73)
- etc: 0.044055844589905455 (158)
- ddx: 0.042966222197736464 (92)
- bronchogenic: 0.042966222197736464 (89)
- neoplastic: 0.04164635397596364 (140)
- atrial: 0.04164635397596364 (197)
- c: 0.038685030789144134 (243338)
- markedly: 0.0385222266619127 (130)
- main: 0.037897490638238295 (804)
- ca: 0.037897490638238295 (36988)
- department: 0.0364943981167444 (160)
- provided: 0.03510114008612786 (182)
- infectious: 0.034989093975846076 (227)
- dilatation: 0.03487835075684494 (233)
- underlying: 0.03487835075684494 (213)
- intracranial: 0.03439534987514003 (292)
- pa: 0.034035918180065294 (30924)
- arteries: 0.033689559664152206 (281)
- presenting: 0.03316952029239171 (314)
- emergency: 0.030817034266478822 (302)
- ap: 0.02976341875849941 (13322)
- dilated: 0.029572299110396466 (410)
- 20: 0.029262049868162058 (2416)
- inflammatory: 0.02822205661135261 (519)
- cause: 0.027535834538590157 (1482)
- hemorrhage: 0.027088157944533675 (714)
- radiograph: 0.02592332051353679 (1777)
- past: 0.02585904258996604 (582)
- image: 0.025420849202834297 (2894)
- medical: 0.025041045714914327 (618)
- clinical: 0.025041045714914327 (913)
- artery: 0.02423361897245904 (1331)
- years: 0.023897553685890312 (760)
- prior: 0.020896312116212987 (948)
- (: 0.0206389064641103 (9594)
- ): 0.020386791203237286 (10569)
- chest: 0.01947360952435732 (1824)
- associated: 0.019204405351501926 (1317)
- woman: 0.018799075690370537 (987)
- this: 0.018307375491697774 (5602)
- ,: 0.01804733770115249 (45533)
- not: 0.01176017782611367 (5583)
- mass: 0.011318676256643472 (5255)
- an: 0.011253951088425999 (75109)
- history: 0.011240138454353177 (2881)
- :: 0.010764522057053954 (11095)
- was: 0.009412166878225589 (7680)
- year: 0.009105764469265856 (4271)
- old: 0.008332710446307188 (3947)
- patient: 0.008158018389679887 (8535)
- for: 0.006943887129930621 (12260)
- and: 0.005143114449491956 (31978)
- to: 0.004067315318504632 (40381)
- in: 0.004013306953716714 (113220)
- the: 0.003949979562960737 (67588)
- a: 0.003777140969700965 (549576)
- of: 0.0033286800227996694 (41955)
- with: 0.002228650973140757 (23954)
- .: 0.0010142724599241793 (82185)
