Texto: 
swollen, tender to touch, hyperemic calf.
large fluid collection in the popliteal fossa with heterogeneously echogenic material inside.
ruptured baker cyst
ruptured baker cyst
dvt
ruptured popliteal aneurysm
sudden onset of unilateral calf pain.


Keywords by value: 
- ruptured: 0.3420054285768829
- baker: 0.33939968444257834
- calf: 0.26830766592360966
- popliteal: 0.26553498790974933
- hyperemic: 0.17271992005863235
- inside: 0.14922528590801298
- dvt: 0.13798797998670134
- heterogeneously: 0.12900843051405736
- touch: 0.11822630268142391
- cyst: 0.11776262236031294
- swollen: 0.11673944992115853
- echogenic: 0.10900436493586313
- unilateral: 0.10873865244777219
- sudden: 0.10123035829515169
- material: 0.0979052859026252
- collection: 0.09274413827437622
- fossa: 0.08930255463336229
- tender: 0.08893361264741101
- aneurysm: 0.08660100294982827
- onset: 0.06916464681859359
- fluid: 0.06227279755394495
- large: 0.04791134440592512
- pain: 0.02675918378283935
- ,: 0.013882567462424993
- to: 0.01095046431905093
- in: 0.01080505718308346
- the: 0.003544853453939123
- with: 0.003000107079227942
- of: 0.0029872769435381648
- .: 0.0027307335459497138
