Texto: 
n/a
periodic surveilance.
multiple expansile intramedullary lytic lesions with sclerotic margins.
enchondromatosis (ollier's disease).
enchondromatosis
multiple hereditary exostoses
polyostotic fibrous dysplasia
3 year old female with bony lesions.


Keywords by value: 
- enchondromatosis: 0.35294063396292796
- surveilance: 0.2320677498116158
- ollier: 0.17858768761442745
- polyostotic: 0.17449909208183678
- exostoses: 0.1709230022831509
- periodic: 0.15566350268514353
- intramedullary: 0.15111879712429532
- hereditary: 0.14009986910109576
- lesions: 0.13071774321965415
- expansile: 0.11972987459092076
- margins: 0.11088698545245161
- lytic: 0.10928816677679319
- sclerotic: 0.10928816677679319
- multiple: 0.1028460573416725
- fibrous: 0.09869217880734493
- bony: 0.09763873492710701
- dysplasia: 0.09637430609842013
- n/a: 0.08843447563883104
- 3: 0.05717072933447256
- 's: 0.05382990338191557
- female: 0.050193150612795244
- disease: 0.03990678689187726
- year: 0.027317293407797563
- old: 0.02499813133892156
- (: 0.0206389064641103
- ): 0.020386791203237286
- with: 0.00668595291942227
- .: 0.004057089839696717
