Texto: 
hiv positive
anti-toxoplasmosis tx
multiple ring enhancing lesions with eccentric nodule in both basal ganglia with peri-lesional edema.
toxoplasmosis
multiple abscesses - toxoplasmosis
multiple abscesses - other organism
primary cns lymphoma
a 45 year old man with altered sensorium. 
ct scan of brain ,plain & contrast study was performed. 
study revealed multiple ring enhancing lesions with eccentric nodule in bilateral basal ganglia with peri lesional edema.disc enhancing lesions were also noted in several other areas at gray white matter interface. 
subsequent investigations revealed the patient to be hiv positive. 
imaging findings were suggestive of toxoplasmosis. 
subsequently therapy was started.
study revealed multiple ring enhancing lesions with eccentric nodule in bilateral basal ganglia with peri lesional edema.disc enhancing lesions were also noted in several other areas at gray white matter interface. 

subsequent investigations revealed the patient to be hiv positive. imaging findings were suggestive of toxoplasmosis. 
subsequently therapy was started.


Keywords by value: 
- toxoplasmosis: 0.13623140158487687 (38)
- edema.disc: 0.10950954563933538 (2)
- eccentric: 0.10151967566422404 (42)
- peri: 0.10089902165722425 (3838)
- lesional: 0.08951652809357015 (34)
- hiv: 0.08828535987690891 (93)
- investigations: 0.083677973693002 (9)
- enhancing: 0.0832283705864832 (642)
- ganglia: 0.08148199690949406 (121)
- ring: 0.07399996281070635 (2836)
- basal: 0.0725876552448144 (202)
- lesions: 0.07104225174981203 (1314)
- revealed: 0.06813599726375387 (621)
- interface: 0.06570382483665015 (51)
- nodule: 0.06563130930264607 (649)
- abscesses: 0.05995694878760526 (78)
- multiple: 0.05589459638134375 (1682)
- anti-toxoplasmosis: 0.05475477281966769 (1)
- study: 0.05239064640111725 (612)
- gray: 0.05193527249362562 (219)
- positive: 0.05166867559535621 (589)
- were: 0.04820587171900425 (1679)
- subsequently: 0.048122683246673216 (152)
- peri-lesional: 0.04793109400806452 (3)
- started: 0.04734872196299427 (182)
- suggestive: 0.045350713665130236 (200)
- sensorium: 0.044758264046785075 (5)
- matter: 0.0417947822410037 (399)
- subsequent: 0.04132398382372437 (422)
- other: 0.03670133941681581 (2604)
- organism: 0.03646633195527986 (73)
- areas: 0.03571859840057225 (527)
- white: 0.035206263511950525 (558)
- several: 0.03412537684127189 (511)
- tx: 0.03285191241832507 (55)
- altered: 0.030094574598847058 (58)
- therapy: 0.028380631009200158 (1469)
- cns: 0.02716066563649802 (119)
- bilateral: 0.025761710923160795 (2204)
- noted: 0.025160511657796193 (1365)
- imaging: 0.024870482291373945 (1530)
- 45: 0.02452163958702432 (319)
- -: 0.02275439079140824 (21459)
- findings: 0.022594247649564716 (1669)
- also: 0.02092695147416337 (2071)
- &: 0.018642160820754233 (872)
- was: 0.018415109109571805 (7680)
- plain: 0.01723766281173344 (1294)
- be: 0.016369648737191666 (14541)
- brain: 0.0159711274739302 (978)
- primary: 0.01572288362047016 (748)
- lymphoma: 0.015168935617325997 (867)
- edema: 0.015011947139324786 (980)
- scan: 0.014858828946788685 (1175)
- performed: 0.014798623175324961 (901)
- at: 0.014382150966852582 (83424)
- both: 0.013554037209230567 (1020)
- in: 0.013086870501250153 (113220)
- man: 0.012552371696211173 (4104)
- contrast: 0.011880594327999412 (1844)
- patient: 0.010640893551756372 (8535)
- ct: 0.007424246294360515 (27172)
- year: 0.005938542045173383 (4271)
- old: 0.005434376378026426 (3947)
- to: 0.005305193893701692 (40381)
- with: 0.005087138090864771 (23954)
- a: 0.0024633528063267157 (549576)
- .: 0.0024254341432969504 (82185)
- of: 0.002170878275738915 (41955)
- the: 0.001717382418678581 (67588)
- ,: 0.0016814289783682445 (45533)
