Texto: 
unremarkable.
options include 'watchful waiting' and ramstedt pyloromyotomy.
increased thickness of the pylorus muscle in both longitudinal and transverse planes by ultrasound.
hypertrophic pyloric stenosis
hypertrophic pyloric stenosis
pylorospasm
focal foveolar hyperplasia
eosinophilic gastroenteritis
5 week old male with intermittent and complete non-bilious vomiting.
as patient did not vomit with every feeding, initial plan was to continue to closely observe child for growth and hydration status.  if symptoms worsened, pyloromyotomy would be performed.


Keywords by value: 
- pyloromyotomy: 0.16429455810455273
- pyloric: 0.129731972256098
- hypertrophic: 0.12110660542088879
- 'watchful: 0.10750632224349388
- foveolar: 0.10750632224349388
- ramstedt: 0.09905330784642138
- vomit: 0.09060029344934888
- observe: 0.08565559700900541
- stenosis: 0.08164532397149675
- pylorospasm: 0.08071090056866194
- waiting: 0.07622645203054831
- non-bilious: 0.0744813197910279
- gastroenteritis: 0.07159852981463485
- hydration: 0.07159852981463485
- pylorus: 0.06686968187550359
- plan: 0.06380487177451694
- closely: 0.06282874119313234
- planes: 0.059798724616321366
- worsened: 0.05737371414381936
- continue: 0.05622958298262845
- eosinophilic: 0.055870877065478525
- every: 0.05535185737744443
- longitudinal: 0.05453308539161969
- thickness: 0.05376584361832006
- feeding: 0.05347197103808761
- ': 0.05290465377424746
- hyperplasia: 0.051345710219248865
- options: 0.05063511377871258
- child: 0.045613958643081355
- growth: 0.045312829221247554
- intermittent: 0.044731999355524944
- transverse: 0.04178593529451217
- vomiting: 0.03978730291518147
- did: 0.03762705659747468
- muscle: 0.037430673578370065
- status: 0.037199113672946996
- would: 0.037084961931976704
- complete: 0.036675316268122614
- week: 0.03539043193083205
- initial: 0.034531489552186684
- unremarkable: 0.03450080998392757
- ultrasound: 0.030916129085442723
- 5: 0.030489761249319066
- focal: 0.029762117123639048
- include: 0.02923357912232057
- performed: 0.02905583330765023
- if: 0.028277358948544336
- both: 0.026612195008367336
- symptoms: 0.025971432645099258
- increased: 0.025493716851215313
- male: 0.018843969974237477
- by: 0.017352084185913108
- be: 0.016070203943218647
- as: 0.015763140315782048
- not: 0.015058764289535799
- was: 0.012052164905044961
- old: 0.010669934108076276
- patient: 0.01044624305995595
- to: 0.010416295327877714
- for: 0.008891562788325794
- and: 0.008780927108888704
- ,: 0.006602684524811888
- in: 0.005138990611466524
- with: 0.002853760392436335
- .: 0.002597527031513142
- the: 0.001685966886629583
- of: 0.001420778058512054
