Texto: 
non-contributory
ventricular drain placement followed by surgery.
• enhancing mass with cystic component occupying supra-sellar cistern and hypothalamus.

• lateral and third ventricular enlargement from obstruction
astrocytoma, who grade 2
• craniopharyngioma
• hypothalamic glioma
• pituitary adenoma
10 year old girl who presented with headache and signs and symptoms of hydrocephalus
the pathological examination revealed a mixed type of astrocytoma with pilomyxoid and pilocytic elements.


Keywords by value: 
- supra-sellar: 0.1160338749058079 (2)
- •: 0.11192959654256342 (8449)
- ventricular: 0.1090944614343538 (414)
- pilomyxoid: 0.10294400730760568 (8)
- astrocytoma: 0.09481000567637989 (413)
- hypothalamus: 0.08632756716752452 (21)
- hypothalamic: 0.08053520848026503 (46)
- occupying: 0.07598586946428597 (38)
- pathological: 0.07124110039253433 (88)
- drain: 0.06720920799704552 (462)
- elements: 0.06697691484173438 (73)
- cistern: 0.06524318831310198 (163)
- craniopharyngioma: 0.06464369975454438 (100)
- pilocytic: 0.0642575758632884 (120)
- who: 0.06365624026119149 (941)
- pituitary: 0.061184556154474885 (251)
- component: 0.05575519340329209 (287)
- glioma: 0.0550381970529513 (411)
- mixed: 0.053613191299136165 (201)
- hydrocephalus: 0.05248364096376911 (250)
- adenoma: 0.05097849074008589 (638)
- placement: 0.049548727046414706 (657)
- third: 0.0489492384878571 (356)
- enlargement: 0.048436691521215644 (295)
- grade: 0.04649766847072814 (661)
- non-contributory: 0.045086231545812525 (287)
- obstruction: 0.04304857212270622 (606)
- signs: 0.04296251334265792 (450)
- girl: 0.04291967758556854 (357)
- headache: 0.041928363393797116 (758)
- 10: 0.04115177469067015 (1995)
- type: 0.04115177469067015 (949)
- followed: 0.040926798162553873 (433)
- revealed: 0.03917819842665847 (621)
- enhancing: 0.03828505046978228 (642)
- examination: 0.0379489005067795 (634)
- cystic: 0.03520903867502512 (1209)
- presented: 0.03327653764317727 (764)
- symptoms: 0.030423678241401988 (1259)
- surgery: 0.029642843776575355 (1277)
- lateral: 0.026380972080350718 (4830)
- 2: 0.026287207093007803 (13754)
- by: 0.020326727189212496 (2984)
- from: 0.01809193875934589 (3282)
- mass: 0.016978014384965205 (5255)
- year: 0.013658646703898781 (4271)
- and: 0.012857786123729889 (31978)
- old: 0.01249906566946078 (3947)
- a: 0.005665711454551446 (549576)
- with: 0.005014464689566703 (23954)
- ,: 0.0038672866502469623 (45533)
- of: 0.0033286800227996694 (41955)
- the: 0.0019749897814803686 (67588)
- .: 0.001521408689886269 (82185)
