Texto: 
not available.
axial images of the brain demonstrate a small posterior fossa, partial absence of the falx cerebri, fusion of the thalami, and interdigitation of the cerebral hemispheres at the midline. portions of shunt tubing are also seen.
chiari ii malformation
chiari ii malformation
chronic shunting
15 year old boy with known history of chiari ii malformation.
a non-contrast head ct was the only neuroimaging study available at this institution.  further imaging would likely have revealed the presence of a meningocele or myelomeningocele which are also present in this condition.


Keywords by value: 
- chiari: 0.16118214734848538
- ii: 0.11168544572858863
- malformation: 0.10328323189413272
- interdigitation: 0.08904564064612626
- tubing: 0.06938998257486045
- myelomeningocele: 0.06394557347655049
- meningocele: 0.062388495902537776
- neuroimaging: 0.060427324039497805
- available: 0.058034728259389844
- cerebri: 0.05694408680422781
- falx: 0.05503255145434368
- shunting: 0.05503255145434368
- thalami: 0.054358901206882346
- institution: 0.047036720612190164
- hemispheres: 0.045988268150759425
- portions: 0.044909803752519975
- shunt: 0.04465726534640464
- non-contrast: 0.04213260126085986
- fusion: 0.03850072846485898
- condition: 0.036098701100069255
- absence: 0.03588715388951124
- fossa: 0.03517979424950636
- partial: 0.034518744671199454
- 15: 0.034427743964710905
- also: 0.03403271906404347
- midline: 0.03339525340745981
- presence: 0.03133116786320333
- would: 0.03071683715577869
- cerebral: 0.0299035000178189
- boy: 0.029340624039656277
- study: 0.028400316735959184
- revealed: 0.027701756463293873
- further: 0.027448930725255137
- known: 0.027313647317816363
- brain: 0.025973247710128912
- only: 0.025953653116009452
- axial: 0.024634257334018906
- head: 0.024480821318928245
- likely: 0.02434636329227936
- chronic: 0.024313026595020205
- are: 0.023532805505648523
- at: 0.023389154602659255
- imaging: 0.020222967923793966
- posterior: 0.01989533887578231
- small: 0.019884598832132512
- demonstrate: 0.019863152942757988
- present: 0.019495037918501826
- this: 0.019416913400285517
- have: 0.018691293720859516
- seen: 0.017056844596643337
- images: 0.01655822113080156
- which: 0.016112571588308575
- not: 0.012472915876181167
- ct: 0.012073774276687304
- a: 0.012018175812684887
- history: 0.011921358966738217
- or: 0.010116391403673814
- was: 0.009982601234481686
- the: 0.009775201948741218
- year: 0.009657628982554695
- old: 0.008837723200628835
- of: 0.008237642480665849
- ,: 0.008203335318705679
- in: 0.0042565376781843935
- .: 0.0021514870362028047
- and: 0.0018182727851739238
- with: 0.001181860364544341
