Texto: 
hr 110, otherwise unremarkable.
nad
cv: rrr, no m/r/g
lungs: ctab
lul cavitary lesion
2 cm x 2 cm at greatest diameter
cavitary squamous cell carcinoma
tuberculosis
squamous cell carcinoma
coccidiomycosis
60 yo female presented to er in del rio, tx with 3 episodes of hemoptysis approximately 1-2 cups per episode.  she was transferred to wilford hall medical center and had one more episode of massive hemoptysis.  
immigrant from mexico, known contact with immigrants, no positive tb test.  denies smoking history.


Keywords by value: 
- cavitary: 0.11438733037634448
- hemoptysis: 0.10588598120120155
- del: 0.09479052068781181
- rio: 0.09479052068781181
- immigrants: 0.09479052068781181
- episode: 0.09097959022141777
- squamous: 0.08990945023090027
- cups: 0.08733732519791994
- wilford: 0.08297748532578912
- mexico: 0.08297748532578912
- immigrant: 0.07748473668314407
- hall: 0.07552428983589723
- coccidiomycosis: 0.07386675564420629
- 110: 0.06721042006994582
- lul: 0.06721042006994582
- m/r/g: 0.06432586107430412
- ctab: 0.05687266558441223
- tx: 0.05687266558441223
- contact: 0.05687266558441223
- 1-2: 0.05272575718858443
- massive: 0.05251282571228143
- carcinoma: 0.0520844660218466
- nad: 0.05094603204366429
- cv: 0.05094603204366429
- greatest: 0.05076531034133762
- cell: 0.04963958519530078
- transferred: 0.04941947009452034
- cm: 0.049289378877784645
- rrr: 0.046894313201214954
- smoking: 0.046405470469206817
- episodes: 0.04538062982614956
- center: 0.04505963022238954
- hr: 0.044747936277515866
- tb: 0.04424772105563529
- tuberculosis: 0.04376974511401342
- per: 0.04021875923368464
- 60: 0.04008518374982919
- 2: 0.039572139709904225
- test: 0.0392551876348708
- denies: 0.03877454054973202
- diameter: 0.038657662353636275
- er: 0.03524929201019314
- lungs: 0.03479342578473415
- otherwise: 0.03300338960673489
- unremarkable: 0.030420069018086675
- x: 0.030312541240295456
- positive: 0.029815974089076526
- known: 0.029075818112514192
- approximately: 0.02842814867264068
- medical: 0.0282721483878065
- yo: 0.02764894111078239
- she: 0.02579339937047497
- presented: 0.02504685629056354
- one: 0.024900337454953164
- :: 0.02430698529012183
- more: 0.022980390422711466
- 3: 0.021515865878564945
- had: 0.019826342142373207
- female: 0.01888989539191219
- lesion: 0.01871564759140274
- no: 0.01850417528395273
- ,: 0.014554304597703623
- from: 0.013617588313486155
- history: 0.012690478900076166
- at: 0.012449066159479926
- was: 0.010626640023803084
- to: 0.00918426039662336
- in: 0.004531153012260806
- with: 0.0025162188406427904
- of: 0.0025054580816771706
- and: 0.001935580706798048
- .: 0.001908577209534746
