Texto: 
bilateral palpable neck masses.
left mass resected 1 month following mri scan.
right mass will be resected in early 2011
enhancing masses originating from the carotid bodies bilaterally.  the masses splay the internal and external carotid arteries and contain flow voids.
masses are hyperintense on t2 and low signal on t1 sequences.
paraganglioma of the head and neck
• paraganglioma
• cervical adenopathy
• schwnnoma
• neurofibroma
39 year old woman who has had bilateral neck masses for many years.  she now presents with dysphagia and weight loss.
this may be a familial syndrome, since this patient's sister has also been treated for bilateral carotid body paragangliomas.


Keywords by value: 
- masses: 0.12344411957248236 (522)
- carotid: 0.0982541487758503 (322)
- paraganglioma: 0.09041295554445021 (62)
- schwnnoma: 0.07534631131595299 (1)
- resected: 0.07231711017599875 (107)
- splay: 0.06595646269485803 (109)
- neck: 0.06433956761585852 (1226)
- paragangliomas: 0.0600321278182773 (11)
- •: 0.05357314022550044 (8449)
- bilateral: 0.053174813572165226 (2204)
- sister: 0.050642279197182345 (26)
- 2011: 0.046276248224823444 (78)
- familial: 0.04471794432060162 (57)
- originating: 0.04360637912189907 (47)
- voids: 0.04174096402771088 (56)
- neurofibroma: 0.04049556393214341 (198)
- contain: 0.04035191334824272 (298)
- dysphagia: 0.03556887242571774 (128)
- bodies: 0.03421653050080411 (176)
- 39: 0.03394300288468297 (286)
- adenopathy: 0.032520368631369596 (418)
- external: 0.031057563022858236 (281)
- sequences: 0.030499951724837715 (242)
- hyperintense: 0.030321882606010004 (240)
- arteries: 0.030234220211418646 (281)
- many: 0.030018918939379684 (247)
- has: 0.027430768726397915 (2768)
- since: 0.026827048048702708 (375)
- early: 0.026710760424294343 (576)
- cervical: 0.026539242791381444 (1130)
- weight: 0.02617902380462278 (988)
- palpable: 0.02588564993675035 (406)
- now: 0.024966799911979896 (1220)
- internal: 0.02448611855879292 (516)
- flow: 0.02413721262272236 (681)
- bilaterally: 0.023988933662597467 (732)
- body: 0.02372020267255628 (675)
- t1: 0.02314953449764311 (949)
- enhancing: 0.02290558575115179 (642)
- will: 0.022850265114351644 (776)
- be: 0.02252575595459708 (14541)
- month: 0.021911235391458204 (1567)
- treated: 0.021861972957981705 (646)
- years: 0.02144652253861951 (760)
- loss: 0.021200548482636236 (858)
- syndrome: 0.020888090399441384 (1256)
- following: 0.020728869717103835 (761)
- head: 0.020714541116016207 (1929)
- t2: 0.02067169887820814 (1171)
- she: 0.020502445653454465 (2424)
- scan: 0.02044676461908529 (1175)
- mass: 0.020315572768334438 (5255)
- low: 0.020309128656977777 (6753)
- been: 0.019870041790290525 (987)
- signal: 0.019257045557887 (1276)
- who: 0.019042465035399164 (941)
- 1: 0.01737885784580946 (15898)
- woman: 0.016870965363153047 (987)
- mri: 0.01678013551209077 (1820)
- this: 0.016429695954087747 (5602)
- 's: 0.016102962550145684 (1676)
- may: 0.016019900588872853 (2139)
- had: 0.015759400164450498 (2121)
- presents: 0.014920036713742958 (1354)
- also: 0.014398458065556851 (2071)
- for: 0.01246338715628573 (12260)
- on: 0.012374205339579968 (91641)
- from: 0.010824236864565918 (3282)
- are: 0.009956186944697451 (8518)
- left: 0.008171839908315512 (7401)
- year: 0.008171839908315512 (4271)
- right: 0.007706253924020657 (8044)
- and: 0.007692692552658908 (31978)
- old: 0.007478073477455168 (3947)
- patient: 0.007321298554840924 (8535)
- the: 0.0047264712719188315 (67588)
- in: 0.003601685727694487 (113220)
- a: 0.003389741895885481 (549576)
- .: 0.0024273187075108567 (82185)
- ,: 0.002313761243737499 (45533)
- with: 0.0010000356930759808 (23954)
- of: 0.0009957589811793884 (41955)
