Texto: 
moving all extremities.
fusion of cervical spine.
fracture dislocation though the c2-c3 disc.
fractures involving the transverse formamena at c2.
occlusion of the vertebral artery at the c2 level with distal reconsitutionvia muscular collateral branches.
c-spine fracture with left vertebral artery occlusion
none
44 year old male in car crash.  multiple injuries to chest and neck.


Keywords by value: 
- c2: 0.17295944742793726 (125)
- formamena: 0.1399288638724841 (1)
- reconsitutionvia: 0.1399288638724841 (1)
- occlusion: 0.13529020737669706 (151)
- vertebral: 0.10735861652102408 (629)
- crash: 0.09921538200801525 (20)
- c2-c3: 0.0949572234906394 (28)
- moving: 0.08304761088111727 (42)
- c-spine: 0.08304761088111727 (43)
- artery: 0.08077872990819679 (1331)
- muscular: 0.080600774693383 (126)
- car: 0.07575344692272933 (4925)
- branches: 0.07416482059642802 (73)
- fracture: 0.07152616921500884 (2836)
- collateral: 0.07097957146210816 (157)
- 44: 0.0695984384940188 (202)
- dislocation: 0.06380520441856757 (323)
- injuries: 0.06328896328038408 (230)
- disc: 0.06316248439706382 (1791)
- though: 0.06291251047693462 (754)
- fusion: 0.06050114473049268 (1300)
- transverse: 0.05438804276428567 (339)
- extremities: 0.05320137490382362 (379)
- fractures: 0.051361723777464695 (616)
- cervical: 0.049287165183994106 (1130)
- involving: 0.047593766095290375 (400)
- spine: 0.044668310254053135 (1062)
- neck: 0.03982925614315051 (1226)
- level: 0.03909347662931638 (1166)
- all: 0.03836386491160779 (11660)
- distal: 0.036877437919778204 (1134)
- at: 0.03675438580417882 (83424)
- none: 0.03364634137949216 (942)
- chest: 0.032456015873928865 (1824)
- multiple: 0.028568349261575695 (1682)
- male: 0.02452707202995989 (2906)
- left: 0.01517627411544309 (7401)
- year: 0.01517627411544309 (4271)
- old: 0.01388785074384531 (3947)
- the: 0.008777732362134971 (67588)
- to: 0.006778858864174384 (40381)
- in: 0.006688844922861189 (113220)
- .: 0.003944392899705142 (82185)
- with: 0.003714418288567928 (23954)
- of: 0.0036985333586662993 (41955)
- and: 0.0028572858052733087 (31978)
