Texto: 
orbital swelling and redness
pappilodema
anticoagulation and antibiotics
• flattening of optic globes.
• dilatation of  both optic nerve sheaths.
• negative mri brain
• positive mrv for segmental superior saggital sinus thrombisis.
superior sagittal sinus thrombosis
• thrombosis of the superior sagittal sinus (sss)
• septic thrombophlebitis of the sss
15 year old girl  presents with orbital cellulitis and headache.  s/p  renal transplant
the mri was interpreted as consistent with  pseudo-tumor cerebri.
mrv confirmed diagnosis of superior sagittal sinus thrombosis


Keywords by value: 
- sss: 0.18459934644105802
- sinus: 0.14205268043829264
- mrv: 0.1301017266047314
- thrombosis: 0.12504627092567197
- superior: 0.12403380441155416
- sagittal: 0.11619363588089929
- •: 0.10684188760881053
- pappilodema: 0.10017634572689203
- thrombisis: 0.10017634572689203
- pseudo-tumor: 0.10017634572689203
- orbital: 0.09212146566292596
- optic: 0.08990240953647331
- sheaths: 0.07806373039671802
- globes: 0.07520788462079862
- saggital: 0.070187057890355
- thrombophlebitis: 0.0650508633023657
- redness: 0.06454572963678805
- cerebri: 0.06406209765475628
- interpreted: 0.06115376385774264
- cellulitis: 0.05770282733730829
- transplant: 0.053649702974368156
- flattening: 0.052916310688713934
- segmental: 0.0509634668600019
- septic: 0.0509634668600019
- anticoagulation: 0.049042144927684474
- mri: 0.04461990579351409
- dilatation: 0.041616213971235445
- s/p: 0.04073192962627172
- 15: 0.038731211960299765
- confirmed: 0.03651590458053179
- antibiotics: 0.03647404951898297
- nerve: 0.03498802416462848
- girl: 0.03414065262488407
- headache: 0.03335210724506589
- swelling: 0.03235012345433105
- positive: 0.031510063525955874
- brain: 0.02921990367389502
- renal: 0.02917585851656897
- negative: 0.029001365470169026
- both: 0.024797727166887742
- consistent: 0.023810207600354582
- diagnosis: 0.02229794694068659
- presents: 0.01983686699440825
- as: 0.014688380748796907
- was: 0.011230426388791896
- year: 0.010864832605374032
- old: 0.009942438600707438
- for: 0.008285319870939944
- (: 0.00820865598004387
- ): 0.008108382864923921
- of: 0.006619534136249342
- and: 0.0061366706499619925
- the: 0.004713043796714516
- with: 0.0026591858202247667
- .: 0.002017019096440129
