Texto: 
orbital swelling and redness
pappilodema
anticoagulation and antibiotics
• flattening of optic globes.
• dilatation of  both optic nerve sheaths.
• negative mri brain
• positive mrv for segmental superior saggital sinus thrombisis.
superior sagittal sinus thrombosis
• thrombosis of the superior sagittal sinus (sss)
• septic thrombophlebitis of the sss
15 year old girl  presents with orbital cellulitis and headache.  s/p  renal transplant
the mri was interpreted as consistent with  pseudo-tumor cerebri.
mrv confirmed diagnosis of superior sagittal sinus thrombosis


Keywords by value: 
- sss: 0.18459934644105802 (6)
- sinus: 0.14205268043829264 (907)
- mrv: 0.1301017266047314 (28)
- thrombosis: 0.12504627092567197 (328)
- superior: 0.12403380441155416 (703)
- sagittal: 0.11619363588089929 (452)
- •: 0.10684188760881053 (8449)
- pappilodema: 0.10017634572689203 (1)
- thrombisis: 0.10017634572689203 (1)
- pseudo-tumor: 0.10017634572689203 (1)
- orbital: 0.09212146566292596 (336)
- optic: 0.08990240953647331 (368)
- sheaths: 0.07806373039671802 (7)
- globes: 0.07520788462079862 (11)
- saggital: 0.070187057890355 (19)
- thrombophlebitis: 0.0650508633023657 (25)
- redness: 0.06454572963678805 (27)
- cerebri: 0.06406209765475628 (64)
- interpreted: 0.06115376385774264 (38)
- cellulitis: 0.05770282733730829 (82)
- transplant: 0.053649702974368156 (143)
- flattening: 0.052916310688713934 (81)
- segmental: 0.0509634668600019 (136)
- septic: 0.0509634668600019 (128)
- anticoagulation: 0.049042144927684474 (111)
- mri: 0.04461990579351409 (1820)
- dilatation: 0.041616213971235445 (233)
- s/p: 0.04073192962627172 (261)
- 15: 0.038731211960299765 (862)
- confirmed: 0.03651590458053179 (298)
- antibiotics: 0.03647404951898297 (336)
- nerve: 0.03498802416462848 (856)
- girl: 0.03414065262488407 (357)
- headache: 0.03335210724506589 (758)
- swelling: 0.03235012345433105 (562)
- positive: 0.031510063525955874 (589)
- brain: 0.02921990367389502 (978)
- renal: 0.02917585851656897 (1899)
- negative: 0.029001365470169026 (803)
- both: 0.024797727166887742 (1020)
- consistent: 0.023810207600354582 (1064)
- diagnosis: 0.02229794694068659 (1487)
- presents: 0.01983686699440825 (1354)
- as: 0.014688380748796907 (55990)
- was: 0.011230426388791896 (7680)
- year: 0.010864832605374032 (4271)
- old: 0.009942438600707438 (3947)
- for: 0.008285319870939944 (12260)
- (: 0.00820865598004387 (9594)
- ): 0.008108382864923921 (10569)
- of: 0.006619534136249342 (41955)
- and: 0.0061366706499619925 (31978)
- the: 0.004713043796714516 (67588)
- with: 0.0026591858202247667 (23954)
- .: 0.002017019096440129 (82185)
