Texto: 
large goiter measuring approximately 55 gms
h.r. 78 bpm
no ophthalmopathy
deep tendon reflexes normal
no palpable cervical lymph nodes


free t4: 1.17 (0.71-1.85)
tsh: 0.023 (low)
esr: 38 (elevated)
rai uptake 4hrs: 1.1% (5-15%)
minimum homogeneous uptake of radiotracer. 
no focal area of increased uptake to suggest a dominant automonous nodule.
dequervain's thyroiditis
subacute thyroiditis
chronic thyroiditis
automonous thyroid adenoma
38 y/o woman c/o large goiter, causing obstructive symptoms (airway compromise while sleeping). pt. states she has had a large thyroid all of her adult life, but over the past month it has increased in size.
treat symptoms
thyroidectomy


Keywords by value: 
- automonous: 0.14104829478346398
- thyroiditis: 0.12915674926755244
- goiter: 0.08717156150368038
- uptake: 0.0814796021926611
- 38: 0.07284541675080293
- 1.17: 0.07052414739173199
- 0.023: 0.07052414739173199
- 4hrs: 0.07052414739173199
- h.r: 0.06497896994725243
- gms: 0.06173524908238711
- dequervain: 0.059433792502772864
- rai: 0.057648644092259185
- minimum: 0.05619007163790755
- thyroid: 0.05603699911879537
- 0.71-1.85: 0.05495686619928948
- 5-15: 0.05495686619928948
- ophthalmopathy: 0.05000455253203969
- thyroidectomy: 0.04655828920330006
- sleeping: 0.0461679678899446
- large: 0.044845018363945915
- bpm: 0.04415745246369735
- 1.1: 0.04255208690000014
- 78: 0.041423458113920904
- compromise: 0.041423458113920904
- t4: 0.04007084747356943
- c/o: 0.04007084747356943
- treat: 0.03861227501921779
- airway: 0.038040603307360636
- tsh: 0.03712904923256689
- :: 0.036168794111701284
- obstructive: 0.0351734225293592
- subacute: 0.035077613000985476
- dominant: 0.03488936902170392
- esr: 0.03461505643387487
- adult: 0.034263351446505934
- symptoms: 0.034074519630370226
- increased: 0.033447756508794495
- 55: 0.03314151671603673
- reflexes: 0.032358670396006664
- homogeneous: 0.032358670396006664
- states: 0.032157823026958056
- tendon: 0.03189763749331358
- radiotracer: 0.03189763749331358
- %: 0.03189313653353612
- nodes: 0.0308775309309219
- life: 0.029823376709872916
- causing: 0.029532435556505914
- suggest: 0.029114949531141354
- (: 0.028894469049754422
- adenoma: 0.028547954814448096
- ): 0.028541507684532202
- nodule: 0.028177708793936048
- free: 0.028137608459347693
- deep: 0.027671457194355886
- lymph: 0.027596339271557174
- measuring: 0.027338845779589963
- has: 0.02567519952790845
- pt: 0.02541731003706202
- cervical: 0.02484073125273303
- palpable: 0.024228968340798324
- elevated: 0.023194530890872502
- size: 0.02291900697103017
- past: 0.02172159577557147
- area: 0.021614689953074136
- while: 0.021509193918818507
- approximately: 0.021150542612444666
- no: 0.020650659616891248
- her: 0.020555293267879485
- month: 0.020508916326404877
- focal: 0.019523948833107218
- all: 0.019335387915450326
- chronic: 0.019255917063256
- she: 0.019190289131633377
- low: 0.019009344422931198
- y/o: 0.018933032238557124
- over: 0.0174051407211197
- woman: 0.01579122357991125
- it: 0.015366787076264134
- 's: 0.01507237294693636
- had: 0.014750798553925666
- but: 0.014580026408268302
- normal: 0.010716899636792808
- a: 0.006345596829097621
- ,: 0.004331361048276599
- to: 0.00341654486754389
- in: 0.0033711778411220396
- of: 0.0027960912191517225
- .: 0.0017039777326726213
- the: 0.0011059942776290065
