Texto: 
afebrile
palpable masses noted in right neck and abdomen
chemotherapy followed by bone marrow transplant
• periaortic adenopathy
• no intraspinal mass
• level vi cervical adenopathy
hodgkin's lymphoma
• leukemia
• neuoblastoma
• lymphoma
44 year old man with 3 year history of stage ivb hodgkin lymphoma. now presents with leg weakness.  mri done to exclude intraspinal tumor.


Keywords by value: 
- intraspinal: 0.1899144469812788 (20)
- hodgkin: 0.16885748769841324 (148)
- •: 0.1492394620567512 (8449)
- neuoblastoma: 0.1399288638724841 (1)
- adenopathy: 0.12078994063080134 (418)
- lymphoma: 0.11629517306616598 (867)
- ivb: 0.11438223034178409 (5)
- periaortic: 0.10692185527439145 (8)
- vi: 0.09921538200801525 (11466)
- transplant: 0.07493926764673647 (143)
- exclude: 0.07204527468175306 (157)
- leukemia: 0.0695984384940188 (112)
- 44: 0.0695984384940188 (202)
- afebrile: 0.06266641227795104 (137)
- marrow: 0.05967099394632048 (242)
- stage: 0.05785768934806899 (467)
- done: 0.056230458180996055 (247)
- leg: 0.053336465216012645 (693)
- weakness: 0.05037478338140292 (434)
- cervical: 0.049287165183994106 (1130)
- chemotherapy: 0.048618187065728014 (419)
- palpable: 0.04807334988253636 (406)
- now: 0.046366914122248366 (1220)
- masses: 0.04585067298406487 (522)
- followed: 0.045474220180615414 (433)
- abdomen: 0.040180702585645975 (845)
- neck: 0.03982925614315051 (1226)
- level: 0.03909347662931638 (1166)
- bone: 0.033705312404124915 (2205)
- noted: 0.032149542673850694 (1365)
- man: 0.03207828322365078 (4104)
- 3: 0.0317615162969292 (8405)
- tumor: 0.03162273494620335 (2333)
- mri: 0.03116310880816857 (1820)
- year: 0.03035254823088618 (4271)
- 's: 0.029905501878841983 (1676)
- presents: 0.02770863961123692 (1354)
- by: 0.02258525243245833 (2984)
- mass: 0.018864460427739118 (5255)
- history: 0.018733564090588625 (2881)
- right: 0.014311614430324074 (8044)
- old: 0.01388785074384531 (3947)
- no: 0.01365784366196511 (35870)
- to: 0.006778858864174384 (40381)
- in: 0.006688844922861189 (113220)
- with: 0.003714418288567928 (23954)
- and: 0.0028572858052733087 (31978)
- of: 0.0018492666793331496 (41955)
- .: 0.001690454099873632 (82185)
