Texto: 
proptosis on the left.
endoscopic surgery drainage of left frontal and ethmoid sinuses
proptosis, left.
enhancing extra-conal mass superior left orbit.
opacified left frontal and ethmoid sinuses.
frontoethmoidal mucopyocele
orbital pseudotumor
lymphoma
metastatic disease
hemangioma
53 year old woman with a history of sinus surgery 1 week prior to admission.  presented to er with left proptosis, and pain.


Keywords by value: 
- proptosis: 0.2169303252787249 (126)
- ethmoid: 0.15111748568113342 (77)
- mucopyocele: 0.13356846096918937 (1)
- sinuses: 0.13323266109605758 (120)
- extra-conal: 0.12306623096070535 (2)
- frontoethmoidal: 0.12306623096070535 (2)
- opacified: 0.08895574916363724 (27)
- left: 0.08691866084299225 (7401)
- frontal: 0.08134217983282901 (673)
- endoscopic: 0.07623225439467025 (57)
- pseudotumor: 0.0749139001978577 (83)
- 53: 0.06986099703902322 (157)
- orbit: 0.06522210480984317 (533)
- surgery: 0.06287875952606894 (1277)
- orbital: 0.061414310441950636 (336)
- hemangioma: 0.057853123487914895 (288)
- admission: 0.0570554911623782 (206)
- drainage: 0.054148051650103876 (252)
- er: 0.04966945692345397 (89441)
- sinus: 0.047350893479430875 (907)
- week: 0.04396993058073073 (1278)
- superior: 0.04134460147051805 (703)
- enhancing: 0.04060535655885999 (642)
- lymphoma: 0.03700300961196191 (867)
- presented: 0.035293297500339535 (764)
- prior: 0.033244132912157026 (948)
- metastatic: 0.03259256672145591 (1079)
- 1: 0.03080797527211677 (15898)
- woman: 0.02990762041649858 (987)
- disease: 0.02116269001841976 (3336)
- mass: 0.018006984953750978 (5255)
- history: 0.017882038450107326 (2881)
- pain: 0.01581224496258689 (5051)
- year: 0.014486443473832041 (4271)
- old: 0.013256584800943253 (3947)
- to: 0.012941457831605645 (40381)
- on: 0.010968045641900426 (91641)
- ,: 0.008203335318705679 (45533)
- and: 0.008182227533282658 (31978)
- a: 0.006009087906342444 (549576)
- with: 0.0035455810936330222 (23954)
- of: 0.0035304182059996496 (41955)
- .: 0.003227230554304207 (82185)
- the: 0.002094686131873118 (67588)
