Texto: 
surgical excision, radiation therapy, and periodic mri's to follow this frequently recurring but slow-growing tumor.
t2 hyperintense, enhancing, well-circumscribed left sublingual gland mass. in the axial plain, posterior extension of a spicule is appreciated, which could represent early perineural spread.
adenoid cystic carcinoma
adenoid cystic carcinoma, mucoepidermoid carcinoma, squamous cell carcinoma, adenocarcinoma,
55 yo hispanic woman with increasing fullness and slight pain "underneath her tongue"


Keywords by value: 
- adenoid: 0.14920814078337571
- carcinoma: 0.1196013664205366
- spicule: 0.09171881559069886
- sublingual: 0.08896395693249873
- underneath: 0.08896395693249873
- slow-growing: 0.08671307351528941
- mucoepidermoid: 0.08671307351528941
- recurring: 0.08316144299119335
- perineural: 0.08316144299119335
- periodic: 0.06726200733308671
- hispanic: 0.0668434696580783
- tongue: 0.06425432730027497
- cystic: 0.06085512857411749
- fullness: 0.060292503595582365
- well-circumscribed: 0.05586492571380379
- squamous: 0.05161468439181311
- appreciated: 0.05137726017048117
- 55: 0.05114431591980977
- spread: 0.051029471565954054
- slight: 0.04962627010333033
- represent: 0.04633238754246335
- frequently: 0.04572260043962907
- adenocarcinoma: 0.04557474622917579
- gland: 0.04493047767151443
- hyperintense: 0.04379827487534778
- excision: 0.04329939168599127
- increasing: 0.04323842524598408
- could: 0.038920468442352495
- early: 0.03858220950175849
- extension: 0.03765836198989696
- radiation: 0.03462038579706588
- plain: 0.034262514971470176
- follow: 0.03352098113514116
- ,: 0.033420995742874986
- enhancing: 0.033085846084997025
- yo: 0.031745080534601997
- her: 0.03172113158623377
- axial: 0.030108536741578658
- t2: 0.029859120601856196
- cell: 0.028496798908413407
- therapy: 0.028205441928896454
- ``: 0.025927593057182924
- '': 0.02542900619731164
- tumor: 0.024595460513713717
- woman: 0.024369172191221065
- posterior: 0.02431652529262282
- mri: 0.024237973517464442
- 's: 0.023259834794654877
- but: 0.022500040753500462
- surgical: 0.022175577410511772
- which: 0.019693143052377144
- mass: 0.014672358110463758
- pain: 0.012884051450996725
- this: 0.011865891522396704
- left: 0.011803768756455738
- is: 0.0069418614615398225
- to: 0.005272445783246743
- in: 0.005202434940003147
- a: 0.004896293849612361
- and: 0.004444666808202925
- the: 0.0017067812926373554
- with: 0.0014444960011097499
- of: 0.0014383185283702274
- .: 0.0013147976332350472
