Texto: 
right upper quandrant tenderness.
us: a completely shadowing gallbladder without vascular flow.

ct: a normal appearing gallbladder.
cholelithiasis
gallbladder filled with stones
porcelain gallbladder
air in the gallbladder from any source
adenomyomatosis
right upper quandrant pain worse after fatty meals.


Keywords by value: 
- gallbladder: 0.4463030676798005 (350)
- quandrant: 0.3355176580564517 (5)
- porcelain: 0.1415855071950533 (20)
- adenomyomatosis: 0.13588193622836872 (23)
- meals: 0.12444512979583004 (22)
- cholelithiasis: 0.10337120463956694 (76)
- shadowing: 0.09867070228153137 (96)
- source: 0.09807507240787669 (120)
- fatty: 0.09638025628896991 (116)
- stones: 0.09557995252543261 (195)
- upper: 0.08965567414646601 (1489)
- completely: 0.0892606135359601 (137)
- filled: 0.08633328994582407 (219)
- appearing: 0.08257040406851247 (209)
- worse: 0.08228435875161005 (520)
- us: 0.07792195232851981 (24420)
- air: 0.06285353535982535 (1776)
- flow: 0.061392475583880786 (681)
- vascular: 0.0609087666939934 (1123)
- any: 0.05849641376244116 (1117)
- tenderness: 0.05649809397568768 (608)
- :: 0.04914238330394196 (11095)
- without: 0.04373941665996 (1213)
- right: 0.039201378656974636 (8044)
- after: 0.03843480875237396 (1714)
- normal: 0.029122009882589152 (4858)
- from: 0.027531211155526356 (3282)
- ct: 0.0259848620302618 (27172)
- pain: 0.022687134076755103 (5051)
- a: 0.01724346964428701 (549576)
- in: 0.009160809350875107 (113220)
- .: 0.003086916182377937 (82185)
- the: 0.0030054192326875173 (67588)
- with: 0.0025435690454323856 (23954)
