Texto: 
bilateral papilledema and 6th cnn (abducens) palsy
surgery
• complex pineal region mass
•  involving third ventricle and thalamus on the left
• peripheral ring-like enhancement.
• secondary hydrocephalus
• mass contains fat and calcium on ct
pineal region teratoma
• dermoid inclusion cyst
• pineal germ cell tumor
» teratoma
» seminoma
» mixed tumor
• thalamic astrocytoma
13 year old boy has a recent onset of headaches.


Keywords by value: 
- pineal: 0.21985407621233305
- »: 0.17302800977993452
- •: 0.1717276001748918
- teratoma: 0.10945854406469756
- cnn: 0.09871343166482736
- abducens: 0.09227502578474879
- ring-like: 0.09066155954288052
- thalamic: 0.08116639268589498
- thalamus: 0.07780855079503217
- 6th: 0.07666633697394927
- papilledema: 0.07286316250000023
- seminoma: 0.07286316250000023
- inclusion: 0.07205712825311074
- region: 0.06612606102025513
- palsy: 0.06490384904192847
- contains: 0.06256196139612519
- germ: 0.060562592730055605
- calcium: 0.05727108816077894
- tumor: 0.05458170689344688
- dermoid: 0.053363527371758535
- 13: 0.052872484470756674
- mixed: 0.05140990946492509
- hydrocephalus: 0.05032677900635394
- third: 0.04693762594726023
- complex: 0.04687521750156352
- astrocytoma: 0.04545685203662049
- headaches: 0.04474578546672984
- ventricle: 0.04386836051477298
- peripheral: 0.04235525098649475
- involving: 0.04107407210963416
- boy: 0.0397907093140544
- recent: 0.039352315737531465
- onset: 0.03695097569760479
- fat: 0.03560153866961141
- secondary: 0.032726437897380924
- mass: 0.032560575532809985
- cell: 0.03161973577508885
- cyst: 0.03145713884967263
- enhancement: 0.031376558440041585
- surgery: 0.02842464471726404
- bilateral: 0.02840846204540334
- has: 0.021982191376633944
- on: 0.019832630475765153
- ct: 0.016374022649206066
- left: 0.013097332455793352
- year: 0.013097332455793352
- old: 0.01198540543646924
- (: 0.009895366112929595
- ): 0.009774488933058973
- and: 0.0073976303725569225
- a: 0.005432873997515086
- the: 0.0018938258178578876
- of: 0.001595942476684773
- .: 0.0009725900300642814
