Texto: 
no focal deficit.
radiation and chemotherapy
expansile enhancing mass involving the splenium of the corpus callosum.  lower signal in the mass as compared to the surrounding "vasogenic edema".
diffuse large b-cell lymphoma of the brain
• gbm
• primary cns lymphoma (b-cell)
• metastatic disease
• abscess
58 year old man with 1 month of headaches.


Keywords by value: 
- b-cell: 0.16621908945312555
- •: 0.09793839697474299
- splenium: 0.09650720459923812
- gbm: 0.07897372356676462
- lymphoma: 0.07631870732467143
- 58: 0.07376834158975622
- vasogenic: 0.07227912003031363
- deficit: 0.06888748713597258
- callosum: 0.06851096289254975
- cns: 0.06832604949181534
- corpus: 0.0657866912184126
- expansile: 0.06547727516690979
- compared: 0.05651595926094801
- headaches: 0.05103816154798872
- chemotherapy: 0.04785852789282602
- involving: 0.046850113500051464
- surrounding: 0.04389320725569946
- radiation: 0.043816425774411506
- abscess: 0.042216191314597924
- enhancing: 0.04187427395132436
- diffuse: 0.040421990943364294
- brain: 0.040177367551605656
- month: 0.04005647720000952
- primary: 0.039552879107745256
- focal: 0.03813271256466253
- edema: 0.03776442952236392
- mass: 0.03713940646711139
- signal: 0.03520428641051217
- metastatic: 0.03361108443150141
- ``: 0.03281460996299714
- '': 0.032183585968472546
- 1: 0.03177072449937042
- man: 0.03157706004828124
- lower: 0.030029094833810353
- large: 0.02919597549736062
- disease: 0.021824024081495377
- as: 0.020196523529595747
- year: 0.014939144832389293
- old: 0.013670853075972728
- no: 0.013444439854746906
- (: 0.01128690197256032
- ): 0.011149026439270392
- the: 0.010800725367470766
- to: 0.00667293919442166
- in: 0.006584331720941483
- of: 0.0054611156624057074
- and: 0.0028126407145659133
- .: 0.002218721006084142
- with: 0.0018281902514045271
