Texto: 
non-contributory
pending
bilateral cerebral hemisphere multifocal enhancing lesion.  no restricted diffusion on dwi images.
diffuse large b-cell lymphoma
• multifocal glioma
• metastatic disease
• cerebritis
• primary cns lymphoma
64 year old man with three week history of unsteady gait, memory loss and headache


Keywords by value: 
- multifocal: 0.1915004466162663 (81)
- •: 0.1305845292996573 (8449)
- unsteady: 0.12723892130967265 (18)
- cerebritis: 0.12589436878597327 (22)
- memory: 0.11833383766744476 (30)
- b-cell: 0.11081272630208369 (48)
- lymphoma: 0.10175827643289523 (867)
- 64: 0.0970132362626422 (160)
- dwi: 0.09455942301980089 (124)
- cns: 0.09110139932242045 (119)
- hemisphere: 0.09061688136066488 (203)
- gait: 0.08290076077114625 (182)
- restricted: 0.08193159377875264 (148)
- glioma: 0.0802640373688873 (411)
- diffusion: 0.07968928827474503 (197)
- pending: 0.07703176274061965 (263)
- non-contributory: 0.06575075433764327 (287)
- cerebral: 0.061675968786751474 (595)
- headache: 0.06114552994928746 (758)
- week: 0.06045865454850475 (1278)
- three: 0.060013004757227296 (473)
- enhancing: 0.05583236526843248 (642)
- diffuse: 0.05389598792448572 (824)
- primary: 0.05273717214366034 (748)
- loss: 0.05167633692642582 (858)
- metastatic: 0.044814779242001876 (1079)
- bilateral: 0.04320453602738425 (2204)
- man: 0.04210274673104165 (4104)
- large: 0.038927967329814156 (2420)
- lesion: 0.0362615672083428 (3600)
- images: 0.034151331082278205 (1966)
- disease: 0.02909869877532717 (3336)
- history: 0.02458780286889757 (2881)
- year: 0.019918859776519054 (4271)
- old: 0.01822780410129697 (3947)
- no: 0.017925919806329207 (35870)
- on: 0.015081062757613084 (91641)
- ,: 0.0056397930316101534 (45533)
- and: 0.0037501876194212178 (31978)
- with: 0.0024375870018727027 (23954)
- of: 0.0024271625166247587 (41955)
- .: 0.0014791473373894281 (82185)
