Texto: 
non-contributory
pending
bilateral cerebral hemisphere multifocal enhancing lesion.  no restricted diffusion on dwi images.
diffuse large b-cell lymphoma
• multifocal glioma
• metastatic disease
• cerebritis
• primary cns lymphoma
64 year old man with three week history of unsteady gait, memory loss and headache


Keywords by value: 
- multifocal: 0.1915004466162663
- •: 0.1305845292996573
- unsteady: 0.12723892130967265
- cerebritis: 0.12589436878597327
- memory: 0.11833383766744476
- b-cell: 0.11081272630208369
- lymphoma: 0.10175827643289523
- 64: 0.0970132362626422
- dwi: 0.09455942301980089
- cns: 0.09110139932242045
- hemisphere: 0.09061688136066488
- gait: 0.08290076077114625
- restricted: 0.08193159377875264
- glioma: 0.0802640373688873
- diffusion: 0.07968928827474503
- pending: 0.07703176274061965
- non-contributory: 0.06575075433764327
- cerebral: 0.061675968786751474
- headache: 0.06114552994928746
- week: 0.06045865454850475
- three: 0.060013004757227296
- enhancing: 0.05583236526843248
- diffuse: 0.05389598792448572
- primary: 0.05273717214366034
- loss: 0.05167633692642582
- metastatic: 0.044814779242001876
- bilateral: 0.04320453602738425
- man: 0.04210274673104165
- large: 0.038927967329814156
- lesion: 0.0362615672083428
- images: 0.034151331082278205
- disease: 0.02909869877532717
- history: 0.02458780286889757
- year: 0.019918859776519054
- old: 0.01822780410129697
- no: 0.017925919806329207
- on: 0.015081062757613084
- ,: 0.0056397930316101534
- and: 0.0037501876194212178
- with: 0.0024375870018727027
- of: 0.0024271625166247587
- .: 0.0014791473373894281
