Texto: 
no palpated abnormality.
the patient will resume annual screening mammography.
focal area of architectural distortion in the upper inner quadrant of the right breast.
complex sclerosing lesions/radial scar
complex sclerosing lesion/radial scar
carcinoma of the breast
scar from prior surgery or trauma
dense fibrocystic change
architectural distortion seen on screening mammography.  the patient has no history of trauma or surgery.


Keywords by value: 
- scar: 0.20579121218201107 (242)
- architectural: 0.17476997563191843 (36)
- distortion: 0.15624150171332707 (55)
- sclerosing: 0.15551748640839802 (78)
- mammography: 0.15278064068481353 (67)
- lesions/radial: 0.13562336036871536 (1)
- lesion/radial: 0.13562336036871536 (1)
- resume: 0.11429575481302474 (61)
- screening: 0.1121549055054876 (242)
- complex: 0.10528895008043498 (318)
- fibrocystic: 0.09739402729505381 (14)
- breast: 0.09700178288709392 (1038)
- palpated: 0.07966049637292481 (41)
- trauma: 0.07190796251562859 (1386)
- inner: 0.07070785721215987 (114)
- annual: 0.06589106047404988 (116)
- surgery: 0.06384612505723923 (1277)
- dense: 0.06209838355161491 (433)
- change: 0.05124186908424374 (1174)
- abnormality: 0.04850089144354696 (336)
- quadrant: 0.04626732206132392 (508)
- area: 0.041566711448219495 (1184)
- will: 0.04113047720583295 (776)
- focal: 0.03754605544828311 (922)
- carcinoma: 0.037260425692551793 (1515)
- prior: 0.033755581110805594 (948)
- upper: 0.03172431546721105 (1489)
- or: 0.030816084583498694 (60128)
- no: 0.026475204637040062 (35870)
- patient: 0.026356674797427322 (8535)
- seen: 0.025978886385656774 (1897)
- has: 0.024687691853758124 (2768)
- from: 0.019483626356218652 (3282)
- history: 0.018157146733955132 (2881)
- right: 0.01387125706323718 (8044)
- on: 0.01113678480562197 (91641)
- the: 0.010634560361817369 (67588)
- of: 0.007169464664491596 (41955)
- in: 0.0064830343098500765 (113220)
- .: 0.0027307335459497138 (82185)
