Texto: 
n/a
none, bi-rads 2, benign
bilateral cc and mlo mammograms demonstrate innumerable round rim hyperdense foci throughout both breasts.
siliconomas:  silicone granulomas from silicone breast augmentation
silicone injection granulomas
steatocystoma multiplex
multiple oil cysts (prior breast trauma, vasculitis)
undergoing screening mammography


Keywords by value: 
- silicone: 0.3473388678715635 (73)
- granulomas: 0.22847141307463725 (43)
- steatocystoma: 0.16921606757096985 (2)
- multiplex: 0.1607688778187164 (3)
- siliconomas: 0.15477550130930431 (4)
- bi-rads: 0.1501266773235916 (8)
- breast: 0.13135658099293968 (1038)
- innumerable: 0.12867627279898414 (14)
- augmentation: 0.12867627279898414 (19)
- oil: 0.12867627279898414 (192)
- mammograms: 0.11279835504800713 (37)
- mlo: 0.11211523373919483 (54)
- breasts: 0.11019078956979868 (45)
- mammography: 0.10344522546367582 (67)
- cc: 0.0954460816535258 (3964)
- vasculitis: 0.09110139932242045 (125)
- hyperdense: 0.0890046592020103 (126)
- undergoing: 0.08730303355587972 (105)
- injection: 0.08306676430550411 (207)
- round: 0.07690738426173414 (1271)
- foci: 0.07641716556568844 (211)
- screening: 0.07593821726934055 (242)
- rim: 0.07535461234793067 (1355)
- cysts: 0.06973871422565348 (578)
- throughout: 0.06664056929791513 (323)
- n/a: 0.06448347181998096 (371)
- benign: 0.06143854931319169 (529)
- trauma: 0.048687682953290186 (1386)
- prior: 0.0457106827542159 (948)
- both: 0.04546249980596086 (1020)
- none: 0.04416082306058347 (942)
- bilateral: 0.04320453602738425 (2204)
- demonstrate: 0.04096775294443834 (3313)
- 2: 0.03833551034396971 (13754)
- multiple: 0.0374959584058181 (1682)
- from: 0.026384077357379424 (3282)
- :: 0.02354739199980552 (11095)
- ,: 0.01691937909483046 (45533)
- (: 0.015049202630080426 (9594)
- ): 0.014865368585693855 (10569)
- and: 0.0037501876194212178 (31978)
- .: 0.0007395736686947141 (82185)
