Texto: 
non-contributory
stereotactic biopsy followed by gamma knife radiation
• isointense  mass arising within the atrium of the right lateral ventricle
• mass is attached to the glomus of the choroid plexus
• mass enhances homogeneously.
• minimal edema in the periventricular white matter.
• no hydrocephalus
intraventricular meningioma
• meningioma
• choroid plexus papilloma
• ependymoma
• metastatic disease
• xanthogranuloma of the choroid plexus
71 year old woman with headache and blurred vision


Keywords by value: 
- •: 0.20618609889419576
- choroid: 0.1721514918834075
- plexus: 0.16389786828372754
- xanthogranuloma: 0.09775294819535009
- meningioma: 0.08647603516987039
- stereotactic: 0.0765761335580593
- blurred: 0.07532205224484449
- glomus: 0.07214886728672755
- knife: 0.07080962130896515
- gamma: 0.0681306876873699
- attached: 0.06681380007477801
- homogeneously: 0.06561680299312372
- intraventricular: 0.06533382660863736
- 71: 0.06505680806656063
- periventricular: 0.0647855016559983
- atrium: 0.06326559524650036
- papilloma: 0.056496445354177076
- isointense: 0.055268393514805766
- enhances: 0.05311045961651274
- vision: 0.051947157546196256
- ependymoma: 0.050330076805102125
- hydrocephalus: 0.048340195624524185
- mass: 0.04691293448477228
- arising: 0.04654478637810501
- minimal: 0.044269473294747334
- matter: 0.044269473294747334
- ventricle: 0.04213671470497931
- non-contributory: 0.04152679221324838
- biopsy: 0.03989070054785211
- headache: 0.03861822944165524
- followed: 0.037695735149720674
- white: 0.037290844904105495
- radiation: 0.03689804275739916
- edema: 0.03180162486093804
- metastatic: 0.028304071100211714
- woman: 0.025972407203801395
- lateral: 0.024298263758217767
- within: 0.02144909747876423
- by: 0.018721985569011508
- disease: 0.018378125542311895
- year: 0.012580332490433088
- right: 0.011863575119873904
- old: 0.011512297327134928
- no: 0.011321633561892131
- the: 0.010914417213444142
- is: 0.007398562873483232
- to: 0.005619317216355082
- in: 0.005544700396582301
- of: 0.004598834242025859
- and: 0.0023685395491081372
- with: 0.001539528632761707
- .: 0.0009341983183512177
