Texto: 
deformed pinna
no patent external auditory canal
surgery pending
• deformed pinna
• bony atretic plate
a• nterior displacement descending portion facial nerve canal
• normal middle ear and inner ear
microtia and atresia of the external auditory canal
none
5 year old girl with decreased hearing on the right side.


Keywords by value: 
- pinna: 0.2771569427512461 (8)
- deformed: 0.24040650255788312 (16)
- canal: 0.195864428347743 (437)
- auditory: 0.18708748866865657 (94)
- a•: 0.1695292004608942 (1)
- nterior: 0.1695292004608942 (1436)
- ear: 0.16193647069147718 (9744)
- microtia: 0.14840204106343055 (4)
- external: 0.13975903360286207 (281)
- atretic: 0.13857847137562304 (10)
- atresia: 0.09047393384217668 (137)
- •: 0.09040467413053199 (8449)
- inner: 0.08838482151519984 (114)
- plate: 0.08236382559256235 (352)
- patent: 0.08096823534573859 (151)
- hearing: 0.08096823534573859 (181)
- descending: 0.08021399086202166 (133)
- facial: 0.07145484607965961 (258)
- pending: 0.07110624252980276 (263)
- displacement: 0.0704274390282446 (249)
- bony: 0.06571837927786049 (304)
- middle: 0.060099210954662266 (443)
- portion: 0.059523204756905514 (507)
- nerve: 0.0592105024324482 (856)
- girl: 0.05777648905749612 (357)
- side: 0.05693166349546291 (2155)
- decreased: 0.04886070005239538 (680)
- 5: 0.048080008123926224 (8237)
- none: 0.04076383667130782 (942)
- surgery: 0.03990382816077452 (1277)
- normal: 0.025761777973059636 (4858)
- year: 0.0183866397937099 (4271)
- right: 0.017339071329046475 (8044)
- old: 0.01682566532427413 (3947)
- no: 0.01654700289815004 (35870)
- on: 0.013920981007027464 (91641)
- and: 0.006923423297393018 (31978)
- the: 0.0053172801809086845 (67588)
- with: 0.0022500803094209565 (23954)
- of: 0.0022404577076536236 (41955)
- .: 0.0006826833864874284 (82185)
