Texto: 
temperature 102 f
hr 170
burr hole drainage of the fluid collections and antibiotic therapy.
bilateral pia-arachnoid (leptomeningeal) enhancement
bilateral extra-axial enhancing collections
brain parenchyma is normal
hemophilus flu meningitis and subdural empyema
• meningitis 
• subdural hematomas
• child abuse
• subdural empyema vs. subdural effusion
5 month old boy presents with barking cough and fever.

fever has worsened and patient has had a febrile seizure.
subdural empyemas are often treated with surgical drainage, in addition to antibiotic therapy.  craniotomy may be preferred over burr hole drainage.  pmid: 16902341

diffusion weighted imaging and adc maps will demonstrate restricted diffusion in empyema as compared to a more liquid effusion. pmid: 15205140


Keywords by value: 
- subdural: 0.18804323910325496
- empyema: 0.12694147588590912
- burr: 0.11420746267867388
- hole: 0.11170094755953147
- pmid: 0.08750457267449353
- drainage: 0.08716515631480136
- collections: 0.07473188160634783
- meningitis: 0.07208929738687182
- hemophilus: 0.0716708814956626
- 16902341: 0.0716708814956626
- 15205140: 0.0716708814956626
- antibiotic: 0.07110353117847451
- barking: 0.06603553856428092
- pia-arachnoid: 0.0627390742707186
- empyemas: 0.0627390742707186
- diffusion: 0.06219651767784979
- flu: 0.05710373133933694
- 170: 0.055850473779765736
- maps: 0.05476485270151758
- effusion: 0.05279957593829921
- •: 0.0509598163120614
- liquid: 0.04863662666593726
- 102: 0.048171924114392965
- fever: 0.04701240043173929
- hematomas: 0.04375228633724677
- craniotomy: 0.04167999162481758
- adc: 0.04147923867692838
- leptomeningeal: 0.04128332362344008
- preferred: 0.04128332362344008
- abuse: 0.040368868473629596
- febrile: 0.04003006606386888
- temperature: 0.03924011688944898
- worsened: 0.03824914276254624
- therapy: 0.0371486308331807
- extra-axial: 0.0370149475359771
- f: 0.03625048453070656
- hr: 0.03383380547812175
- bilateral: 0.03372061348478771
- restricted: 0.03197330488926933
- seizure: 0.030720047329698127
- child: 0.03040930576205424
- weighted: 0.03020855281416504
- parenchyma: 0.02958836334465585
- addition: 0.029451720106311287
- compared: 0.029406677989436365
- vs: 0.02735349569431543
- cough: 0.026619958364293272
- has: 0.026092682447061432
- boy: 0.02361562422704042
- often: 0.022166451613980915
- enhancing: 0.021788240104754143
- will: 0.021735618035602783
- brain: 0.020905296937420832
- month: 0.020842394640655362
- treated: 0.020795535252714305
- 5: 0.020326507499546047
- fluid: 0.019745033370763037
- enhancement: 0.018621859887179158
- :: 0.01837845229253114
- over: 0.01768815113934929
- more: 0.017375417148879403
- imaging: 0.01627702296305368
- demonstrate: 0.015987415783195454
- may: 0.015238442023561984
- had: 0.014990648936916328
- surgical: 0.014603429026434583
- presents: 0.014192230044779887
- normal: 0.010891158167472367
- be: 0.0107134692954791
- as: 0.010508760210521365
- are: 0.009470519288858552
- and: 0.007317439257407254
- old: 0.007113289405384185
- patient: 0.006964162039970635
- to: 0.00694419688525181
- in: 0.006851987481955366
- a: 0.0064487772653431105
- (: 0.005872859562958216
- ): 0.005801119448075652
- is: 0.004571469742965249
- ,: 0.002200894841603963
- .: 0.0020202988022879993
- with: 0.0019025069282908901
- the: 0.001123977924419722
- of: 0.0009471853723413695
