Texto: 
negative
surgery and radiation therapy
large heterogeneous right frontal mass with irregular ring enhancement, probable necrosis, and surrounding vasogenic edema.
glioblastoma multiforme
• high grade astrocytoma
• metastatic disease
• abscess/cerebritis
55 year old woman with 1 week history of morning headaches.  patient has had nausea and vomiting for two days.


Keywords by value: 
- abscess/cerebritis: 0.14504234363225987 (2)
- multiforme: 0.08866733611172213 (63)
- probable: 0.08792318081885485 (50)
- glioblastoma: 0.08401150999630691 (88)
- •: 0.08394719740692257 (8449)
- morning: 0.08343542317098153 (73)
- vasogenic: 0.08260470860607272 (74)
- 55: 0.07397659981258199 (215)
- ring: 0.07091663102692691 (2836)
- nausea: 0.06143285743361308 (251)
- irregular: 0.06086333308047106 (401)
- necrosis: 0.06023394131151258 (442)
- astrocytoma: 0.05925625354773743 (413)
- headaches: 0.05832932748341568 (322)
- vomiting: 0.05825997926865858 (307)
- grade: 0.05812208558841018 (661)
- heterogeneous: 0.05611062779991081 (406)
- week: 0.05182170389871835 (1278)
- surrounding: 0.05016366543508509 (472)
- radiation: 0.050075915170756005 (533)
- frontal: 0.047933784544345666 (673)
- days: 0.04676918386021388 (624)
- negative: 0.04557357431026561 (803)
- two: 0.04370234352885724 (791)
- edema: 0.043159348025558764 (980)
- high: 0.04175975109065742 (1383)
- enhancement: 0.04090158510933992 (898)
- therapy: 0.04079715707572523 (1469)
- metastatic: 0.038412667921715896 (1079)
- surgery: 0.037053554720719195 (1277)
- 1: 0.036309399427851906 (15898)
- woman: 0.03524826691944475 (987)
- large: 0.03336682913984071 (2420)
- had: 0.032925889629298356 (2121)
- has: 0.028655356615969248 (2768)
- disease: 0.024941741807423288 (3336)
- mass: 0.021222517981206508 (5255)
- history: 0.021075259601912203 (2881)
- year: 0.017073308379873475 (4271)
- right: 0.016100566234114582 (8044)
- old: 0.015623832086825974 (3947)
- patient: 0.015296284480649784 (8535)
- for: 0.013019788368619912 (12260)
- ,: 0.009668216625617405 (45533)
- and: 0.009643339592797416 (31978)
- with: 0.004178720574638919 (23954)
- of: 0.002080425014249793 (41955)
- .: 0.0019017608623578361 (82185)
