Texto: 
• normal exam
• negative renal ultrasound
medical therapy for seizures with anti-epileptic drugs.
• ct calcified subependymal lesions in the lateral ventricular walls and low density lesion in both cerebral hemispheres.

• mri bilateral sub-cortical and subependymal lesions best seen on t2 sequences. no mass effect of enhancement.
tuberous sclerosis
none
2 year old boy presents with seizures.  ct scan ordered. patient had prior mri at age 2 months.


Keywords by value: 
- subependymal: 0.13251808720161534
- anti-epileptic: 0.10548534082346174
- sub-cortical: 0.10548534082346174
- seizures: 0.09542480175230748
- •: 0.08140334294004613
- drugs: 0.061313946256420754
- tuberous: 0.06109927999731412
- lesions: 0.059417156008933714
- hemispheres: 0.05912777333669069
- walls: 0.05663858607419468
- ordered: 0.0522042581606462
- mri: 0.05099417804973039
- ventricular: 0.049588391561069915
- 2: 0.047794921987286916
- calcified: 0.04763667463835124
- best: 0.046690423362184076
- sequences: 0.046344082490987176
- sclerosis: 0.03986123679774474
- effect: 0.03929296432557461
- cerebral: 0.03844735716576716
- boy: 0.037723659479558073
- density: 0.03651469294623324
- medical: 0.03414688052033772
- age: 0.03377805617590009
- renal: 0.03334383830465025
- negative: 0.033144417680193175
- ultrasound: 0.032923669935146796
- t2: 0.03141024375000458
- scan: 0.03106846052510362
- ct: 0.031046848140053065
- low: 0.030859325361901294
- months: 0.03031092590506581
- enhancement: 0.029746607352247222
- therapy: 0.029670659691436535
- prior: 0.028494971067563164
- both: 0.02834025961930028
- none: 0.02752882476503905
- bilateral: 0.02693269778330447
- exam: 0.02437966155778621
- lateral: 0.023982701891227927
- had: 0.023946101548580626
- presents: 0.02267070513646657
- lesion: 0.022604613324681232
- seen: 0.021930228767112862
- normal: 0.017397564345442873
- mass: 0.015434558531786553
- at: 0.01503588510170952
- year: 0.012416951548998894
- old: 0.011362786972237074
- no: 0.011174599359789638
- patient: 0.011124570531381663
- in: 0.010945382601045583
- for: 0.009468936995359938
- on: 0.009401181978771794
- and: 0.004675558590447233
- .: 0.003227230554304207
- with: 0.003039069508828305
- the: 0.0017954452558912443
- of: 0.00151303637399985
