Texto: 
• normal exam
• negative renal ultrasound
medical therapy for seizures with anti-epileptic drugs.
• ct calcified subependymal lesions in the lateral ventricular walls and low density lesion in both cerebral hemispheres.

• mri bilateral sub-cortical and subependymal lesions best seen on t2 sequences. no mass effect of enhancement.
tuberous sclerosis
none
2 year old boy presents with seizures.  ct scan ordered. patient had prior mri at age 2 months.


Keywords by value: 
- subependymal: 0.13251808720161534 (74)
- anti-epileptic: 0.10548534082346174 (2)
- sub-cortical: 0.10548534082346174 (2)
- seizures: 0.09542480175230748 (215)
- •: 0.08140334294004613 (8449)
- drugs: 0.061313946256420754 (71)
- tuberous: 0.06109927999731412 (111)
- lesions: 0.059417156008933714 (1314)
- hemispheres: 0.05912777333669069 (89)
- walls: 0.05663858607419468 (103)
- ordered: 0.0522042581606462 (134)
- mri: 0.05099417804973039 (1820)
- ventricular: 0.049588391561069915 (414)
- 2: 0.047794921987286916 (13754)
- calcified: 0.04763667463835124 (261)
- best: 0.046690423362184076 (312)
- sequences: 0.046344082490987176 (242)
- sclerosis: 0.03986123679774474 (540)
- effect: 0.03929296432557461 (544)
- cerebral: 0.03844735716576716 (595)
- boy: 0.037723659479558073 (395)
- density: 0.03651469294623324 (574)
- medical: 0.03414688052033772 (618)
- age: 0.03377805617590009 (7466)
- renal: 0.03334383830465025 (1899)
- negative: 0.033144417680193175 (803)
- ultrasound: 0.032923669935146796 (868)
- t2: 0.03141024375000458 (1171)
- scan: 0.03106846052510362 (1175)
- ct: 0.031046848140053065 (27172)
- low: 0.030859325361901294 (6753)
- months: 0.03031092590506581 (910)
- enhancement: 0.029746607352247222 (898)
- therapy: 0.029670659691436535 (1469)
- prior: 0.028494971067563164 (948)
- both: 0.02834025961930028 (1020)
- none: 0.02752882476503905 (942)
- bilateral: 0.02693269778330447 (2204)
- exam: 0.02437966155778621 (2159)
- lateral: 0.023982701891227927 (4830)
- had: 0.023946101548580626 (2121)
- presents: 0.02267070513646657 (1354)
- lesion: 0.022604613324681232 (3600)
- seen: 0.021930228767112862 (1897)
- normal: 0.017397564345442873 (4858)
- mass: 0.015434558531786553 (5255)
- at: 0.01503588510170952 (83424)
- year: 0.012416951548998894 (4271)
- old: 0.011362786972237074 (3947)
- no: 0.011174599359789638 (35870)
- patient: 0.011124570531381663 (8535)
- in: 0.010945382601045583 (113220)
- for: 0.009468936995359938 (12260)
- on: 0.009401181978771794 (91641)
- and: 0.004675558590447233 (31978)
- .: 0.003227230554304207 (82185)
- with: 0.003039069508828305 (23954)
- the: 0.0017954452558912443 (67588)
- of: 0.00151303637399985 (41955)
