Texto: 
bitemporal hemianopsia noted
radiation therapy
• isointense enhancing hypothalamic mass.
• enhancing tumor extending along the ependymal surfaces
• enhancing tumor right basal ganglia and  corpus callosum.
germinoma, primary intracranial
• craniopharyngioma
• metastatic disease, lymphoma
• ependymoma
• langerhan histiocytosis
• germinioma
• trilateral retinoblastoma
34 year old man presents with signs and symptoms of hypo-thyroidism and evidence of pituitary dysfunction


Keywords by value: 
- •: 0.21368377521762105
- germinioma: 0.13356846096918937
- trilateral: 0.13356846096918937
- hypo-thyroidism: 0.13356846096918937
- enhancing: 0.12181606967657997
- ependymal: 0.09591836021482572
- bitemporal: 0.09155954093525329
- germinoma: 0.09155954093525329
- langerhan: 0.0906409860592467
- retinoblastoma: 0.08895574916363724
- hemianopsia: 0.08673448440315427
- hypothalamic: 0.0854161302063417
- surfaces: 0.08420336190825782
- histiocytosis: 0.07204659717303151
- dysfunction: 0.06898240222613913
- craniopharyngioma: 0.0685614997396683
- callosum: 0.06643487310792703
- ganglia: 0.06625556314357851
- pituitary: 0.0648927110729279
- 34: 0.06425465826459266
- corpus: 0.06379315512088495
- isointense: 0.06364239253220058
- tumor: 0.06037067580638822
- basal: 0.05902329542633899
- ependymoma: 0.057955846017996394
- intracranial: 0.054719874801359134
- signs: 0.04556630203009174
- extending: 0.04352604619454238
- along: 0.04278869510391691
- radiation: 0.04248865529639904
- primary: 0.038354307013571155
- lymphoma: 0.03700300961196191
- therapy: 0.034615769640009286
- evidence: 0.033946099747982995
- metastatic: 0.03259256672145591
- symptoms: 0.03226753752875969
- noted: 0.0306881998250393
- man: 0.030620179440757563
- presents: 0.026449155992544333
- disease: 0.02116269001841976
- mass: 0.018006984953750978
- year: 0.014486443473832041
- right: 0.01366108650167298
- old: 0.013256584800943253
- ,: 0.008203335318705679
- and: 0.008182227533282658
- of: 0.0035304182059996496
- the: 0.002094686131873118
- with: 0.0017727905468165111
- .: 0.0010757435181014024
