Texto: 
normal vital signs
tenderness to palpation throughout the abdomen, but no rigidity or guarding
ng suction
frequent abdominal exams
surgery to relieve obstruction
multiple dilated air-filled loops of bowel throughout the abdomen
air-fluid levels on the upright abdominal radiograph
absent bowel gas in the rectum and colon
small bowel obstruction secondary to adhesions
adynamic ileus
small bowel obstruction
closed-loop obstruction
47 year old hispanic male with nausea, vomiting, and abdominal pain.  the patient has undergone 2 abdominal operations in the past.


Keywords by value: 
- obstruction: 0.14015814179485747 (606)
- bowel: 0.12464900152952368 (1076)
- abdominal: 0.09934508084288908 (1376)
- closed-loop: 0.09444617724891341 (3)
- operations: 0.08973146668951615 (4)
- adynamic: 0.08379163385502789 (5)
- suction: 0.07987916598733935 (19)
- throughout: 0.07438947270464946 (323)
- rigidity: 0.07026662443868276 (21)
- ng: 0.06826836563720998 (40380)
- air-filled: 0.06656367407683933 (22)
- undergone: 0.06604679311671335 (26)
- hispanic: 0.06295722142214352 (31)
- upright: 0.06257594441257386 (35)
- relieve: 0.061501836038957404 (102)
- adhesions: 0.06116477165671028 (52)
- ileus: 0.06116477165671028 (58)
- air-fluid: 0.059906474160893626 (46)
- abdomen: 0.05886940146269061 (845)
- exams: 0.05612249276049097 (61)
- rectum: 0.055493804141069164 (82)
- guarding: 0.05378911258069852 (68)
- 47: 0.052148663763722874 (172)
- frequent: 0.04967701908949412 (314)
- loops: 0.04872727454281659 (146)
- vital: 0.04753640238667625 (235)
- gas: 0.04733239878608428 (1068)
- small: 0.04578082056700276 (1623)
- absent: 0.04306430971639483 (200)
- levels: 0.04101455108455771 (281)
- nausea: 0.04000279088700387 (251)
- colon: 0.0390224756956086 (798)
- vomiting: 0.03793673068656838 (307)
- dilated: 0.03610571403013522 (410)
- signs: 0.034969487604489 (450)
- palpation: 0.033162082329628514 (417)
- radiograph: 0.03165056574327166 (1777)
- past: 0.03157208688309807 (582)
- tenderness: 0.03021991073118178 (608)
- secondary: 0.02777941821521869 (822)
- surgery: 0.024127896097212498 (1277)
- 2: 0.02139656391291333 (13754)
- but: 0.021191898849227182 (2727)
- multiple: 0.02092797678464266 (1682)
- has: 0.018659301982491605 (2768)
- male: 0.0179675062545055 (2906)
- normal: 0.01557688900696629 (4858)
- to: 0.014897724713127428 (40381)
- pain: 0.012134978692217845 (5051)
- or: 0.01164561336004311 (60128)
- year: 0.011117503131080404 (4271)
- old: 0.010173658103049472 (3947)
- no: 0.010005164543067465 (35870)
- patient: 0.00996037128972544 (8535)
- in: 0.009799935584657091 (113220)
- the: 0.009645298932811103 (67588)
- ,: 0.009443374378510025 (45533)
- on: 0.008417337353086373 (91641)
- and: 0.0041862559472608946 (31978)
- with: 0.0013605136754638342 (23954)
- of: 0.0013546953581161445 (41955)
- .: 0.0008255706069150296 (82185)
