Texto: 
not available
gamma knife radiation
• enlarged optic nerve/nerve sheath complex on left.
• enhancement of optic nerve sheath best seen on fat suppressed images--"tram track" sign
• loss of csf signal in nerve sheath due compression by tumor
• loss of target sign on coronal t2 sequences through orbit due to compression of nerve and increased t2 signal of nerve.
optic nerve meningioma
optic nerve meningioma
optic neuritis
optic nerve glioma (astrocytoma)
optic nerve meningioma
sarcoidosis
lymphoma
49 year old woman with progressive loss of vision in the left eye
th mr diagnosis  of optic nerve sheath meningioma requires post contrast t1 images with fat suppression.  without these images contrast enhancement of the optic nerve sheath tumor is obscured by adjacent orbital fat.


Keywords by value: 
- optic: 0.26568174758539875
- nerve: 0.22977209899158998
- sheath: 0.17554643879825324
- meningioma: 0.09809221899865896
- nerve/nerve: 0.06578745092512311
- fat: 0.058184604243618654
- loss: 0.0555327799806367
- tram: 0.05126573339485959
- th: 0.050269230464825836
- compression: 0.047742497407461594
- •: 0.046776547808832475
- sign: 0.044185768683045835
- obscured: 0.04381402570746312
- suppression: 0.04343123992845154
- suppressed: 0.04306713422569459
- track: 0.04176598954550968
- neuritis: 0.040405380912718974
- knife: 0.04016068074239815
- gamma: 0.038641285554030694
- target: 0.038447438640573525
- images: 0.03669993787946315
- t2: 0.0360983398320948
- 49: 0.03535806701537894
- enhancement: 0.03418639949437367
- due: 0.03403398735750507
- requires: 0.033872032126495845
- signal: 0.03362797507869819
- orbit: 0.03212432027947499
- '': 0.030742529880331982
- orbital: 0.030248839471408523
- tumor: 0.029734810471803153
- vision: 0.02946256696649937
- --: 0.029292308177199584
- sarcoidosis: 0.028803666913173414
- glioma: 0.02875129696795963
- contrast: 0.028548890847879184
- best: 0.02682957163349383
- eye: 0.026749326918745608
- csf: 0.02663055486422397
- sequences: 0.02663055486422397
- coronal: 0.026552410835363558
- complex: 0.025536499086672663
- progressive: 0.025204769515248526
- astrocytoma: 0.02476380745278579
- enlarged: 0.02175836619689557
- available: 0.021438201857013412
- by: 0.02123687915290858
- radiation: 0.020927248131062212
- mr: 0.020262682626465925
- t1: 0.020212653255404806
- adjacent: 0.020162957045778113
- post: 0.020080858455763385
- lymphoma: 0.018225362943205117
- through: 0.018111619540454243
- these: 0.016595855910133135
- on: 0.016206515202211075
- increased: 0.01560063269999743
- without: 0.015015023629538509
- woman: 0.01473061901111124
- diagnosis: 0.014643427841644924
- left: 0.014270227899595742
- seen: 0.012601698619908135
- not: 0.009215064714492054
- year: 0.007135113949797871
- of: 0.006955450793909757
- old: 0.006529362663151153
- in: 0.0062895108976157455
- (: 0.005390759151073586
- ): 0.005324908150099291
- is: 0.0041961998386919825
- to: 0.0031870754361416885
- the: 0.002063422159755609
- with: 0.0017463309864162648
- and: 0.0013433507890464064
- .: 0.0010596876446969036
