Texto: 
non-contributory
tumor resection
left cerebellar hemisphere lesion, partially fluid with an enhancing nodule.
cerebellar hemangioblastoma
• astrocytoma - pilocytic
• hemangioblastoma
• abscess
• hematoma
34 year old man who with chronic headaches.


Keywords by value: 
- hemangioblastoma: 0.26228743676357763 (101)
- cerebellar: 0.20475665050241248 (289)
- •: 0.17411270573287643 (8449)
- pilocytic: 0.12494528640083856 (120)
- hemisphere: 0.1208225084808865 (203)
- 34: 0.11780020681841986 (235)
- partially: 0.10861787904244635 (157)
- nodule: 0.09783926664561127 (649)
- astrocytoma: 0.09217639440759155 (413)
- headaches: 0.09073450941864661 (322)
- non-contributory: 0.08766767245019103 (287)
- hematoma: 0.08447130217839138 (649)
- abscess: 0.07505100678150742 (839)
- enhancing: 0.07444315369124331 (642)
- resection: 0.07402543487556162 (574)
- fluid: 0.06746219735010703 (1076)
- chronic: 0.06686082313630555 (888)
- who: 0.06188801136504728 (941)
- man: 0.05613699564138886 (4104)
- tumor: 0.055339786155855865 (2333)
- -: 0.050881346075232314 (21459)
- lesion: 0.0483487562777904 (3600)
- an: 0.03282402400790916 (75109)
- left: 0.026558479702025406 (7401)
- year: 0.026558479702025406 (4271)
- old: 0.024303738801729292 (3947)
- ,: 0.007519724042146871 (45533)
- with: 0.006500232004993874 (23954)
- .: 0.001972196449852571 (82185)
