Texto: 
anticoagulation
intraluminal filling defects representing acute pulmonary emboli are present in multiple segmental and subsegmental branches predominantly on the right.
pulmonary embolism
acute pulmonary embolism
chronic pulmonary embolism
65 y/o male admitted for chest pain.  mi ruled out and ready for discharge.  to follow up with primary care.


Keywords by value: 
- embolism: 0.24119939052328054
- pulmonary: 0.1920423315553895
- ready: 0.1350722875911239
- subsegmental: 0.1252487179033164
- mi: 0.1252487179033164
- intraluminal: 0.09317743289258418
- ruled: 0.09144375795038615
- branches: 0.08985353264567242
- emboli: 0.088958916960386
- segmental: 0.08624586699384937
- representing: 0.08478459955196625
- anticoagulation: 0.0829943991083891
- acute: 0.08114920496563444
- 65: 0.08021399086202166
- discharge: 0.07966710749047293
- predominantly: 0.07698719362680924
- defects: 0.07548402491816816
- admitted: 0.07099143162621614
- filling: 0.06615846185158333
- care: 0.05927263744362986
- out: 0.054308728401125314
- follow: 0.05221537446050835
- primary: 0.04868046659414801
- chronic: 0.046288262171288466
- y/o: 0.045512096727300784
- up: 0.044189368289504295
- chest: 0.03932171153956767
- present: 0.03711555296022463
- multiple: 0.03461165391306287
- male: 0.029715491113220638
- for: 0.028042621101642892
- are: 0.022401420625569265
- pain: 0.020069387837129516
- right: 0.017339071329046475
- on: 0.013920981007027464
- to: 0.008212848239288197
- in: 0.008103792887312595
- and: 0.006923423297393018
- .: 0.0027307335459497138
- the: 0.0026586400904543422
- with: 0.0022500803094209565
