Texto: 
left hemiplegia and mild aphasia.
anti-coagulation
• ct scan hemorrhagic infarct right parietal lobe

• mri scan infarct with hemorrhage and leptomeningeal and vascular enhancement.  no restricted diffusion

• mrv scan shows occlusion of multiple posterior convexity veins and the left transverse sinus
venous infarction, thrombosis of transverse sinus and multiple cerebral veins
• venous infarct
• arterial infact
• avm
37 y.o. previously healthy man presents to er with a first time seizure.
the etiology of this patient's venous thrombosis has not been determined to date.


Keywords by value: 
- infarct: 0.1210097203123475
- •: 0.10002219265505666
- venous: 0.09899315803586581
- veins: 0.08698150223945016
- infact: 0.08640820471709099
- thrombosis: 0.07804306270538394
- scan: 0.07634908916275462
- anti-coagulation: 0.07308093909479983
- transverse: 0.0729031211521276
- sinus: 0.06649274403494548
- mrv: 0.06089868053838492
- hemiplegia: 0.059973027591686726
- aphasia: 0.05725033212214204
- convexity: 0.05626763722713124
- leptomeningeal: 0.054019668145565206
- determined: 0.04743414465188198
- 37: 0.045677977094866574
- date: 0.045677977094866574
- occlusion: 0.04533661204644636
- avm: 0.043304109527694125
- hemorrhagic: 0.0424170711347255
- restricted: 0.04183740958915029
- healthy: 0.04098589142241054
- diffusion: 0.04069240252327406
- seizure: 0.04019750873992414
- arterial: 0.03979090009290076
- parietal: 0.038837579255776425
- etiology: 0.03847895098617737
- multiple: 0.03829374475487806
- previously: 0.038189061172907414
- infarction: 0.037154345157745634
- er: 0.03487429954199959
- cerebral: 0.03149411172089437
- first: 0.030505142923253747
- hemorrhage: 0.030258048767830167
- vascular: 0.02980641774386911
- y.o: 0.026238079070071276
- time: 0.025676608800418218
- shows: 0.024993337231158284
- been: 0.024731860526212672
- lobe: 0.02446090795663334
- enhancement: 0.02436690176726634
- mild: 0.023938866531182306
- man: 0.021499274926489353
- posterior: 0.020953601581940942
- mri: 0.02088591335015553
- left: 0.020342665303679036
- 's: 0.02004304913156431
- presents: 0.018570683994765167
- has: 0.01707127628185402
- not: 0.013136368848318461
- ct: 0.012715996312681308
- this: 0.010224863971426947
- right: 0.009591826692664007
- and: 0.009574947113415876
- no: 0.00915366117770002
- patient: 0.009112680116131786
- to: 0.009086555498786942
- a: 0.0042191468278574605
- of: 0.003718206408446439
- the: 0.002941474142630336
- ,: 0.0028798943140136953
- with: 0.0024894505551040368
- .: 0.0018882731966673551
