Texto: 
neurologic exam reveals multiple brainstem findings.
steroids
lesions present in brainstem, both thalami, and basal ganglia.
no mass effect present.  
brainstem lesions enhance.
there are no lesions in the periventricular white matter.
behcet disease involving the brain
• multiple sclerosis
• adem
• lyme disease
• behcet disease
• basilar artery thrombosis
23 year old male present to er on multiple occasions with ulcers in mouth.  presents now with a seizure and multiple lower cranial nerve palsies.


Keywords by value: 
- brainstem: 0.16709883953132612 (69)
- behcet: 0.1633432315055452 (13)
- •: 0.09110548555790046 (8449)
- multiple: 0.08371190713857064 (1682)
- lesions: 0.07979862231432376 (1314)
- palsies: 0.07832647537542631 (8)
- occasions: 0.07361176481602905 (12)
- present: 0.06732588676505863 (4525)
- thalami: 0.06257594441257386 (109)
- lyme: 0.061501836038957404 (40)
- adem: 0.059906474160893626 (73)
- ulcers: 0.05850382314009578 (78)
- periventricular: 0.05725230378902176 (70)
- mouth: 0.055909130682953806 (80)
- basilar: 0.052148663763722874 (187)
- ganglia: 0.05084729264507188 (121)
- disease: 0.04872340260054782 (3336)
- enhance: 0.04806264182374742 (1462)
- 23: 0.047231723637908535 (337)
- steroids: 0.0467410218415088 (185)
- basal: 0.04529694765277178 (202)
- seizure: 0.043936811878521734 (414)
- cranial: 0.04320525576909651 (530)
- thrombosis: 0.04265144124596564 (328)
- neurologic: 0.04149412036983735 (446)
- matter: 0.03912186012093951 (399)
- reveals: 0.03887497384063981 (273)
- er: 0.03811842042962746 (89441)
- nerve: 0.03580169914520123 (856)
- sclerosis: 0.035689712016585405 (540)
- effect: 0.03518090991940982 (544)
- involving: 0.03486520074422435 (400)
- now: 0.033966460345367995 (1220)
- white: 0.03295470014781416 (558)
- brain: 0.029899436317473976 (978)
- artery: 0.029587558047769753 (1331)
- both: 0.02537441849635025 (1020)
- lower: 0.022347233364696076 (1849)
- exam: 0.02182830162732021 (2159)
- findings: 0.021149266695232087 (1669)
- presents: 0.0202981894826503 (1354)
- no: 0.02001032908613493 (35870)
- male: 0.0179675062545055 (2906)
- there: 0.014787390191453356 (3976)
- in: 0.014699903376985637 (113220)
- mass: 0.013819314034274006 (5255)
- are: 0.013545045029413973 (8518)
- year: 0.011117503131080404 (4271)
- old: 0.010173658103049472 (3947)
- on: 0.008417337353086373 (91641)
- ,: 0.006295582919006683 (45533)
- to: 0.004965908237709142 (40381)
- a: 0.004611625602541875 (549576)
- and: 0.0041862559472608946 (31978)
- the: 0.0032150996442703674 (67588)
- .: 0.002889497124202604 (82185)
- with: 0.0027210273509276684 (23954)
