Texto: 
non contributory
none.
• left pleural based mass
• smooth, sessile, well demarcated
• attenuation like normal fat
pleural based lipoma
• tumor
  mesothelioma
  fibrous tumor of pleura
  malignant thymoma, lymphoma 
  mets – breast, lung, prostate, thyroid, renal
  lipoma
  extrapleural tumors

• inflammatory
  infectious – tb
  asbestos related
  actinomycosis

• trauma, surgery, chest tubes
  hematoma
60 y.o. man for routine annual physical exam


Keywords by value: 
- •: 0.1270552176969639 (8449)
- extrapleural: 0.10976177355954801 (2)
- lipoma: 0.10797937455030977 (428)
- –: 0.10393797633487832 (572)
- actinomycosis: 0.09102806597684679 (8)
- pleural: 0.08968514050468368 (568)
- based: 0.08807271249370165 (378)
- sessile: 0.08166121218549617 (24)
- demarcated: 0.08006954954149101 (32)
- asbestos: 0.0767570838923966 (99)
- mesothelioma: 0.07229435839414557 (92)
- thymoma: 0.07229435839414557 (49)
- tubes: 0.0703324393421929 (51)
- pleura: 0.06962103753833584 (627)
- mets: 0.06653646116021449 (55)
- prostate: 0.06133584195878977 (143)
- contributory: 0.05941456508337703 (483)
- annual: 0.0578772828488276 (116)
- tb: 0.055608622407757866 (355)
- tumor: 0.053844116259751655 (2333)
- like: 0.05345548675141657 (1342)
- smooth: 0.05054519741530637 (207)
- 60: 0.05037732552343398 (445)
- infectious: 0.04964668739815998 (227)
- non: 0.047733982367952836 (3524)
- related: 0.04766555936854004 (331)
- thyroid: 0.047328546553036636 (1100)
- fibrous: 0.046678733219690176 (323)
- attenuation: 0.04642731176251404 (324)
- routine: 0.04630333370472969 (253)
- tumors: 0.04337454537392569 (533)
- breast: 0.04260213437608855 (1038)
- malignant: 0.04173879292404461 (482)
- hematoma: 0.04109414700570392 (649)
- inflammatory: 0.04004481005664897 (519)
- fat: 0.03512043679569775 (1111)
- renal: 0.03469561553321715 (1899)
- lung: 0.033448096219442516 (1511)
- y.o: 0.033329451791712164 (586)
- lymphoma: 0.03300268424850657 (867)
- ,: 0.032924197157507926 (45533)
- trauma: 0.03158119975348553 (1386)
- none: 0.02864485820145955 (942)
- physical: 0.028331152291638358 (1030)
- surgery: 0.028040527896760474 (1277)
- chest: 0.027631472973750255 (1824)
- man: 0.027309889771486476 (4104)
- well: 0.026122715580657447 (2228)
- exam: 0.0253680262155343 (2159)
- normal: 0.01810287100809596 (4858)
- mass: 0.016060283877669793 (5255)
- left: 0.012920341476661011 (7401)
- for: 0.00985281281949615 (12260)
- of: 0.0015743756864593033 (41955)
- .: 0.0009594469215498994 (82185)
