Texto: 
decreased right-sided breath sounds.
ethambutol, rifampin, isoniazid, pyridoxine, pyrazinamide.
large, right pleural effusion. no lymphadenopathy by size criteria.
tuberculous pleuritis
- infection (including parapneumonic effusion and tb)
- hemothorax (in the setting of trauma)
- malignancy 
- pulmonary embolism
dyspnea on exertion, cough, myalgias, night sweats, and chills for 10 days. history of positive tuberculin skin test without evidence of active tb 6 months prior. denies prior treatment for tb.


Keywords by value: 
- tb: 0.1371679352724694 (355)
- pyridoxine: 0.09024856937118393 (3)
- pleuritis: 0.09024856937118393 (2)
- ethambutol: 0.08574340150331543 (3)
- pyrazinamide: 0.08574340150331543 (4)
- parapneumonic: 0.08574340150331543 (4)
- tuberculin: 0.08574340150331543 (3)
- -: 0.08141015372037172 (21459)
- isoniazid: 0.08006756123924887 (6)
- rifampin: 0.07804176616376048 (7)
- myalgias: 0.07804176616376048 (8)
- effusion: 0.07215942044900892 (600)
- tuberculous: 0.06647005644344758 (23)
- hemothorax: 0.060535806599778044 (42)
- exertion: 0.05565395482440199 (64)
- sweats: 0.054047496726500784 (62)
- criteria: 0.05191537441749962 (83)
- prior: 0.048758061604496965 (948)
- setting: 0.04795231948484704 (115)
- chills: 0.047469151574405496 (104)
- embolism: 0.046453215952631806 (226)
- right-sided: 0.046345861386945846 (134)
- night: 0.04613421477616035 (156)
- dyspnea: 0.04494259777223148 (137)
- test: 0.040563693889366495 (1518)
- lymphadenopathy: 0.04037483192971571 (222)
- denies: 0.04006702523472308 (287)
- sounds: 0.03787051836118199 (271)
- pleural: 0.036870557763036625 (568)
- malignancy: 0.03668988530890573 (319)
- skin: 0.03646809928043309 (390)
- cough: 0.03638060976453414 (327)
- active: 0.03625065376716534 (628)
- breath: 0.03550130620277054 (438)
- including: 0.034282429344365824 (392)
- 10: 0.032006935870521225 (1995)
- size: 0.03183195412643079 (636)
- positive: 0.03080983989204574 (589)
- days: 0.029100825513021972 (624)
- 6: 0.02835689068194305 (5312)
- decreased: 0.02823062669693955 (680)
- pulmonary: 0.027739447891334038 (1648)
- infection: 0.027600184156364525 (920)
- ,: 0.02707100655172874 (45533)
- trauma: 0.02596676424175477 (1386)
- months: 0.02593268105211186 (910)
- evidence: 0.024893806481854196 (1043)
- without: 0.022355701848424003 (1213)
- large: 0.020761582575900887 (2420)
- treatment: 0.019217966217787635 (1790)
- for: 0.016202403303171447 (12260)
- (: 0.016052482805419124 (9594)
- ): 0.015856393158073447 (10569)
- by: 0.01580967670272083 (2984)
- history: 0.013113494863412038 (2881)
- right: 0.010018130101226852 (8044)
- no: 0.009560490563375578 (35870)
- on: 0.008043233470726979 (91641)
- in: 0.004682191446002832 (113220)
- and: 0.004000200127382633 (31978)
- of: 0.0038834600265996145 (41955)
- .: 0.0027610750297935994 (82185)
- the: 0.00153610316337362 (67588)
