Texto: 
bilateral retroareolar nodular masses.
depends on etiology
mammographic images demonstrate fibroglandular elements in the retroareolar region bilaterally without distinct mass, calcifications, or suspicious architecture.
gynecomastia (confirmed with imaging alone)
1. gynecomastia (multiple etiologies)
2. bilateral primary breast masses in a man (very rare)
3. bilateral metastic disease to the breast in a man (very rare)
progressive bilateral retroareolar fullness for two months.


Keywords by value: 
- retroareolar: 0.2694430752914665 (17)
- gynecomastia: 0.18318955399763162 (25)
- bilateral: 0.11060361223010369 (2204)
- metastic: 0.09365011939651258 (6)
- rare: 0.0884893386312879 (488)
- breast: 0.0840682118354814 (1038)
- fibroglandular: 0.08334092088673282 (20)
- very: 0.08271428315885677 (654)
- mammographic: 0.08235281459134987 (23)
- architecture: 0.07828105926400078 (21)
- masses: 0.077029130613229 (522)
- depends: 0.07573365610716465 (23)
- distinct: 0.06770465074244172 (115)
- fullness: 0.06511590388322896 (60)
- etiologies: 0.06317307973414373 (69)
- elements: 0.06251178718561876 (73)
- alone: 0.06167818242586763 (76)
- suspicious: 0.05486717410898776 (134)
- man: 0.053891515815733315 (4104)
- etiology: 0.04822695190267564 (220)
- nodular: 0.047792130761492156 (392)
- progressive: 0.045032521533910706 (323)
- confirmed: 0.0428453280411573 (298)
- calcifications: 0.04236218339510337 (461)
- 3.: 0.0389849894952097 (1190)
- (: 0.0385259587330059 (9594)
- ): 0.038055343579376275 (10569)
- bilaterally: 0.03742273651365205 (732)
- 2.: 0.03623258855733678 (1513)
- 1.: 0.03558918888396801 (1783)
- primary: 0.033751790171942624 (748)
- two: 0.032631083168213414 (791)
- region: 0.03218134969652417 (1007)
- months: 0.03111921726253423 (910)
- without: 0.026826842218108805 (1213)
- imaging: 0.026694317659408037 (1530)
- demonstrate: 0.026219361884440545 (3313)
- multiple: 0.023997413379723588 (1682)
- images: 0.021856851892658055 (1966)
- disease: 0.01862316721620939 (3336)
- in: 0.016855889205610198 (113220)
- mass: 0.01584614675930086 (5255)
- or: 0.013353636652849435 (60128)
- a: 0.010575994715162702 (549576)
- for: 0.009721441981902869 (12260)
- on: 0.009651880164872374 (91641)
- ,: 0.007218935080460997 (45533)
- to: 0.005694241445906484 (40381)
- the: 0.003686647592096688 (67588)
- with: 0.00156005568119853 (23954)
- .: 0.001419981443893851 (82185)
