Texto: 
not available.
imaging followup for prognosis.
• cavum septum pellucidum
• minimal sulcation
• echogenic mass
• mild assymetry of the ventricles
• echogenic mass adjacent to the caudate nucleus (caudothalamic groove.
germinal matrix hemorrhage
• germinal matrix hemorrhage
•
2 day old former 23+5 week premature female infant.  screening head sonography due to extreme prematurity.
the patient was followed with serial sonography.  the severity and extent remained stable.


Keywords by value: 
- germinal: 0.16235244328584317
- •: 0.14245585014508072
- sonography: 0.13189217677099038
- matrix: 0.1239601858735571
- 23+5: 0.11448725225930519
- echogenic: 0.1104200060389263
- caudothalamic: 0.10021956019868038
- assymetry: 0.09358546118873244
- sulcation: 0.08921569188196345
- cavum: 0.08334575520997568
- groove: 0.08021378044612
- former: 0.07847960651593139
- prematurity: 0.07494799982133864
- caudate: 0.07434384377413224
- hemorrhage: 0.07387679439418275
- extreme: 0.07168417607743077
- nucleus: 0.07121186901027655
- pellucidum: 0.07031585769226419
- premature: 0.060475783644244496
- remained: 0.060475783644244496
- severity: 0.060274430572348846
- septum: 0.05679048269449587
- serial: 0.05534599392683062
- extent: 0.05507542136965085
- followup: 0.052978181500935105
- prognosis: 0.05264083752167198
- infant: 0.05253030908442641
- ventricles: 0.0522042581606462
- screening: 0.047338109466601906
- stable: 0.04574303375638969
- minimal: 0.043694545070140235
- week: 0.03768851192634063
- available: 0.03730803959532204
- followed: 0.037206180147776255
- day: 0.03523324453705103
- adjacent: 0.03508878239135412
- head: 0.03147534169576489
- mass: 0.030869117063573107
- due: 0.02961398899938753
- mild: 0.029224070830274507
- imaging: 0.026000958759163674
- 2: 0.023897460993643458
- female: 0.02281506846036148
- not: 0.01603660612651864
- was: 0.012834773015762167
- old: 0.011362786972237074
- patient: 0.011124570531381663
- to: 0.011092678141376267
- for: 0.009468936995359938
- (: 0.009381321120050138
- the: 0.007181781023564977
- .: 0.003227230554304207
- and: 0.0023377792952236163
- with: 0.0015195347544141526
- of: 0.00151303637399985
