Texto: 
not available.
imaging followup for prognosis.
• cavum septum pellucidum
• minimal sulcation
• echogenic mass
• mild assymetry of the ventricles
• echogenic mass adjacent to the caudate nucleus (caudothalamic groove.
germinal matrix hemorrhage
• germinal matrix hemorrhage
•
2 day old former 23+5 week premature female infant.  screening head sonography due to extreme prematurity.
the patient was followed with serial sonography.  the severity and extent remained stable.


Keywords by value: 
- germinal: 0.16235244328584317 (26)
- •: 0.14245585014508072 (8449)
- sonography: 0.13189217677099038 (85)
- matrix: 0.1239601858735571 (86)
- 23+5: 0.11448725225930519 (1)
- echogenic: 0.1104200060389263 (232)
- caudothalamic: 0.10021956019868038 (4)
- assymetry: 0.09358546118873244 (5)
- sulcation: 0.08921569188196345 (7)
- cavum: 0.08334575520997568 (39)
- groove: 0.08021378044612 (20)
- former: 0.07847960651593139 (24)
- prematurity: 0.07494799982133864 (24)
- caudate: 0.07434384377413224 (32)
- hemorrhage: 0.07387679439418275 (714)
- extreme: 0.07168417607743077 (97)
- nucleus: 0.07121186901027655 (42)
- pellucidum: 0.07031585769226419 (39)
- premature: 0.060475783644244496 (86)
- remained: 0.060475783644244496 (73)
- severity: 0.060274430572348846 (76)
- septum: 0.05679048269449587 (135)
- serial: 0.05534599392683062 (106)
- extent: 0.05507542136965085 (117)
- followup: 0.052978181500935105 (127)
- prognosis: 0.05264083752167198 (166)
- infant: 0.05253030908442641 (265)
- ventricles: 0.0522042581606462 (143)
- screening: 0.047338109466601906 (242)
- stable: 0.04574303375638969 (297)
- minimal: 0.043694545070140235 (368)
- week: 0.03768851192634063 (1278)
- available: 0.03730803959532204 (447)
- followed: 0.037206180147776255 (433)
- day: 0.03523324453705103 (1324)
- adjacent: 0.03508878239135412 (562)
- head: 0.03147534169576489 (1929)
- mass: 0.030869117063573107 (5255)
- due: 0.02961398899938753 (1041)
- mild: 0.029224070830274507 (1287)
- imaging: 0.026000958759163674 (1530)
- 2: 0.023897460993643458 (13754)
- female: 0.02281506846036148 (1301)
- not: 0.01603660612651864 (5583)
- was: 0.012834773015762167 (7680)
- old: 0.011362786972237074 (3947)
- patient: 0.011124570531381663 (8535)
- to: 0.011092678141376267 (40381)
- for: 0.009468936995359938 (12260)
- (: 0.009381321120050138 (9594)
- the: 0.007181781023564977 (67588)
- .: 0.003227230554304207 (82185)
- and: 0.0023377792952236163 (31978)
- with: 0.0015195347544141526 (23954)
- of: 0.00151303637399985 (41955)
