Texto: 
n/a
no treatment needed unless continued growth causes impingment of adjacent nerve or vascular structure or causes delterious mass effect on adjacent soft tissues.  

lesions should be followed over time and should stop growing after growth plate fusion.  rarely, malignant degeneration to chondrosarcoma may occur and assessment of cartilagenous cap thickness can be performed using mri.
frontal radiograph of the knees and lateral radiograph of the right knee demonstrating multiple bilateral exophytic lesions about the distal femurs, proximal tibiae, and proximal fibulae.  the cortex and medullary cavities of these lesions are contiguous with those of the adjacent normal bone.
multiple hereditary exostosis.
multiple hereditary exostoses
multiple enchondromatosis
solitary exostosis (not the case in this patient)
16 year old girl with family history
please see factoid.


Keywords by value: 
- exostosis: 0.08356899227165229
- hereditary: 0.07158387472318761
- delterious: 0.06434684980997443
- adjacent: 0.05916429731680877
- impingment: 0.05632778200947729
- growth: 0.05424309483419415
- cartilagenous: 0.052599127821404364
- fibulae: 0.052599127821404364
- multiple: 0.0525490803935553
- lesions: 0.05009256583234922
- causes: 0.04856322186583666
- tibiae: 0.04684396460706662
- enchondromatosis: 0.04508365762300175
- cavities: 0.04458006002090721
- exostoses: 0.04366646043730133
- femurs: 0.042854594487591664
- stop: 0.04146003071560108
- should: 0.0397694677648
- cap: 0.039768048131241046
- radiograph: 0.039736476699581934
- exophytic: 0.03798978475417718
- proximal: 0.03745318513440898
- knees: 0.036243582644207586
- contiguous: 0.03593940237851001
- growing: 0.03446112307842626
- unless: 0.033765428335328994
- assessment: 0.033547523494820375
- thickness: 0.03218101588833756
- degeneration: 0.03166555919334519
- plate: 0.031262181976738995
- chondrosarcoma: 0.031184114172967112
- solitary: 0.030954798871993542
- medullary: 0.029970716953680032
- rarely: 0.029905252209280316
- those: 0.028381494443863457
- structure: 0.028328791903910994
- 16: 0.028224514843710437
- fusion: 0.02782169429212437
- please: 0.027676189073870233
- needed: 0.02716619140992508
- using: 0.027077174817999396
- demonstrating: 0.027077174817999396
- continued: 0.026859269977490774
- cortex: 0.026689511859503422
- tissues: 0.02560037026689995
- family: 0.025564324415508835
- about: 0.024044215373023734
- occur: 0.02340180021008422
- knee: 0.022616720602629755
- n/a: 0.02259274925079625
- malignant: 0.022545041433425554
- nerve: 0.02247405931742559
- effect: 0.022084366810724416
- girl: 0.021929762269998525
- factoid: 0.021864492654117787
- followed: 0.02091150271079395
- vascular: 0.02045111874396859
- frontal: 0.01959337178455005
- be: 0.019237324428378527
- see: 0.018614724169553197
- time: 0.01761752720612637
- performed: 0.01739108270968846
- distal: 0.016958237875518443
- these: 0.01623244300699153
- over: 0.01588060284773695
- bone: 0.015499523222334817
- soft: 0.015189246452507663
- bilateral: 0.015137355688426599
- or: 0.014620770057864343
- mri: 0.014330480692807443
- can: 0.01414760841218299
- may: 0.013681228970059297
- case: 0.01364601775815526
- lateral: 0.0134793288001792
- after: 0.012905118267220456
- treatment: 0.012624941310955378
- normal: 0.009778193099263512
- not: 0.009013274976218505
- mass: 0.008674897860931128
- history: 0.008614704654796228
- are: 0.008502728996566436
- this: 0.0070156000971834526
- year: 0.006978870578634414
- right: 0.006581253351170924
- and: 0.006569671742051768
- old: 0.006386383918702588
- no: 0.006280614238713883
- patient: 0.006252495846105021
- the: 0.00605471319869894
- ,: 0.005927957639064688
- on: 0.005283876002667358
- (: 0.005272713330247157
- ): 0.005208304321994928
- of: 0.005102356239327961
- to: 0.0031172854630874907
- in: 0.0030758921908047806
- .: 0.0018138449100833863
- with: 0.0017080901618962004
