Texto: 
lp and csf -polymicrobial growth
antibiotics
• abscess left occipital lobe
• ependymitis
• septic emboli
brain, cerebral abscess, ependymitis and septic emboli
• metastatic disease
• primary tumor
47 y.o. man who suffered a wooden foreign body injury to the left eye three weeks prior to admission.

admitted now with headache, seizures, and decreased mental status.
this is an unusual case with a well-formed abscess cavity with breakthrough into the ventricular system as well as multiple enhancing septic emboli.


Keywords by value: 
- ependymitis: 0.18459934644105802
- emboli: 0.157699898247957
- septic: 0.1528904005800057
- -polymicrobial: 0.10017634572689203
- wooden: 0.09229967322052901
- well-formed: 0.09229967322052901
- abscess: 0.09210805377730455
- •: 0.08903490634067544
- breakthrough: 0.07520788462079862
- lp: 0.06798073954443502
- suffered: 0.06044330525568202
- 47: 0.0509634668600019
- foreign: 0.04784486634066371
- unusual: 0.046970309055025895
- occipital: 0.04530914416663861
- mental: 0.04530914416663861
- ventricular: 0.043389842615936175
- admission: 0.04279161837178365
- cavity: 0.04250391600832581
- growth: 0.04222331813798068
- admitted: 0.04194948232458227
- seizures: 0.04174835076663452
- eye: 0.04073192962627172
- csf: 0.040551072179613776
- system: 0.0382327269363727
- antibiotics: 0.03647404951898297
- status: 0.034662810467973336
- cerebral: 0.03364143752004626
- headache: 0.03335210724506589
- now: 0.03319449533751872
- three: 0.03273436623121489
- body: 0.03153708764419414
- injury: 0.030956915248736366
- enhancing: 0.030454017419144993
- as: 0.029376761497593815
- brain: 0.02921990367389502
- decreased: 0.028872231849142723
- primary: 0.028765730260178368
- y.o: 0.02802703900666705
- weeks: 0.027559974510240323
- lobe: 0.026128697135494705
- who: 0.025317822831155707
- prior: 0.024933099684117766
- metastatic: 0.024444425041091934
- into: 0.023105981454087578
- man: 0.02296513458056817
- tumor: 0.022639003427395582
- well: 0.0219668290110074
- left: 0.021729665210748064
- case: 0.021244368555309895
- multiple: 0.020452340948628057
- disease: 0.01587201751381482
- an: 0.013428009821417385
- ,: 0.012305002978058517
- this: 0.010922013787660603
- to: 0.009706093373704233
- a: 0.009013631859513666
- is: 0.006389667936190064
- and: 0.0061366706499619925
- with: 0.003988778730337149
- the: 0.0031420291978096772
- .: 0.0016136152771521035
