Texto: 
none
surgery
left sacral ala fracture
left inferior and superior pubic rami fractures
vertical shear or malgaigne fracture
none
fall from 30 feet
bladder and urethral injuries are common, but the patient did not have these.


Keywords by value: 
- malgaigne: 0.23198732694648677 (1)
- shear: 0.19550589639070018 (12)
- ala: 0.18483576196680113 (1105)
- rami: 0.18483576196680113 (304)
- pubic: 0.1442977345734551 (62)
- urethral: 0.1407837505570203 (89)
- sacral: 0.13491155183822529 (193)
- vertical: 0.1318119982683205 (76)
- fracture: 0.11858285948804098 (2836)
- feet: 0.11507545177568898 (112)
- none: 0.11156418457410561 (942)
- injuries: 0.10492643912274202 (230)
- fall: 0.09892822680574184 (368)
- bladder: 0.09127397087497445 (843)
- 30: 0.08647603516987039 (631)
- fractures: 0.08515233152579672 (616)
- did: 0.08119522739455062 (588)
- inferior: 0.07629779898313323 (623)
- superior: 0.07180904465932082 (703)
- common: 0.05884913715674729 (1580)
- these: 0.05852222873573263 (1129)
- surgery: 0.054605238535796706 (1277)
- left: 0.05032132996173235 (7401)
- have: 0.04869573890434452 (1751)
- but: 0.04796061318509309 (2727)
- from: 0.03332725560932138 (3282)
- not: 0.03249522820373514 (5583)
- are: 0.030654575592884255 (8518)
- or: 0.026355861814834406 (60128)
- patient: 0.022541892918852315 (8535)
- and: 0.009474158196432549 (31978)
- ,: 0.007123949092560194 (45533)
- the: 0.003638139071148047 (67588)
- .: 0.0009341983183512177 (82185)
