Texto: 
routine follow-up cxr
left lower lobectomy with the resultant f/u cxr
findings typical for left lower lobectomy
adenocarcinoma of the lung
hypogenetic lung
congenital venolobar lung
atelectasis
pt has hx adenocarcinoma of the lung.
can you determine from her cxr alone what tx she had?
cxr findings after a lobectomy include:
mediastinal shift toward lobectomy side
small hemithorax with rib crowding
small pulmonary artery to involved side
peripheral vascularity increased- small irregular bronchial vessels
elevation of involved hemidiaphragm


Keywords by value: 
- lobectomy: 0.28739684693395096 (27)
- cxr: 0.17807566770988034 (258)
- lung: 0.12223008001178992 (1511)
- hypogenetic: 0.10883356078970985 (1)
- venolobar: 0.10883356078970985 (1)
- increased-: 0.10883356078970985 (1)
- adenocarcinoma: 0.09114949245835158 (301)
- involved: 0.08850394585461509 (225)
- crowding: 0.08316144299119335 (8)
- side: 0.07309744448800175 (2155)
- small: 0.0729101957178192 (1623)
- f/u: 0.06566680077160515 (36)
- tx: 0.06529824567099181 (55)
- resultant: 0.06183772758266887 (50)
- hemidiaphragm: 0.06130087434884493 (70)
- you: 0.06104095571677293 (375)
- toward: 0.060052774140556424 (96)
- bronchial: 0.05981761123968366 (143)
- hemithorax: 0.05958684416545955 (73)
- vascularity: 0.05828609705857281 (78)
- alone: 0.05710942817209965 (76)
- what: 0.05569695470076948 (210)
- determine: 0.053418296965856274 (200)
- rib: 0.052743501749339436 (1922)
- hx: 0.05222902401599908 (200)
- elevation: 0.05210368609669023 (119)
- atelectasis: 0.050691212625360055 (172)
- shift: 0.05004128998973755 (173)
- lower: 0.047453384428737345 (1849)
- findings: 0.04490955397012246 (1669)
- mediastinal: 0.04479176071760176 (308)
- vessels: 0.04247209896644855 (276)
- routine: 0.04230181103888885 (253)
- typical: 0.04230181103888885 (904)
- irregular: 0.042078353734646655 (401)
- ?: 0.041171351859561806 (590)
- pt: 0.03922424388435496 (6984)
- congenital: 0.03858220950175849 (459)
- peripheral: 0.03817201632116194 (434)
- follow-up: 0.034321444338786936 (523)
- her: 0.03172113158623377 (13092)
- artery: 0.03141395051985431 (1331)
- pulmonary: 0.03082160876814893 (1648)
- she: 0.029614643721656446 (2424)
- include: 0.029594487506546748 (1283)
- can: 0.02392867101813666 (6061)
- left: 0.023607537512911475 (7401)
- had: 0.022763578015317386 (2121)
- after: 0.02182717534085435 (1714)
- has: 0.019811110746842935 (2768)
- from: 0.01563500880437299 (3282)
- :: 0.013954010073958826 (11095)
- for: 0.009001335168428581 (12260)
- to: 0.005272445783246743 (40381)
- the: 0.005120343877912066 (67588)
- a: 0.004896293849612361 (549576)
- of: 0.004314955585110683 (41955)
- with: 0.0028889920022194997 (23954)
- .: 0.00043826587774501574 (82185)
