Texto: 
bilateral neck masses
no surgery on right neck mass to date
bilateral enhancing neck masses.
left sided mass at c1-2 compresses and displaced cervical cord and medulla.
neurofibromatosis type 1 with left c1-2 schwannoma
• schwannoma
• neurofibroma
• glomus vagale tumor
• glomus carotid body tumor
18 year old woman with headache and neck pain


Keywords by value: 
- c1-2: 0.24848553488042752 (10)
- glomus: 0.18907979013073428 (46)
- neck: 0.17305125082886086 (1226)
- schwannoma: 0.13458150131829125 (243)
- vagale: 0.1330501057810067 (3)
- •: 0.10806995528247502 (8449)
- masses: 0.09960663441365818 (522)
- compresses: 0.09869786156221004 (25)
- medulla: 0.09719766540721642 (373)
- neurofibroma: 0.08168932724242722 (198)
- neurofibromatosis: 0.08139954934042065 (93)
- date: 0.07402982494685272 (300)
- bilateral: 0.07151095618325669 (2204)
- tumor: 0.06869766557278659 (2333)
- displaced: 0.06767533268525422 (244)
- carotid: 0.06606744486652004 (322)
- 18: 0.06395815431148133 (533)
- cord: 0.05598575724492071 (753)
- sided: 0.05447459677839044 (654)
- cervical: 0.05353605873433842 (1130)
- headache: 0.05060319719941031 (758)
- type: 0.04966593497149845 (949)
- body: 0.04784937435670835 (675)
- enhancing: 0.046206095394564814 (642)
- mass: 0.040981414032674635 (5255)
- surgery: 0.03577584593724612 (1277)
- 1: 0.035057351171719084 (15898)
- woman: 0.0340328094394639 (987)
- left: 0.03296914721630741 (7401)
- at: 0.019961433669510913 (83424)
- pain: 0.017993244267771286 (5051)
- year: 0.016484573608153703 (4271)
- right: 0.015545374295007184 (8044)
- old: 0.015085079256245769 (3947)
- no: 0.014835243977651758 (35870)
- on: 0.012480879523541863 (91641)
- and: 0.009310810641321644 (31978)
- to: 0.007363243249017004 (40381)
- with: 0.004034626761720336 (23954)
- .: 0.001224121934391251 (82185)
