Texto: 
bilateral neck masses
no surgery on right neck mass to date
bilateral enhancing neck masses.
left sided mass at c1-2 compresses and displaced cervical cord and medulla.
neurofibromatosis type 1 with left c1-2 schwannoma
• schwannoma
• neurofibroma
• glomus vagale tumor
• glomus carotid body tumor
18 year old woman with headache and neck pain


Keywords by value: 
- c1-2: 0.24848553488042752
- glomus: 0.18907979013073428
- neck: 0.17305125082886086
- schwannoma: 0.13458150131829125
- vagale: 0.1330501057810067
- •: 0.10806995528247502
- masses: 0.09960663441365818
- compresses: 0.09869786156221004
- medulla: 0.09719766540721642
- neurofibroma: 0.08168932724242722
- neurofibromatosis: 0.08139954934042065
- date: 0.07402982494685272
- bilateral: 0.07151095618325669
- tumor: 0.06869766557278659
- displaced: 0.06767533268525422
- carotid: 0.06606744486652004
- 18: 0.06395815431148133
- cord: 0.05598575724492071
- sided: 0.05447459677839044
- cervical: 0.05353605873433842
- headache: 0.05060319719941031
- type: 0.04966593497149845
- body: 0.04784937435670835
- enhancing: 0.046206095394564814
- mass: 0.040981414032674635
- surgery: 0.03577584593724612
- 1: 0.035057351171719084
- woman: 0.0340328094394639
- left: 0.03296914721630741
- at: 0.019961433669510913
- pain: 0.017993244267771286
- year: 0.016484573608153703
- right: 0.015545374295007184
- old: 0.015085079256245769
- no: 0.014835243977651758
- on: 0.012480879523541863
- and: 0.009310810641321644
- to: 0.007363243249017004
- with: 0.004034626761720336
- .: 0.001224121934391251
