Texto: 
abnormal eeg with left temporal lobe spikes.
surgical removal
• left posterior temporal lobe cortical lesion - 8 mm. and cystic appearing • no pathologic enhancement nor edema.
• lesion appears unchanged on mri pver three years.
dnet (dysembryoplastic neuroepithelial tumor)
• pleomorphic xanthoastrocytoma
• gangliocytoma
• ependymoma
• astrocytoma
• dnet
• cortical dysplasia
21 year old man with a three year history of epilepsy, with poor  seizure control.
no further seizures following surgery reported.


Keywords by value: 
- •: 0.1659191666395646
- dnet: 0.12587723579215931
- pver: 0.10371198145842939
- spikes: 0.09555730874595944
- temporal: 0.08051507947327381
- gangliocytoma: 0.07924796332101955
- epilepsy: 0.07353610666476425
- cortical: 0.07329587883707793
- dysembryoplastic: 0.07266424816883811
- eeg: 0.06907152288000068
- xanthoastrocytoma: 0.06907152288000068
- neuroepithelial: 0.06789407042638912
- three: 0.0677793936081626
- unchanged: 0.06331213199389826
- pleomorphic: 0.05656688516157679
- lobe: 0.05410177289231845
- nor: 0.05372968449314281
- control: 0.04582985291927498
- 21: 0.045491276865745056
- poor: 0.045243589698711735
- ependymoma: 0.04500100984926778
- appearing: 0.04468515984884204
- seizure: 0.044453715547680815
- pathologic: 0.044004054220384364
- seizures: 0.0432218219701628
- lesion: 0.040954240611775404
- dysplasia: 0.03968353780523182
- removal: 0.03963271826235515
- astrocytoma: 0.039039414102038775
- 8: 0.037589618332345275
- appears: 0.037420339068202926
- mm: 0.03696700184464712
- reported: 0.036647939418538965
- further: 0.03196993108000304
- years: 0.029520507494335088
- cystic: 0.028995678908844216
- abnormal: 0.028671673415469546
- following: 0.028532679492954686
- edema: 0.0284343939933093
- enhancement: 0.02694692666027101
- surgery: 0.024411753698356176
- man: 0.023775668742235283
- tumor: 0.02343802707777425
- posterior: 0.023172218220028806
- mri: 0.02309736299899553
- left: 0.022496594571127404
- year: 0.022496594571127404
- -: 0.021549746573039572
- surgical: 0.02113202082648769
- no: 0.0202457447224424
- history: 0.013884876914200981
- old: 0.010293348198379466
- on: 0.008516364851357977
- (: 0.008498373249927771
- ): 0.008394561083685942
- a: 0.004665880021395309
- with: 0.004129559156113755
- ,: 0.003184824300203381
- .: 0.002505849606871502
- and: 0.0021177530086143345
- of: 0.0013706329505645696
