Texto: 
palpable right neck mass.
surgical removal
low attenuttion mass right neck mass extending from masticator space of base of neck.  mass has septations which enhance.  no bone destruction nor lymphadenopathy.
lymphangioma
lipoma
branchial cleft cyst
hemangioma
lymphangioma
necrotic neoplasm
39 y.o. woman noted trouble swallowing and a right neck mass.
social: long history of cigarette smoking


Keywords by value: 
- lymphangioma: 0.17522798596705297 (39)
- neck: 0.15931702457260205 (1226)
- attenuttion: 0.1399288638724841 (1)
- masticator: 0.1399288638724841 (1)
- cigarette: 0.10337989414241987 (18)
- mass: 0.0943223021386956 (5255)
- trouble: 0.09404994708048148 (25)
- branchial: 0.08948356497807225 (43)
- septations: 0.08304761088111727 (47)
- social: 0.07915677821392703 (63)
- swallowing: 0.07632040061482583 (70)
- necrotic: 0.07416482059642802 (81)
- nor: 0.07249243145900221 (5303)
- smoking: 0.06850331354978148 (113)
- destruction: 0.06699045355288744 (123)
- cleft: 0.06620837340992262 (181)
- enhance: 0.06560932058479807 (1462)
- lipoma: 0.06341645806922953 (428)
- 39: 0.06303700535726836 (286)
- hemangioma: 0.06060803413019655 (288)
- lymphadenopathy: 0.057678331328165286 (222)
- removal: 0.05347271511587599 (264)
- base: 0.05313425845764074 (831)
- palpable: 0.04807334988253636 (406)
- long: 0.04676542080686863 (1481)
- neoplasm: 0.046192961522411556 (578)
- extending: 0.04559871506094916 (456)
- space: 0.04486598423931166 (822)
- right: 0.04293484329097222 (8044)
- y.o: 0.03914887988232857 (586)
- low: 0.03771695322010158 (6753)
- cyst: 0.036450335492477816 (3901)
- bone: 0.033705312404124915 (2205)
- noted: 0.032149542673850694 (1365)
- woman: 0.031331792817284224 (987)
- surgical: 0.028511456670657992 (1704)
- has: 0.025471428103083775 (2768)
- which: 0.025319755353056327 (2234)
- from: 0.02010215417705099 (3282)
- history: 0.018733564090588625 (2881)
- :: 0.01794087009508992 (11095)
- no: 0.01365784366196511 (35870)
- a: 0.006295234949501607 (549576)
- of: 0.0055478000379994485 (41955)
- .: 0.003380908199747264 (82185)
- and: 0.0028572858052733087 (31978)
