Texto: 
see above
supportive
• t1 mr images are unremarkable
• elevated t2 signal in conus.
• no cord swelling.
• no evidence of epidural hematoma
spinal cord infarct
• trauma
• demyelinating disease
• dural fistula or avm
• cord ischema or infarction
61 year old man with onset of lower extremity weakness and incontinence 3 days following aortic aneurysm repair.  mr scan ordered to rule out epidural hematoma


Keywords by value: 
- •: 0.17411270573287643 (8449)
- cord: 0.1352989133418917 (753)
- ischema: 0.12243775588842358 (1)
- epidural: 0.1169541177216224 (238)
- hematoma: 0.08447130217839138 (649)
- mr: 0.0754222075540676 (2711)
- demyelinating: 0.07346052637986579 (44)
- conus: 0.07155495524773405 (50)
- incontinence: 0.07019886539267965 (54)
- 61: 0.06987956652844773 (168)
- fistula: 0.05820202237058648 (247)
- dural: 0.057537355409785995 (704)
- avm: 0.05653592077226733 (220)
- ordered: 0.05582955386624662 (134)
- infarct: 0.052661637543336415 (647)
- supportive: 0.05248008085490096 (159)
- rule: 0.04956242155286128 (333)
- infarction: 0.04850706173372347 (301)
- aortic: 0.04804072429575674 (622)
- repair: 0.04752626218908523 (377)
- aneurysm: 0.04690887659782365 (855)
- weakness: 0.04407793545872756 (434)
- above: 0.04349914800871967 (359)
- extremity: 0.0434049856894783 (530)
- spinal: 0.04249689181082758 (1010)
- elevated: 0.04026828279665365 (460)
- swelling: 0.03953903977751572 (562)
- unremarkable: 0.03929258914836195 (465)
- out: 0.03922297051192383 (3801)
- t1: 0.03761799355867005 (949)
- onset: 0.03746418369340486 (524)
- days: 0.036376031891277465 (624)
- see: 0.03541968348928872 (2684)
- following: 0.03368441329029372 (761)
- t2: 0.033591510677088224 (1171)
- scan: 0.03322599250601359 (1175)
- trauma: 0.032458455302193455 (1386)
- signal: 0.03129269903156637 (1276)
- evidence: 0.031117258102317746 (1043)
- man: 0.02806849782069443 (4104)
- or: 0.027820076360102985 (60128)
- 3: 0.02779132675981305 (8405)
- lower: 0.026692528741164758 (1849)
- no: 0.023901226408438943 (35870)
- images: 0.02276755405485214 (1966)
- disease: 0.019399132516884778 (3336)
- are: 0.016178803785133356 (8518)
- year: 0.013279239851012703 (4271)
- old: 0.012151869400864646 (3947)
- to: 0.0059315015061525865 (40381)
- in: 0.00585273930750354 (113220)
- of: 0.0032362166888330116 (41955)
- and: 0.002500125079614145 (31978)
- with: 0.0016250580012484685 (23954)
- .: 0.0014791473373894281 (82185)
