Texto: 
non-contributory
plain radiograph: non-obstructive pattern with a lobulated inner contour of the stomach suggestive of multiple polpys.

ugi: multiple filling defects within the bowel that represent polyps.

ct: high grade obstruction in the jejunum with innumerable soft tissue polyps from the stomach through the colon.
juvenile polyposis syndrome
any of the polyposis syndromes such as:
classic familial adenomatous polyposis
gardner syndrome
turcot syndrome
peutz-jeghers syndrome
juvenile polyposis syndrome
cowden disease
ruval-caba-myhre-smith syndrome
cronkhite-canada syndrome
a 3 year-old male with persistently high nasogastric tube output


Keywords by value: 
- polyposis: 0.2862827837790089
- syndrome: 0.18799281359497244
- polyps: 0.1138007091041783
- juvenile: 0.10234363385949069
- polpys: 0.0968738288347967
- ruval-caba-myhre-smith: 0.0968738288347967
- turcot: 0.08925682685062147
- non-obstructive: 0.08480116632196032
- cronkhite-canada: 0.08480116632196032
- stomach: 0.08304540267149164
- gardner: 0.08163982486644625
- peutz-jeghers: 0.07918769792892745
- persistently: 0.07549020082319984
- cowden: 0.07272850380912395
- nasogastric: 0.06956716235360987
- innumerable: 0.06787319883902461
- jejunum: 0.06451735653626438
- output: 0.063953693960577
- adenomatous: 0.06290632934734267
- ugi: 0.058450668818681516
- familial: 0.057494499840773504
- syndromes: 0.05366695374991398
- high: 0.05139661672696298
- inner: 0.050505612294399906
- :: 0.04968240949409517
- lobulated: 0.04718384447162042
- contour: 0.045524061423127385
- defects: 0.04313372852466753
- represent: 0.0412409163839509
- suggestive: 0.04011793901146137
- tube: 0.03956684248744519
- multiple: 0.039556175900643274
- filling: 0.0378048353437619
- colon: 0.036878383624421314
- classic: 0.03598082284404475
- pattern: 0.035894970759025036
- grade: 0.0357674372851755
- non-contributory: 0.03468171657370195
- year-old: 0.034491918919760625
- obstruction: 0.03311428624823556
- plain: 0.030497403436143787
- radiograph: 0.029911523669465527
- any: 0.029569615748047184
- bowel: 0.029450038822909443
- such: 0.02935530538286651
- through: 0.02666985734528427
- soft: 0.0228673270768522
- tissue: 0.02225737569728125
- 3: 0.021988742051720217
- within: 0.017913531960286614
- male: 0.01698028063612608
- that: 0.016219568445701358
- disease: 0.015348764189183564
- as: 0.014204148416418988
- from: 0.013916875968727609
- ct: 0.013135204982330144
- the: 0.009115337452986316
- a: 0.00871647916084838
- in: 0.0046307387927500545
- with: 0.0038572805304359255
- of: 0.0038407846416919265
- .: 0.0011703143768355916
