Texto: 
small left apical pneumothorax
pneumothorax
patient took a charge while playing basketball, now with chest pain.


Keywords by value: 
- pneumothorax: 0.44572193102591573 (309)
- charge: 0.4287170075165771 (302)
- took: 0.31092458883879426 (26)
- basketball: 0.29066663808391047 (36)
- apical: 0.2735387847697706 (91)
- playing: 0.25293547482917683 (96)
- now: 0.16228419942786929 (1220)
- while: 0.1493694022140174 (538)
- chest: 0.11359605555875103 (1824)
- small: 0.1093652935767288 (1623)
- pain: 0.05797823152948526 (5051)
- left: 0.05311695940405081 (7401)
- patient: 0.047588440606466 (8535)
- a: 0.022033322323255625 (549576)
- ,: 0.015039448084293743 (45533)
- with: 0.006500232004993874 (23954)
- .: 0.001972196449852571 (82185)
