Texto: 
no focal neurological deficit found
multilevel posterior decompression with instrumentation.
• extensive spinal cord mass extending from c3 to t3.
• the spinal canal is diffusely remodeled and enlarged
• the mass has both fluid ("cystic") and solid components 
• the solid parts enhance following contrast
spinal cord pilocytic astrocytoma
• astrocytoma
• ependymoma
• ganglioglioma
• adem
• abscess
• hematoma
2-1/2 year old boy who presents with neck pain and trouble walking and using his hands.


Keywords by value: 
- •: 0.1843546295995162 (8449)
- spinal: 0.10799210154280892 (1010)
- 2-1/2: 0.10371198145842939 (1)
- remodeled: 0.09078713100351045 (3)
- solid: 0.08019639182367952 (476)
- astrocytoma: 0.07807882820407755 (413)
- cord: 0.07640409224012709 (753)
- multilevel: 0.0710932906085496 (19)
- instrumentation: 0.06970760783612158 (33)
- parts: 0.06970760783612158 (23)
- trouble: 0.06970760783612158 (25)
- t3: 0.06493743009367257 (62)
- c3: 0.06369789461534521 (184)
- adem: 0.06061125620984532 (73)
- ganglioglioma: 0.0591921034123322 (66)
- decompression: 0.053235988033154207 (87)
- pilocytic: 0.05291800365211986 (120)
- hands: 0.05201257963875364 (111)
- deficit: 0.0518682256082617 (260)
- walking: 0.05158472500144922 (108)
- diffusely: 0.05077304416042627 (100)
- components: 0.04930053659626149 (122)
- enhance: 0.04862808466873269 (1462)
- ependymoma: 0.04500100984926778 (232)
- using: 0.04364203470665785 (430)
- neurological: 0.04350028954764404 (208)
- extensive: 0.04020418496998524 (267)
- canal: 0.03994098146699073 (437)
- hematoma: 0.03577608092261282 (649)
- enlarged: 0.0343014243574589 (469)
- boy: 0.03417319741089378 (395)
- extending: 0.033796694692232905 (456)
- abscess: 0.03178630875452079 (839)
- found: 0.03168265428767191 (642)
- neck: 0.029520507494335088 (1226)
- cystic: 0.028995678908844216 (1209)
- his: 0.028975165031140376 (10739)
- focal: 0.028711689460451786 (922)
- fluid: 0.02857222476004533 (1076)
- following: 0.028532679492954686 (761)
- mass: 0.027963788398766225 (5255)
- who: 0.026211393048725905 (941)
- both: 0.025672941066895546 (1020)
- ``: 0.024707471030962554 (0)
- '': 0.024232347082144036 (0)
- posterior: 0.023172218220028806 (1753)
- contrast: 0.02250324337421065 (1844)
- presents: 0.020536991711857952 (1354)
- has: 0.018878823182285624 (2768)
- from: 0.014899243684167203 (3282)
- pain: 0.012277743147420408 (5051)
- year: 0.011248297285563702 (4271)
- old: 0.010293348198379466 (3947)
- no: 0.0101228723612212 (35870)
- (: 0.008498373249927771 (9594)
- and: 0.008471012034457338 (31978)
- ): 0.008394561083685942 (10569)
- is: 0.006615185628055595 (65037)
- to: 0.005024330687564544 (40381)
- the: 0.004879386518951498 (67588)
- with: 0.00275303943740917 (23954)
- .: 0.001252924803435751 (82185)
