Texto: 
left lateral knee pain.
orthopedics referal
linear lucency near the lateral intercondylar tubercle
tibial plateau fracture
tibial plateau fracture.
patient presents to the emergency department complaining of left knee pain after a fall.


Keywords by value: 
- plateau: 0.29384210551946316 (65)
- tibial: 0.21933244297282864 (292)
- referal: 0.20636733507907243 (4)
- tubercle: 0.18711324673018506 (10)
- intercondylar: 0.1782673097546702 (17)
- knee: 0.1721383734755709 (954)
- orthopedics: 0.14383145178444756 (39)
- fracture: 0.12517079612626547 (2836)
- complaining: 0.1158646534673646 (106)
- lucency: 0.10903248043735402 (171)
- department: 0.10644199450717116 (160)
- fall: 0.10442423940606083 (368)
- near: 0.10270901698749287 (560)
- lateral: 0.1025926692013639 (4830)
- linear: 0.10062671036323022 (281)
- emergency: 0.08988301661056321 (302)
- pain: 0.05797823152948526 (5051)
- left: 0.05311695940405081 (7401)
- after: 0.049111144516922285 (1714)
- presents: 0.048490119319664605 (1354)
- patient: 0.023794220303233 (8535)
- to: 0.011863003012305173 (40381)
- a: 0.011016661161627812 (549576)
- the: 0.0076805158168681 (67588)
- of: 0.0032362166888330116 (41955)
- .: 0.0029582946747788563 (82185)
