Texto: 
lesion extends from genu to splenium of corpus callosum. t1 bright/t2 bright/supressed on t1 post-gadolinium fat saturation sequence. axial ct images demonstrate attenuation equivalent to fat.
lipoma of the corpus callosum.
t1w high signal intensity
- blood (methemoglobin), lipid, protein, melanin, microcalcification

corpus callosum lesions
- white matter disease
- infiltrating neoplasm (glioma, lymphoma)
- agenesis
- lipoma
6 month history of intermittent headaches and nausea.
the diagnosis of corpus callosum lipoma can be straightforward.  watch for additional lesions of partial agenesis of the corpus callosum and curvilinear  rim calcification surrounding the lipoma.


Keywords by value: 
- callosum: 0.20113310206987084 (135)
- corpus: 0.19313524027423884 (162)
- lipoma: 0.14661419663711786 (428)
- agenesis: 0.0927397854728979 (80)
- -: 0.0840242412251543 (21459)
- bright/supressed: 0.08087631581620641 (1)
- bright/t2: 0.07451716737070233 (2)
- microcalcification: 0.06815801892519824 (32)
- straightforward: 0.06815801892519824 (4)
- methemoglobin: 0.06302392912762556 (11)
- melanin: 0.05975168193552709 (12)
- genu: 0.05887727661622136 (14)
- watch: 0.05807900710255503 (53)
- splenium: 0.05666478068212147 (17)
- equivalent: 0.05666478068212147 (15)
- lipid: 0.053392533490023 (73)
- t1: 0.0496971658022797 (949)
- post-gadolinium: 0.04879826479357815 (33)
- fat: 0.04768646464002997 (1111)
- saturation: 0.046158979725213184 (74)
- curvilinear: 0.04517154243904469 (55)
- t1w: 0.044986196500351856 (117)
- sequence: 0.04445161936159979 (329)
- infiltrating: 0.04257918489973267 (93)
- lesions: 0.04197358727236602 (1314)
- protein: 0.040226620413974165 (222)
- glioma: 0.03534563113492285 (411)
- extends: 0.03397734528082528 (182)
- intermittent: 0.033651595845440786 (197)
- rim: 0.03318368250184103 (1355)
- nausea: 0.03156183501176452 (251)
- attenuation: 0.031519459361706775 (324)
- additional: 0.03143529077201833 (443)
- partial: 0.0313518873619151 (463)
- matter: 0.030866788719273376 (399)
- headaches: 0.02996736090891081 (322)
- calcification: 0.02845674879318467 (906)
- intensity: 0.028336428223663314 (622)
- neoplasm: 0.02669868418267824 (578)
- white: 0.02600095607992677 (558)
- surrounding: 0.025772158388667574 (472)
- month: 0.023519399456886327 (1567)
- 6: 0.023413946434631877 (5312)
- lymphoma: 0.022405492058619136 (867)
- axial: 0.02237423372539332 (1143)
- high: 0.021454551019053355 (1383)
- blood: 0.021398266720268802 (1000)
- signal: 0.020670406699750263 (1276)
- demonstrate: 0.01804084533333065 (3313)
- diagnosis: 0.01800201220899468 (1487)
- can: 0.017781856444670365 (6061)
- lesion: 0.01596839656881151 (3600)
- images: 0.015039118274764717 (1966)
- (: 0.013254343600804781 (9594)
- ): 0.013092434717675324 (10569)
- disease: 0.012814105882712883 (3336)
- ,: 0.012417892913637036 (45533)
- be: 0.0120895112233388 (14541)
- from: 0.01161867626746984 (3282)
- ct: 0.010966088563229752 (27172)
- history: 0.010827656309239297 (2881)
- to: 0.007836112081522684 (40381)
- for: 0.0066890655838781204 (12260)
- on: 0.00664120194830668 (91641)
- of: 0.0064130532549351435 (41955)
- the: 0.005073368246004617 (67588)
- and: 0.003302917536370981 (31978)
- .: 0.002279786721847926 (82185)
