Texto: 
physical exam revealed no palpable thyroid nodule.
calcitonin levels >500 (elevated)
-unknown
-mri demonstrates a nodule in the left thyroid lobe with peripheral t2 signal peripherally and intermediate signal internally.
-fusion pet/ct images demonstrate that the thyroid nodule is fdg-avid.
-ultrasound images demonstrate that the nodule is hypoechoic with a thin, linear echogenic focus and a small cystic area.  there is mild hyperemia internally and peripherally
medullary thyroid carcinoma
-medullary thyroid cancer
-anaplastic thyroid cancer
-metastatic disease
45 year old male with an incidentally noted left thyroid lesion on mri and pet/ct examinations during work-up for an unrelated disorder.


Keywords by value: 
- thyroid: 0.22700173254141642 (1100)
- nodule: 0.1304523555274817 (649)
- internally: 0.11884487316978014 (15)
- pet/ct: 0.11310126338637569 (22)
- peripherally: 0.09448048809744797 (46)
- -unknown: 0.08162517059228239 (1)
- -fusion: 0.08162517059228239 (3)
- fdg-avid: 0.07520714114265327 (3)
- -ultrasound: 0.07520714114265327 (2)
- -anaplastic: 0.07520714114265327 (2)
- -mri: 0.06672296769937405 (9)
- -medullary: 0.06672296769937405 (10)
- calcitonin: 0.062371082243395014 (9)
- 500: 0.06030493824974493 (61)
- -metastatic: 0.056550631693187844 (17)
- hyperemia: 0.053004407135260945 (25)
- cancer: 0.052021578969717874 (830)
- unrelated: 0.05145761005504644 (27)
- examinations: 0.048705281134047075 (36)
- intermediate: 0.04558979746162844 (64)
- work-up: 0.044690133124094665 (56)
- signal: 0.04172359870875516 (1276)
- echogenic: 0.03936268733795057 (232)
- medullary: 0.03801840946902004 (309)
- 45: 0.03655540716213811 (319)
- demonstrate: 0.03641578039505631 (3313)
- hypoechoic: 0.03606979164942938 (169)
- incidentally: 0.03586922223478883 (149)
- focus: 0.0355443026069067 (196)
- disorder: 0.0355443026069067 (319)
- linear: 0.0335422367877434 (281)
- levels: 0.03265973512288855 (281)
- thin: 0.03252049551766132 (2401)
- images: 0.030356738739802852 (1966)
- peripheral: 0.028629012240871454 (434)
- palpable: 0.028042787431479543 (406)
- that: 0.027332976454793025 (3273)
- elevated: 0.026845521864435767 (460)
- >: 0.026288588098783004 (1162)
- revealed: 0.02539327675801938 (621)
- area: 0.025017002260502474 (1184)
- during: 0.02421304861040563 (674)
- cystic: 0.022820673215294057 (1209)
- carcinoma: 0.022425256203850615 (1515)
- t2: 0.022394340451392148 (1171)
- an: 0.02188268267193944 (75109)
- lobe: 0.021290049517810498 (1492)
- mild: 0.020835680128992007 (1287)
- physical: 0.01941208582945591 (1030)
- noted: 0.01875389989307957 (1365)
- small: 0.0182275489294548 (1623)
- mri: 0.01817848013809833 (1820)
- left: 0.017705653134683606 (7401)
- exam: 0.0173817957402735 (2159)
- demonstrates: 0.01728352964493691 (1423)
- lesion: 0.016116252092596803 (3600)
- is: 0.0156191882884646 (65037)
- male: 0.01430745868414327 (2906)
- disease: 0.012932755011256519 (3336)
- there: 0.011775144041342488 (3976)
- a: 0.011016661161627812 (549576)
- year: 0.008852826567341803 (4271)
- old: 0.008101246267243099 (3947)
- no: 0.007967075469479647 (35870)
- for: 0.006751001376321436 (12260)
- on: 0.006702694558939149 (91641)
- (: 0.006688534502257967 (9594)
- and: 0.006667000212304387 (31978)
- ): 0.0066068304825306024 (10569)
- in: 0.0039018262050023603 (113220)
- the: 0.00384025790843405 (67588)
- with: 0.003250116002496937 (23954)
- ,: 0.0025065746807156238 (45533)
- .: 0.001643497041543809 (82185)
