Texto: 
physical exam revealed no palpable thyroid nodule.
calcitonin levels >500 (elevated)
-unknown
-mri demonstrates a nodule in the left thyroid lobe with peripheral t2 signal peripherally and intermediate signal internally.
-fusion pet/ct images demonstrate that the thyroid nodule is fdg-avid.
-ultrasound images demonstrate that the nodule is hypoechoic with a thin, linear echogenic focus and a small cystic area.  there is mild hyperemia internally and peripherally
medullary thyroid carcinoma
-medullary thyroid cancer
-anaplastic thyroid cancer
-metastatic disease
45 year old male with an incidentally noted left thyroid lesion on mri and pet/ct examinations during work-up for an unrelated disorder.


Keywords by value: 
- thyroid: 0.22700173254141642
- nodule: 0.1304523555274817
- internally: 0.11884487316978014
- pet/ct: 0.11310126338637569
- peripherally: 0.09448048809744797
- -unknown: 0.08162517059228239
- -fusion: 0.08162517059228239
- fdg-avid: 0.07520714114265327
- -ultrasound: 0.07520714114265327
- -anaplastic: 0.07520714114265327
- -mri: 0.06672296769937405
- -medullary: 0.06672296769937405
- calcitonin: 0.062371082243395014
- 500: 0.06030493824974493
- -metastatic: 0.056550631693187844
- hyperemia: 0.053004407135260945
- cancer: 0.052021578969717874
- unrelated: 0.05145761005504644
- examinations: 0.048705281134047075
- intermediate: 0.04558979746162844
- work-up: 0.044690133124094665
- signal: 0.04172359870875516
- echogenic: 0.03936268733795057
- medullary: 0.03801840946902004
- 45: 0.03655540716213811
- demonstrate: 0.03641578039505631
- hypoechoic: 0.03606979164942938
- incidentally: 0.03586922223478883
- focus: 0.0355443026069067
- disorder: 0.0355443026069067
- linear: 0.0335422367877434
- levels: 0.03265973512288855
- thin: 0.03252049551766132
- images: 0.030356738739802852
- peripheral: 0.028629012240871454
- palpable: 0.028042787431479543
- that: 0.027332976454793025
- elevated: 0.026845521864435767
- >: 0.026288588098783004
- revealed: 0.02539327675801938
- area: 0.025017002260502474
- during: 0.02421304861040563
- cystic: 0.022820673215294057
- carcinoma: 0.022425256203850615
- t2: 0.022394340451392148
- an: 0.02188268267193944
- lobe: 0.021290049517810498
- mild: 0.020835680128992007
- physical: 0.01941208582945591
- noted: 0.01875389989307957
- small: 0.0182275489294548
- mri: 0.01817848013809833
- left: 0.017705653134683606
- exam: 0.0173817957402735
- demonstrates: 0.01728352964493691
- lesion: 0.016116252092596803
- is: 0.0156191882884646
- male: 0.01430745868414327
- disease: 0.012932755011256519
- there: 0.011775144041342488
- a: 0.011016661161627812
- year: 0.008852826567341803
- old: 0.008101246267243099
- no: 0.007967075469479647
- for: 0.006751001376321436
- on: 0.006702694558939149
- (: 0.006688534502257967
- and: 0.006667000212304387
- ): 0.0066068304825306024
- in: 0.0039018262050023603
- the: 0.00384025790843405
- with: 0.003250116002496937
- ,: 0.0025065746807156238
- .: 0.001643497041543809
