Texto: 
noncontributory
chest radiograph shows well circumscribed mass projecting over lower thoracic spine, best seen on lateral view. 
ct shows well circumscribed mass in medial left hemithorax, paraspinal region, with fat attenuation, and communication with retroperitoneal fat.
bochdalek hernia
for plain xr findings:
neurogenic tumor
extramedullary hematopoeisis
bronchopulmonary sequestration
neurenteric cyst
routine five-year physical - asymptomatic.


Keywords by value: 
- hematopoeisis: 0.12892652767311988 (2)
- circumscribed: 0.12057900276671661 (255)
- five-year: 0.11792419147375567 (7)
- neurenteric: 0.10692185527439145 (9)
- bochdalek: 0.10505228327984568 (23)
- xr: 0.10048590117743646 (344)
- bronchopulmonary: 0.0949572234906394 (24)
- extramedullary: 0.09160311089274721 (39)
- neurogenic: 0.08349476765836641 (48)
- fat: 0.08250515310735343 (1111)
- projecting: 0.08137522174369145 (40)
- sequestration: 0.08022727473449104 (104)
- communication: 0.07950564974914569 (57)
- hemithorax: 0.07661165678416228 (73)
- shows: 0.07458329205488504 (912)
- paraspinal: 0.07249243145900221 (128)
- retroperitoneal: 0.07226727852262195 (99)
- noncontributory: 0.06503205639160957 (113)
- well: 0.06136764930059209 (2228)
- hernia: 0.05937054934496303 (956)
- best: 0.05706607299822497 (312)
- attenuation: 0.054533667784540295 (324)
- routine: 0.05438804276428567 (253)
- thoracic: 0.05228662708101987 (570)
- view: 0.050889629028278385 (1097)
- asymptomatic: 0.04585067298406487 (453)
- spine: 0.044668310254053135 (1062)
- plain: 0.0440518049633188 (1294)
- medial: 0.04338570656492146 (921)
- radiograph: 0.04320553418922798 (1777)
- region: 0.038311130591100195 (1007)
- mass: 0.037728920855478236 (5255)
- cyst: 0.036450335492477816 (3901)
- over: 0.03453400936730099 (1978)
- physical: 0.03327786142192442 (1030)
- chest: 0.032456015873928865 (1824)
- tumor: 0.03162273494620335 (2333)
- lower: 0.030505747132759723 (1849)
- lateral: 0.029312191200389685 (4830)
- -: 0.029075054900132753 (21459)
- findings: 0.02887042755222158 (1669)
- seen: 0.026803612937582384 (1897)
- ct: 0.01897307386336576 (27172)
- :: 0.01794087009508992 (11095)
- ,: 0.017187940667764277 (45533)
- left: 0.01517627411544309 (7401)
- for: 0.011573145216551032 (12260)
- on: 0.011490333529609969 (91641)
- in: 0.006688844922861189 (113220)
- with: 0.003714418288567928 (23954)
- and: 0.0028572858052733087 (31978)
- .: 0.001690454099873632 (82185)
