Texto: 
tenderness at the first carpometacarpal joint
minimally displaced intra-articular oblique fracture through the base of the first metacarpal.
bennett's fracture dislocation
bennett's fracture - dislocation
rolando's fracture
has pain in the left thumb after a fall.


Keywords by value: 
- bennett: 0.32284360227464776 (11)
- fracture: 0.21981212978271011 (2836)
- rolando: 0.19810661569284277 (2)
- dislocation: 0.19608428674974426 (323)
- carpometacarpal: 0.1675514213392972 (7)
- first: 0.1398772407212611 (475)
- 's: 0.13785706963661304 (1676)
- metacarpal: 0.13462637946249192 (91)
- intra-articular: 0.13048250051626273 (44)
- thumb: 0.12443771603078514 (111)
- minimally: 0.1084407456463287 (89)
- oblique: 0.09686173993921725 (176)
- displaced: 0.09573583648157914 (244)
- fall: 0.0916895760638583 (368)
- base: 0.08164532397149675 (831)
- joint: 0.06740071353761173 (1154)
- tenderness: 0.0633881054361374 (608)
- through: 0.05919407362002119 (1208)
- -: 0.0446763038709357 (21459)
- after: 0.043121980551443964 (1714)
- has: 0.039139023670592146 (2768)
- at: 0.02823812567882032 (83424)
- pain: 0.025453857744652066 (5051)
- left: 0.023319640713973532 (7401)
- the: 0.013487735093036664 (67588)
- in: 0.010277981222933047 (113220)
- a: 0.009673165898014665 (549576)
- of: 0.002841556117024108 (41955)
- .: 0.0017316846876754281 (82185)
