Texto: 
wbc 12.6, 
 albumin 4.1 g/dl,              
 alk phos 81 iu/l,
 ast 27 iu/l,
 tbili 0.6 mg/dl,
 alt 30 iu/l,
 lipase 50 u/l
surgical
ct and us findings consistent with emphysematous cholecystitis.

ct cleary delineates the intraluminal air within the gallbladder.
us demonstrates hyperechoic foci with ringed down artifact suggesting intraluminal and or intramural air.
emphysematous cholecystitis
organism: clostridium perfringens
emphysematous cholecystitis
51 year old male with 1 day history of abdominal pain.  patient has a prior history of gastric bypass 3 years ago.


Keywords by value: 
- iu/l: 0.22998129292124672 (16)
- emphysematous: 0.1749993802273817 (43)
- cholecystitis: 0.1448569884558652 (157)
- intraluminal: 0.10308992575349737 (73)
- cleary: 0.09378211089326062 (1)
- perfringens: 0.09378211089326062 (1)
- delineates: 0.08209474612019561 (3)
- ringed: 0.08209474612019561 (3)
- us: 0.07626403844918961 (24420)
- clostridium: 0.074720839944026 (7)
- 12.6: 0.07166039236475172 (9)
- 0.6: 0.063033475170961 (63)
- organism: 0.06245829196595806 (73)
- 4.1: 0.06191261862140965 (46)
- air: 0.06151622609685034 (1776)
- g/dl: 0.06139357432173484 (185)
- tbili: 0.06139357432173484 (24)
- 81: 0.059121509424946976 (108)
- albumin: 0.05872001657406563 (42)
- intramural: 0.05795981482957472 (37)
- bypass: 0.05626763722713124 (45)
- lipase: 0.05565956899479137 (52)
- u/l: 0.05536809054598163 (84)
- alk: 0.0530518832710362 (412)
- phos: 0.0530518832710362 (292)
- mg/dl: 0.05115090679504284 (109)
- ast: 0.0493737356816049 (9812)
- alt: 0.0493737356816049 (1128)
- 51: 0.0493737356816049 (158)
- artifact: 0.04828566281862173 (106)
- hyperechoic: 0.04544918767762228 (131)
- suggesting: 0.04417105670057905 (113)
- gallbladder: 0.043680725772916644 (350)
- 27: 0.0421647676600732 (323)
- gastric: 0.040620278193642376 (444)
- foci: 0.03902153135269197 (211)
- down: 0.03902153135269197 (306)
- 30: 0.034958397196330586 (631)
- 50: 0.03458508528344473 (678)
- ago: 0.03383754064677924 (425)
- wbc: 0.033139094155061825 (388)
- day: 0.028861274780350315 (1324)
- years: 0.026694075925728537 (760)
- ct: 0.025431992625362616 (27172)
- history: 0.025110947610789008 (2881)
- prior: 0.023341625236195356 (948)
- abdominal: 0.02272254508640548 (1376)
- consistent: 0.022290407115225567 (1064)
- 1: 0.021631131574039435 (15898)
- 3: 0.021286973688367444 (8405)
- demonstrates: 0.019857672358012616 (1423)
- findings: 0.019349329104148508 (1669)
- surgical: 0.01910874223671759 (1704)
- within: 0.017341823493468952 (1927)
- ,: 0.017279365884082173 (45533)
- has: 0.01707127628185402 (2768)
- male: 0.01643835678603695 (2906)
- :: 0.012024200170113457 (11095)
- pain: 0.011102214548199305 (5051)
- or: 0.010654497329401144 (60128)
- year: 0.010171332651839518 (4271)
- old: 0.009307814860236751 (3947)
- patient: 0.009112680116131786 (8535)
- a: 0.0042191468278574605 (549576)
- and: 0.0038299788453663498 (31978)
- with: 0.003734175832656055 (23954)
- the: 0.002941474142630336 (67588)
- of: 0.002478804272297626 (41955)
- .: 0.0018882731966673551 (82185)
