Texto: 
cervical spine scoliosis
surgical resection
• klippel feil malformation of cervical spine with multiple fusion abnormalities
• intradural extramedullary mass c5-6 level
cervical spine neurenteric cyst
• meningioma
• schwannoma
• hemangiopericytoma
• arachnoid cyst
• parasitic disease (cysticercosis)
• dermoid/epidermoid (w/o dysraphism)
• neurenteric cyst
10 year old girl with neck and shoulder pain for one week.


Keywords by value: 
- •: 0.22385919308512683 (8449)
- neurenteric: 0.2138437105487829 (9)
- cervical: 0.1478614955519823 (1130)
- spine: 0.1340049307621594 (1062)
- feil: 0.12249057357616489 (11)
- klippel: 0.11792419147375567 (18)
- cyst: 0.10935100647743345 (3901)
- dermoid/epidermoid: 0.10904140118906643 (8)
- dysraphism: 0.10505228327984568 (10)
- extramedullary: 0.09160311089274721 (39)
- c5-6: 0.08821304580865104 (38)
- intradural: 0.08761399298352648 (51)
- scoliosis: 0.08491718287566304 (103)
- cysticercosis: 0.08442874384920662 (53)
- parasitic: 0.08395488729127518 (39)
- hemangiopericytoma: 0.08098327551209826 (51)
- w/o: 0.07661165678416228 (75)
- arachnoid: 0.06815444201456282 (381)
- schwannoma: 0.06195021489254676 (243)
- fusion: 0.06050114473049268 (1300)
- shoulder: 0.054680641203791035 (720)
- malformation: 0.05410074051597427 (511)
- meningioma: 0.052160148197699596 (444)
- abnormalities: 0.04982166066187645 (356)
- girl: 0.04768853065063171 (357)
- week: 0.04606373679886076 (1278)
- 10: 0.0457241941007446 (1995)
- resection: 0.04230024850032093 (574)
- neck: 0.03982925614315051 (1226)
- level: 0.03909347662931638 (1166)
- one: 0.036757641004930855 (7087)
- multiple: 0.028568349261575695 (1682)
- surgical: 0.028511456670657992 (1704)
- (: 0.02293211829345589 (9594)
- ): 0.022651990225819207 (10569)
- disease: 0.022170437162154034 (3336)
- mass: 0.018864460427739118 (5255)
- pain: 0.01656520900842436 (5051)
- year: 0.01517627411544309 (4271)
- old: 0.01388785074384531 (3947)
- for: 0.011573145216551032 (12260)
- with: 0.003714418288567928 (23954)
- and: 0.0028572858052733087 (31978)
- of: 0.0018492666793331496 (41955)
- .: 0.0005634846999578773 (82185)
