Texto: 
unknown
cxr: there is a large air-fluid level projected over the heart on the pa view and seen over the anterior aspect of the heart on the lateral view 

ct: a portion of the distal stomach is seen anterior to the heart within the pericardium
intrapericardial diaphragmatic hernia
intrapericardial diaphragmatic hernia
50 year-old complaining of productive cough for three
weeks with associated shortness of breath and chills


Keywords by value: 
- intrapericardial: 0.23543105053352328
- diaphragmatic: 0.14155631278962819
- heart: 0.12909041951777278
- hernia: 0.10841578576036728
- projected: 0.10766991395429866
- view: 0.09292888779076923
- pericardium: 0.08363762298903007
- productive: 0.07946831759117817
- air-fluid: 0.07466604025850511
- anterior: 0.06379109634094891
- over: 0.0630621040620279
- chills: 0.061916284662268034
- complaining: 0.06045112354819023
- stomach: 0.05476182350076622
- cxr: 0.052261337262682284
- shortness: 0.05210380578098802
- pa: 0.051793788534881965
- seen: 0.04894572797297653
- unknown: 0.04833158696557256
- cough: 0.047452969258088
- 50: 0.04711591328469282
- breath: 0.046306051568831136
- year-old: 0.045489342343452414
- portion: 0.04485806735303024
- three: 0.04174817722241899
- aspect: 0.03890278165917909
- level: 0.03569404387894105
- weeks: 0.035148952998567365
- distal: 0.03367070418762358
- :: 0.03276158886929464
- associated: 0.029224095100111622
- large: 0.027080325099001157
- lateral: 0.026763305009051455
- within: 0.023625092875160604
- on: 0.020982348184505163
- there: 0.018430660238623026
- ct: 0.01732324135350787
- is: 0.016298283431441324
- the: 0.016028902574333426
- a: 0.011495646429524674
- for: 0.0105667847629379
- of: 0.006753843524521069
- to: 0.006189392875985308
- and: 0.005217652340064303
- with: 0.0016957126969549237
