Texto: 
non-contributory
surgery may be undertaken if patient is refractory to medical therapy for epilepsy.
• 1 cm extra-axial lesion anterior aspect of left middle cranial fossa.
• lesion isointense on t1, hyperintense on t2 scans and demonstrates very high signal on dwi images.
epidermoid cyst
• epidermoid cyst
• arachnoid cyst
• abscess
2 year old girl who underwent mri for a seizure disorder.


Keywords by value: 
- epidermoid: 0.1179880085682101
- •: 0.11355176460839768
- cyst: 0.09984222330548272
- epilepsy: 0.09058795748557914
- undertaken: 0.08951392890364115
- refractory: 0.07665446230942517
- extra-axial: 0.06598316734674178
- dwi: 0.06578046818768758
- arachnoid: 0.062227968795905184
- isointense: 0.0608753319873223
- scans: 0.05767009444949305
- disorder: 0.05563456060211484
- seizure: 0.05476182350076622
- cranial: 0.053850028929598545
- hyperintense: 0.05141536615801696
- fossa: 0.05047535696668303
- lesion: 0.05045087611595521
- non-contributory: 0.045739655191404015
- middle: 0.04529215898032519
- very: 0.04495341476024825
- girl: 0.04354170189840287
- underwent: 0.04249559471707564
- t1: 0.03925355849600353
- abscess: 0.039157047016438656
- aspect: 0.03890278165917909
- medical: 0.03810593913139137
- t2: 0.03505201114130945
- high: 0.033891971899663996
- if: 0.03360497730116863
- cm: 0.033216755330680955
- therapy: 0.03311073617740019
- signal: 0.03265325116337361
- who: 0.032289397233937714
- anterior: 0.03189554817047446
- on: 0.03147352227675774
- surgery: 0.030072450208119928
- 1: 0.029468498086372565
- mri: 0.02845327325963217
- may: 0.0271641792593931
- demonstrates: 0.02705248118337951
- 2: 0.026668181108848495
- images: 0.02375744770941093
- for: 0.0211335695258758
- be: 0.019097923526723612
- left: 0.013856598105404561
- year: 0.013856598105404561
- old: 0.012680211548728329
- patient: 0.012414375810382435
- is: 0.008149141715720662
- to: 0.006189392875985308
- a: 0.005747823214762337
- ,: 0.0039233342828592374
- and: 0.0026088261700321514
- .: 0.0020579441215852912
- of: 0.0016884608811302672
