Texto: 
• ataxia
• nystagmous
surgery and radiation therapy.
• enhancing mass in quadrigeminal plate cistern that was not present on mri study from 6 months ago.
• edema in brain stem not present on prior mri.
• secondary hydrocephalus.
squamous cell carcinoma, malignant transformation of epidermoid cyst.
• metastatic disease
• abscess
• recurrent epidermoid cyst
62 year old man with incompletely resected epidermoid cyst of the quadrigeminal plate cistern, followed for 5 years.  he presents now with a 3 week history of unsteady gait, visual difficulty, and headache.


Keywords by value: 
- •: 0.12536114812767102
- quadrigeminal: 0.12501138133009923
- epidermoid: 0.12211758886809744
- cistern: 0.09134046363834278
- nystagmous: 0.08815518423966498
- plate: 0.08565837861626484
- cyst: 0.06889113408078307
- incompletely: 0.0617646109435124
- unsteady: 0.06107468222864288
- stem: 0.05077848805683129
- transformation: 0.04845226510414377
- 62: 0.04672383697574966
- ataxia: 0.04567023181917139
- resected: 0.04230550945295926
- squamous: 0.041807894357368626
- gait: 0.0397923651701502
- mri: 0.039265517098292395
- visual: 0.03873876001357194
- present: 0.038600175078633614
- difficulty: 0.03804883129870242
- hydrocephalus: 0.03673854867463838
- recurrent: 0.03606032271125077
- ago: 0.03180728820797249
- malignant: 0.03088670676379301
- headache: 0.029349854375657982
- now: 0.029211155897016474
- week: 0.02902015418328228
- followed: 0.028648758713787716
- study: 0.02811631356859959
- radiation: 0.028042512495623364
- abscess: 0.02701836244134267
- enhancing: 0.026799535328847594
- brain: 0.02571351523302762
- 6: 0.025521201613748743
- years: 0.025092431370184826
- 5: 0.025001604224441636
- not: 0.024696373434838707
- carcinoma: 0.024219276700158665
- edema: 0.02416923489431291
- secondary: 0.023890299665088075
- he: 0.023841873420330197
- months: 0.023339412946900673
- cell: 0.023082407115814864
- therapy: 0.02284640796240613
- prior: 0.021941127722023637
- metastatic: 0.021511094036160902
- surgery: 0.02074999064360275
- man: 0.020209318430899993
- 3: 0.020009755267065398
- presents: 0.017456442955079258
- that: 0.014759807285588233
- on: 0.014477820247308561
- disease: 0.013967375412157042
- from: 0.012664357131542124
- mass: 0.011884610069475646
- history: 0.011802145377070835
- ,: 0.010828402620691496
- was: 0.009882775222136868
- year: 0.009561052692729147
- old: 0.008749345968622547
- in: 0.008427944602805099
- for: 0.007291081486427152
- a: 0.003965998018186013
- and: 0.0036001801146443692
- of: 0.003495114023939653
- .: 0.0024849675268142396
- with: 0.002340083521797795
- the: 0.001382492847036258
