Texto: 
fever and positive ppd
pending
• visualized portions of the upper lungs and mediastinum demonstrate a 3 x 4 cm low heterogeneous, lobulated paratracheal mass.
• there is a patchy ground glass attenuation and focal area of consolidation within the right apex.
tuberculosis
• infectious granulomas
» histoplasmosis, coccidioidomycosis
• hamartoma
• primary lung cancer
» adenocarcinoma, squamous cell carcinoma, large and small cell carcinoma
• carcinoid tumor, primary in lung
• metastatic cancer to lung
the patient is a 32 year old man from a federal correction facility for evaluation ofa  pulmonary nodule.   the patient has a history of ppd conversion one year ago.


Keywords by value: 
- ppd: 0.09749862957798272 (101)
- •: 0.09622017948395802 (8449)
- federal: 0.07732910898216226 (1)
- ofa: 0.07732910898216226 (33)
- »: 0.07386575856102467 (455)
- lung: 0.06513576632207227 (1511)
- coccidioidomycosis: 0.0571309941313373 (11)
- conversion: 0.05629493992252743 (13)
- cancer: 0.049283601129206406 (830)
- granulomas: 0.048099244857818364 (43)
- histoplasmosis: 0.04749404423073984 (40)
- paratracheal: 0.046927916852340094 (40)
- carcinoid: 0.04454253338318535 (63)
- primary: 0.04441025022624029 (748)
- glass: 0.043371205377707084 (100)
- correction: 0.042839410449492736 (61)
- carcinoma: 0.042489959123085376 (1515)
- ground: 0.04126881192801041 (142)
- hamartoma: 0.04098582190855233 (115)
- facility: 0.04098582190855233 (77)
- cell: 0.04049545108037695 (1988)
- patchy: 0.04018782385411613 (82)
- portions: 0.03900061904824102 (91)
- apex: 0.03856734926464824 (107)
- lobulated: 0.037664296902784715 (127)
- consolidation: 0.037569464305379316 (130)
- 32: 0.037382820459350506 (250)
- squamous: 0.03667359154155142 (162)
- mediastinum: 0.03609682507170247 (231)
- tuberculosis: 0.03570689732985305 (151)
- pending: 0.03243442641710301 (263)
- adenocarcinoma: 0.03238205653125648 (301)
- infectious: 0.03222679708301612 (227)
- nodule: 0.030896610519666717 (649)
- visualized: 0.030341510081530573 (265)
- attenuation: 0.03013702693356174 (324)
- lungs: 0.02838411050859891 (320)
- ago: 0.02790113000699341 (425)
- heterogeneous: 0.0275631154104825 (406)
- fever: 0.02536195286449093 (569)
- x: 0.024728652064451552 (21286)
- positive: 0.024323557809509795 (589)
- area: 0.023700317931002343 (1184)
- pulmonary: 0.021899564124737397 (1648)
- evaluation: 0.021774024524796556 (786)
- focal: 0.021407838632792997 (922)
- 4: 0.020885718466482853 (7367)
- low: 0.020843579411108766 (6753)
- one: 0.020313433186935473 (7087)
- cm: 0.020104878226464788 (1802)
- metastatic: 0.018869380733474474 (1079)
- upper: 0.01808842548569051 (1489)
- man: 0.01772747230780701 (4104)
- 3: 0.017552416900934557 (8405)
- tumor: 0.017475721943954484 (2333)
- a: 0.01739472814993865 (549576)
- small: 0.01726820424895718 (1623)
- demonstrate: 0.017249580187131935 (3313)
- year: 0.016773776653910784 (4271)
- large: 0.01639072308623754 (2420)
- patient: 0.015027928612568209 (8535)
- within: 0.014299398319176154 (1927)
- has: 0.01407631553065156 (2768)
- ,: 0.011873248487600322 (45533)
- there: 0.011155399618113935 (3976)
- from: 0.011109085203107124 (3282)
- mass: 0.010425096552171617 (5255)
- history: 0.010352759102693714 (2881)
- is: 0.009864750497977642 (65037)
- right: 0.007909050079915936 (8044)
- old: 0.007674864884756619 (3947)
- for: 0.006395685514409781 (12260)
- and: 0.006316105464288366 (31978)
- the: 0.004850852094864063 (67588)
- to: 0.003746211477570055 (40381)
- in: 0.0036964669310548676 (113220)
- of: 0.003065889494683906 (41955)
- .: 0.0012455977578016235 (82185)
