Texto: 
ca 12 mg/dl
pth intact 88 pg/ml
focal area of persistent radiotracer activity  consistent with parathyroid adenoma.
parathyroid adenoma
31 yo female with generalized aches and pains, and muscle weakness.


Keywords by value: 
- parathyroid: 0.32814066923056623
- aches: 0.21836607610704237
- adenoma: 0.21627238495794013
- pains: 0.19736161609007433
- pg/ml: 0.18941118383348368
- pth: 0.17635715607310629
- 88: 0.16959523027570597
- mg/dl: 0.14570258299194022
- 31: 0.1359025782933384
- generalized: 0.13550645460947922
- radiotracer: 0.12082438444436962
- ca: 0.12058292475803092
- 12: 0.10598177060976612
- persistent: 0.10328323189413272
- activity: 0.09715292814489511
- weakness: 0.09617004100086014
- intact: 0.0951140794454005
- muscle: 0.09300955252807105
- area: 0.08187382557982628
- yo: 0.07791974313038673
- focal: 0.07395435164055764
- consistent: 0.06349388693427889
- female: 0.053235159740843446
- and: 0.010909636711043542
- ,: 0.008203335318705679
- with: 0.0070911621872660445
- of: 0.0035304182059996496
- .: 0.0021514870362028047
