Texto: 
ca 12 mg/dl
pth intact 88 pg/ml
focal area of persistent radiotracer activity  consistent with parathyroid adenoma.
parathyroid adenoma
31 yo female with generalized aches and pains, and muscle weakness.


Keywords by value: 
- parathyroid: 0.32814066923056623 (253)
- aches: 0.21836607610704237 (363)
- adenoma: 0.21627238495794013 (638)
- pains: 0.19736161609007433 (10)
- pg/ml: 0.18941118383348368 (21)
- pth: 0.17635715607310629 (77)
- 88: 0.16959523027570597 (118)
- mg/dl: 0.14570258299194022 (109)
- 31: 0.1359025782933384 (293)
- generalized: 0.13550645460947922 (83)
- radiotracer: 0.12082438444436962 (197)
- ca: 0.12058292475803092 (36988)
- 12: 0.10598177060976612 (1027)
- persistent: 0.10328323189413272 (304)
- activity: 0.09715292814489511 (410)
- weakness: 0.09617004100086014 (434)
- intact: 0.0951140794454005 (406)
- muscle: 0.09300955252807105 (802)
- area: 0.08187382557982628 (1184)
- yo: 0.07791974313038673 (2293)
- focal: 0.07395435164055764 (922)
- consistent: 0.06349388693427889 (1064)
- female: 0.053235159740843446 (1301)
- and: 0.010909636711043542 (31978)
- ,: 0.008203335318705679 (45533)
- with: 0.0070911621872660445 (23954)
- of: 0.0035304182059996496 (41955)
- .: 0.0021514870362028047 (82185)
