Texto: 
pain in lower abdomen upon palpation. laboratory demonstrates normal white blood cell count.
clinically the concern was for diverticulitis or appendicitis.
surgical treatment with endograft.
contrast enhanced ct of the abdomen demonstrates a large abdominal aortic aneurysm.
abdominal aortic aneurysm
none
68 year old male with right lower quadrant pain arrives at emergency room for evaluation. patient has history of diverticulitis.
see factoid


Keywords by value: 
- diverticulitis: 0.12527718928923381 (121)
- arrives: 0.1160338749058079 (2)
- aortic: 0.0988266328369853 (622)
- aneurysm: 0.09649826042980865 (855)
- endograft: 0.09622966974695231 (18)
- abdomen: 0.07232526465416275 (845)
- 68: 0.06921752157734824 (123)
- abdominal: 0.06102626394634615 (1376)
- concern: 0.06073100332140946 (229)
- appendicitis: 0.05554663912584705 (265)
- lower: 0.0549103448389675 (1849)
- clinically: 0.05352306031066095 (178)
- demonstrates: 0.05333203433294817 (1423)
- count: 0.05308074280203285 (396)
- room: 0.05248364096376911 (199)
- enhanced: 0.052235187496456705 (318)
- upon: 0.04989297778325843 (240)
- emergency: 0.04622555139971823 (302)
- laboratory: 0.04498702479791523 (321)
- quadrant: 0.04296251334265792 (508)
- factoid: 0.042791935623059094 (369)
- palpation: 0.040741986862115026 (417)
- white: 0.04048720303874311 (558)
- see: 0.03643167444612554 (2684)
- evaluation: 0.03546055422609725 (786)
- blood: 0.033320158178704276 (1000)
- cell: 0.03297486730830695 (1988)
- none: 0.03028170724154295 (942)
- pain: 0.029817376215163848 (5051)
- contrast: 0.027325366954398647 (1844)
- large: 0.026693463311872567 (2420)
- surgical: 0.025660311003592194 (1704)
- treatment: 0.0247088137085841 (1790)
- has: 0.022924285292775397 (2768)
- male: 0.022074364826963903 (2906)
- for: 0.02083166138979186 (12260)
- normal: 0.019137320779987158 (4858)
- ct: 0.017075766477029183 (27172)
- history: 0.016860207681529762 (2881)
- at: 0.016539473611880472 (83424)
- or: 0.014307467842338679 (60128)
- was: 0.014118250317338382 (7680)
- year: 0.013658646703898781 (4271)
- right: 0.012880452987291666 (8044)
- old: 0.01249906566946078 (3947)
- patient: 0.012237027584519828 (8535)
- in: 0.00601996043057507 (113220)
- a: 0.005665711454551446 (549576)
- the: 0.003949979562960737 (67588)
- .: 0.0035499536097346276 (82185)
- with: 0.003342976459711135 (23954)
- of: 0.0033286800227996694 (41955)
