Texto: 
non-contributory
subtotal surgical resection
• multiple loculated mixed signal intensity masses in the right cerebellar hemisphere with dominant cyst. 
• evidence of hemosidern deposition on t2 weighted images.
• minimal central contrast enhancement following gadolinium administration.
cavernous  hemangioma, giant
• ependymoma
• hemangioblastoma
• teratoma
• juvenile pilocytic astrocytoma
2 year old girl with developmental delay and left-sided weakness.  mother with multiple drug additions during and following pregnancy.


Keywords by value: 
- •: 0.14823108731312454
- hemosidern: 0.11912862735089863
- additions: 0.11912862735089863
- subtotal: 0.08446714954736434
- loculated: 0.07563030539322024
- following: 0.06554804748381482
- deposition: 0.0644927994071885
- hemangioblastoma: 0.0637996467803297
- juvenile: 0.06292750460279495
- pilocytic: 0.060784193384191734
- drug: 0.05925272466382681
- dominant: 0.05893474496909446
- hemisphere: 0.0587785176393502
- delay: 0.05730820872247454
- left-sided: 0.05689659781051901
- giant: 0.055608622407757866
- gadolinium: 0.05477492552930733
- teratoma: 0.053989687275154886
- developmental: 0.0536666396960528
- cavernous: 0.053560650811444344
- mother: 0.05274139916527631
- ependymoma: 0.05169034915118598
- hemangioma: 0.051598731759491666
- mixed: 0.05071518095864232
- weighted: 0.05021151346138243
- cerebellar: 0.04980567174383007
- pregnancy: 0.04964668739815998
- multiple: 0.048643405499439706
- administration: 0.04794135493112392
- minimal: 0.045465945545956725
- astrocytoma: 0.04484257025234184
- weakness: 0.04288663990578898
- non-contributory: 0.04264913794874158
- intensity: 0.04173879292404461
- girl: 0.04059969501337565
- masses: 0.039035032405352534
- central: 0.037995018335945395
- resection: 0.0360123737232462
- during: 0.03533796283680822
- t2: 0.03268363201013989
- cyst: 0.03103204237873112
- enhancement: 0.03095255089355454
- signal: 0.030446950409091605
- evidence: 0.03027625112657943
- contrast: 0.025848320091998722
- 2: 0.02486627697987225
- surgical: 0.024273267165560185
- images: 0.022152214756072354
- year: 0.012920341476661011
- right: 0.012184212285275902
- old: 0.011823440498138577
- on: 0.00978231097791119
- in: 0.0056945571640575
- and: 0.004865108263032931
- with: 0.00474341254418472
- ,: 0.003658244128611992
- .: 0.0023986173038747483
- the: 0.0018682335770760243
- of: 0.0015743756864593033
