Texto: 
cup shaped lucency at the lateral aspect of the medial femoral condyle
osteochondritis dissecans
femoral ossification center
osteochondritis dissecans
20 yo male with chronic knee pain


Keywords by value: 
- dissecans: 0.4217933779839457
- osteochondritis: 0.4190940456907711
- cup: 0.28573938703256185
- femoral: 0.2500767705110619
- condyle: 0.1751091748817378
- shaped: 0.16729270405045826
- ossification: 0.16685313882647276
- center: 0.16117483118008566
- lucency: 0.15096804983633633
- knee: 0.11917272009847218
- 20: 0.118173662929116
- medial: 0.10512690436884815
- aspect: 0.10324199748012913
- yo: 0.0988981355116447
- chronic: 0.09257652434257693
- lateral: 0.07102569406248271
- male: 0.059430982226441276
- at: 0.04452935203198589
- pain: 0.04013877567425903
- the: 0.010634560361817369
- with: 0.004500160618841913
- of: 0.004480915415307247
