Texto: 
antifungal therapy
• diffuse leptomeningeal enhancement.
• multiple foci of brain enhancement
cryptococcal meningoencephalitis
• metastatic disease
• lymphoma
• hiv encephalitis
• meningitis
• encephalitis
48 year old man presents with a 3 week history of headache and worsening mental status.  known hiv+.
csf was positive for cryptococcal antigen


Keywords by value: 
- cryptococcal: 0.30650457522288876 (5)
- •: 0.2069641596447399 (8449)
- encephalitis: 0.18009310023139427 (99)
- hiv+: 0.1401740389216341 (4)
- meningoencephalitis: 0.13596378323646033 (9)
- antifungal: 0.13252375386298948 (12)
- antigen: 0.11653700178021206 (29)
- leptomeningeal: 0.09580846803175716 (69)
- hiv: 0.08939586754831658 (93)
- enhancement: 0.08643353834426551 (898)
- meningitis: 0.08365078847721917 (115)
- 48: 0.07888281954220495 (260)
- mental: 0.07523027710687165 (588)
- foci: 0.06920799900288764 (211)
- csf: 0.0673300821095474 (332)
- worsening: 0.06348075415850561 (259)
- status: 0.05755334568267271 (390)
- headache: 0.05537708372765656 (758)
- week: 0.05475500789298543 (1278)
- positive: 0.05231859604309654 (589)
- known: 0.05101983178233622 (769)
- diffuse: 0.04881146076179839 (824)
- brain: 0.0485160664774106 (978)
- lymphoma: 0.046079219516782746 (867)
- therapy: 0.04310643011774741 (1469)
- metastatic: 0.04058696987954887 (1079)
- man: 0.03813078949226414 (4104)
- 3: 0.03775425522087811 (8405)
- multiple: 0.03395860383923149 (1682)
- presents: 0.03293668482090426 (1354)
- disease: 0.02635353851350385 (3336)
- history: 0.02226819882466195 (2881)
- was: 0.018646745702145032 (7680)
- year: 0.018039722061753107 (4271)
- old: 0.016508199940797257 (3947)
- for: 0.013756757521560662 (12260)
- a: 0.007483015128652854 (549576)
- of: 0.004396369841433525 (41955)
- and: 0.003396396334570159 (31978)
- with: 0.0022076259639601838 (23954)
- .: 0.002009407703623374 (82185)
