Texto: 
negative physical and laboratory evaluation
none required.
• multiple cystic spaces in the pons.
• the cysts are identical signal intensity to csf on all sequences.

• no enhancement of the cyst walls following contrast enhancement
virchow-robin spaces  type iii
• chronic infarction
• cysticercosis
• cystic glioma
• cryptococcosis
64 year old woman with vertigo and some hearing loss
note incidental arachnoid cyst in left middle cranial fossa.


Keywords by value: 
- •: 0.15026165015303034 (8449)
- spaces: 0.11535200651995633 (130)
- virchow-robin: 0.10571104294929298 (3)
- cryptococcosis: 0.09871343166482736 (5)
- identical: 0.08042574581917887 (25)
- vertigo: 0.07463318621890443 (40)
- cysticercosis: 0.07286316250000023 (53)
- cystic: 0.06752418376032214 (1209)
- pons: 0.06689990124989277 (294)
- 64: 0.06378952521379214 (160)
- cyst: 0.06291427769934527 (3901)
- enhancement: 0.06275311688008317 (898)
- walls: 0.0597420702426437 (103)
- arachnoid: 0.05881821708106107 (381)
- hearing: 0.05767600325997817 (181)
- iii: 0.05495201889360605 (242)
- glioma: 0.05277635333844645 (411)
- cranial: 0.05089934241290821 (530)
- csf: 0.04888348427131523 (332)
- sequences: 0.04888348427131523 (242)
- infarction: 0.04784258143600123 (301)
- fossa: 0.047709583982207246 (300)
- cysts: 0.04585559291549817 (578)
- note: 0.04517897982879165 (1695)
- incidental: 0.044325871205209255 (467)
- laboratory: 0.043138242956905014 (321)
- middle: 0.042810396844416954 (443)
- intensity: 0.04231055721067536 (622)
- required: 0.042133226188866627 (331)
- type: 0.03946060586776589 (949)
- some: 0.03554696238173642 (974)
- negative: 0.0349605501558202 (803)
- evaluation: 0.03400327117570969 (786)
- loss: 0.03397896126669095 (858)
- following: 0.03322298297124861 (761)
- all: 0.03310854095111357 (11660)
- chronic: 0.03297246072475342 (888)
- signal: 0.030864031921544913 (1276)
- none: 0.02903725351928776 (942)
- physical: 0.02871925026823614 (1030)
- woman: 0.027039766403957617 (987)
- contrast: 0.026202406668601443 (1844)
- multiple: 0.024654876759989983 (1682)
- are: 0.01595717633602194 (8518)
- year: 0.013097332455793352 (4271)
- left: 0.013097332455793352 (7401)
- old: 0.01198540543646924 (3947)
- no: 0.011786906174024683 (35870)
- in: 0.011545129592883696 (113220)
- on: 0.009916315237882577 (91641)
- to: 0.005850248060862825 (40381)
- the: 0.005681477453573663 (67588)
- and: 0.004931753581704615 (31978)
- .: 0.0019451800601285628 (82185)
- with: 0.0016027969327382155 (23954)
- of: 0.001595942476684773 (41955)
