Texto: 
obtunded.  no focal deficits
anticoagulation
• thrombosis anterior half of superior sagittal sinus
• bilateral frontal lobe venous infarcts
• artifact from metallic dental braces
superior sagittal sinus thrombosis with bilateral frontal lobe venous infarction
• embolic infarction
• trauma
• cerebritis
• superior sagittal sinus thrombosis
18 year old woman presents with headache and seizures about 10 days following delivery of her first child.
repeat mrv 6 months after initial presentation reveals recanalization and a fully patent superior sagittal sinus.


Keywords by value: 
- sagittal: 0.16230222154792281 (452)
- sinus: 0.14881709379249702 (907)
- thrombosis: 0.1310008552554659 (328)
- •: 0.1305845292996573 (8449)
- superior: 0.12994017605019959 (703)
- recanalization: 0.09669489575483992 (2)
- braces: 0.0836161780326005 (6)
- infarction: 0.08315496297209737 (301)
- venous: 0.07385203853469355 (857)
- obtunded: 0.07193963930627044 (17)
- cerebritis: 0.07193963930627044 (22)
- mrv: 0.06814852345962122 (28)
- frontal: 0.06391171272579423 (673)
- dental: 0.06368788715674728 (546)
- embolic: 0.06195952989669373 (70)
- fully: 0.06164205076476324 (117)
- metallic: 0.06017045605086828 (66)
- lobe: 0.054745841617226995 (1492)
- infarcts: 0.05471441331893323 (105)
- artifact: 0.0540339560113148 (106)
- half: 0.05370777774717057 (108)
- delivery: 0.052198828870514094 (112)
- anticoagulation: 0.05137748516233611 (111)
- patent: 0.05012319330926674 (151)
- bilateral: 0.049376612602724856 (2204)
- repeat: 0.04785390331392567 (193)
- deficits: 0.046550519589619865 (170)
- child: 0.044527912008722276 (574)
- 18: 0.04416158273887997 (533)
- seizures: 0.043736367469807594 (215)
- reveals: 0.03980056845589313 (273)
- about: 0.0392149703107649 (330)
- presentation: 0.035040483743941454 (453)
- headache: 0.03494030282816426 (758)
- 10: 0.03429314557555845 (1995)
- first: 0.03413670755697443 (475)
- initial: 0.03370931122951557 (728)
- days: 0.031179455906809254 (624)
- her: 0.030588234029582564 (13092)
- 6: 0.030382382873510406 (5312)
- focal: 0.029053495287361928 (922)
- following: 0.028872354248823194 (761)
- trauma: 0.02782153311616582 (1386)
- months: 0.02778501541297699 (910)
- anterior: 0.026199914568604016 (1421)
- woman: 0.023498844612963168 (987)
- after: 0.021047633364395267 (1714)
- presents: 0.020781479708427687 (1354)
- from: 0.015076615632788242 (3282)
- year: 0.011382205586582317 (4271)
- old: 0.010415888057883982 (3947)
- no: 0.010243382746473833 (35870)
- a: 0.004721426212126205 (549576)
- and: 0.004285928707909963 (31978)
- with: 0.0027858137164259457 (23954)
- of: 0.0027739000189997243 (41955)
- .: 0.001267840574905224 (82185)
