Texto: 
findings associated with the achilles tendon.
axial and sagital mri of the ankle show an abnormal thick, convex, ovoid shaped achilles tendon. 

on the t2 axial image is an area of high signal at the medial aspect of the myotendinous junction of the achilles.
partial achilles tendon tear
normal variant
tendinosis
partial tear
complete tear
male with pain in the ankle after playing basketball.


Keywords by value: 
- achilles: 0.2626291839308795 (132)
- tendon: 0.17088020085703703 (420)
- tear: 0.1608395738974085 (574)
- ankle: 0.11630246558866422 (363)
- myotendinous: 0.1102415162185484 (5)
- partial: 0.09763873492710701 (463)
- tendinosis: 0.09043731105969281 (20)
- convex: 0.0824427998034725 (84)
- sagital: 0.07687901742116217 (35)
- basketball: 0.07474284979300555 (36)
- axial: 0.06967975645908205 (1143)
- ovoid: 0.06720920799704552 (67)
- playing: 0.06504055067035976 (96)
- thick: 0.0640683583382881 (941)
- shaped: 0.06213729007588449 (181)
- variant: 0.05815123279433211 (148)
- junction: 0.05112966373052213 (291)
- complete: 0.04296251334265792 (705)
- medial: 0.039047135908429315 (921)
- area: 0.03859766063048953 (1184)
- aspect: 0.03834702763547653 (641)
- image: 0.03813127380425144 (2894)
- show: 0.037473656207023226 (2621)
- abnormal: 0.034815603433070164 (1526)
- t2: 0.03455126812500503 (1171)
- an: 0.033761853265277995 (75109)
- high: 0.033407800872525935 (1383)
- signal: 0.03218677614675398 (1276)
- associated: 0.028806608027252885 (1317)
- mri: 0.02804679792735171 (1820)
- findings: 0.025983384796999423 (1669)
- after: 0.02525716003727432 (1714)
- male: 0.022074364826963903 (2906)
- normal: 0.019137320779987158 (4858)
- at: 0.016539473611880472 (83424)
- pain: 0.014908688107581924 (5051)
- the: 0.01382492847036258 (67588)
- on: 0.010341300176648973 (91641)
- is: 0.00803272540549608 (65037)
- ,: 0.007734573300493925 (45533)
- of: 0.006657360045599339 (41955)
- in: 0.00601996043057507 (113220)
- with: 0.003342976459711135 (23954)
- and: 0.002571557224745978 (31978)
- .: 0.0020285449198483587 (82185)
