Texto: 
alpha fetoprotein - 246 (elevated)
b-hcg 59  (elevated)
orchiectomy.  retroperitoneal lymph node dissection and close followup for recurrence.
a large heterogeneous mass with solid and cystic components occupying majority of the right testis. doppler images demonstrate blood flow within the mass.
mixed germ cell testicular tumor
germ cell tumor (gct)
  - seminoma
  - nonseminoma: mixed gct,yolk sac ca,  choriocarcinoma, embryonal cell carcinoma, teratoma

stromal tumors
lymphoma/leukemia
metastases
epidermoid
hematoma
palpable testicular mass and pain


Keywords by value: 
- gct: 0.18049713874236786 (8)
- germ: 0.0982459837620902 (202)
- nonseminoma: 0.09795020471073887 (9)
- testicular: 0.09743781389162631 (295)
- 246: 0.08574340150331543 (10)
- mixed: 0.08339829757643404 (201)
- cell: 0.07694135705271621 (1988)
- fetoprotein: 0.0763289808323465 (27)
- lymphoma/leukemia: 0.07484529869207403 (10)
- b-hcg: 0.06945076740561068 (16)
- choriocarcinoma: 0.06945076740561068 (17)
- elevated: 0.06442925247464584 (460)
- embryonal: 0.06412217762492306 (38)
- alpha: 0.06360528856231314 (56)
- yolk: 0.06218491776775886 (36)
- orchiectomy: 0.061749132066055736 (34)
- -: 0.06105761529027878 (21459)
- occupying: 0.05910012069444464 (38)
- seminoma: 0.05910012069444464 (69)
- stromal: 0.05910012069444464 (49)
- testis: 0.05782889457024749 (72)
- 59: 0.05106678576433769 (138)
- retroperitoneal: 0.05058709496583537 (99)
- dissection: 0.0466710878569471 (230)
- majority: 0.0466710878569471 (116)
- components: 0.04656161789646919 (122)
- close: 0.046345861386945846 (290)
- sac: 0.0460298843278288 (629)
- doppler: 0.04592652440935865 (147)
- followup: 0.04532577750635559 (127)
- epidermoid: 0.04522873661781387 (215)
- teratoma: 0.044391520648460685 (251)
- tumor: 0.044271828924684696 (2333)
- ca: 0.04421373907794467 (36988)
- node: 0.04344715161697854 (437)
- recurrence: 0.04142135654149016 (207)
- metastases: 0.040563693889366495 (266)
- mass: 0.03961536689825215 (5255)
- lymph: 0.038328248988273854 (1772)
- solid: 0.03787051836118199 (476)
- tumors: 0.03566351508522779 (533)
- heterogeneous: 0.03491327951994451 (406)
- hematoma: 0.03378852087135655 (649)
- palpable: 0.03365134491777545 (406)
- flow: 0.03137837640953907 (681)
- cystic: 0.027384807858352872 (1209)
- carcinoma: 0.02691030744462074 (1515)
- blood: 0.02591567858343666 (1000)
- (: 0.024078724208128684 (9594)
- ): 0.02378458973711017 (10569)
- demonstrate: 0.021849468237033785 (3313)
- large: 0.020761582575900887 (2420)
- images: 0.018214043243881713 (1966)
- within: 0.018112571204289798 (1927)
- :: 0.012558609066562944 (11095)
- ,: 0.012031558467434995 (45533)
- pain: 0.011595646305897054 (5051)
- right: 0.010018130101226852 (8044)
- for: 0.008101201651585723 (12260)
- and: 0.006000300191073948 (31978)
- a: 0.004406664464651125 (549576)
- the: 0.00307220632674724 (67588)
- .: 0.0015777571598820568 (82185)
- with: 0.001300046400998775 (23954)
- of: 0.0012944866755332048 (41955)
