Texto: 
see above
none to date
• narrow or fused right coronal suture.
• shallow right orbit with elevation of orbital roof
craniosynostosis coronal suture
• coronal suture craniosynostosis
• postural flattening of the skull
• trauma
this baby presents with flattening of the right frontal region and mild right sided "proptosis".


Keywords by value: 
- suture: 0.29717577785345584
- craniosynostosis: 0.2272934206001804
- coronal: 0.19407398465120274
- flattening: 0.16933219420388457
- •: 0.14245585014508072
- postural: 0.10674689899636469
- shallow: 0.10327316741886088
- roof: 0.09414422298618386
- fused: 0.09321161763368294
- proptosis: 0.08677213011148996
- narrow: 0.08383319644682787
- orbit: 0.07826652577181178
- date: 0.07806781539849923
- elevation: 0.07673451952421652
- baby: 0.07566469225107228
- orbital: 0.07369717253034076
- skull: 0.06617033984350307
- right: 0.0655732152080303
- sided: 0.057445938420848094
- above: 0.05694433921141484
- frontal: 0.048805307899697406
- see: 0.04636758565870524
- region: 0.043883658677078406
- trauma: 0.04249106875923507
- mild: 0.040913699162384305
- none: 0.03854035467105466
- ``: 0.038184273411487585
- '': 0.03744999094513169
- presents: 0.0317389871910532
- or: 0.018209504526612862
- this: 0.017475222060256965
- to: 0.007764874698963386
- of: 0.006354752770799369
- the: 0.005027246716495484
- with: 0.004254697312359627
- and: 0.0032728910133130625
- .: 0.0012908922217216828
