Texto: 
no tender mass right neck.
no fever, chills or adenopathy.
surgical removal
cystic lesion displacing carotid sheath structures anterior.
no enhancement.
no bone changes.
no adenopathy.
second branchial cleft cyst
cystic hygroma
lymphangioma
necrotic lymph node
16 year old female with painless mass posterior aspect of neck


Keywords by value: 
- adenopathy: 0.14092159740260157 (418)
- hygroma: 0.11310126338637569 (18)
- displacing: 0.10518563348217312 (24)
- branchial: 0.10439749247441762 (43)
- lymphangioma: 0.10221632514744758 (39)
- neck: 0.09293493100068453 (1226)
- cystic: 0.09128269286117623 (1209)
- sheath: 0.08712304740357753 (105)
- necrotic: 0.08652562402916603 (81)
- no: 0.07967075469479648 (35870)
- painless: 0.07951351568365662 (102)
- chills: 0.07911525262400915 (104)
- cleft: 0.0772431023115764 (181)
- node: 0.0724119193616309 (437)
- 16: 0.07160663951089499 (559)
- carotid: 0.07096132967144744 (322)
- tender: 0.0642298313564635 (1010)
- lymph: 0.06388041498045642 (1772)
- removal: 0.06238483430185533 (264)
- structures: 0.06092713860805026 (321)
- second: 0.06078016546738848 (1158)
- fever: 0.05354190049170307 (569)
- aspect: 0.04970910989783995 (641)
- changes: 0.045352740300649265 (828)
- mass: 0.04401707433139128 (5255)
- cyst: 0.042525391407890786 (3901)
- enhancement: 0.04241645863190807 (898)
- anterior: 0.04075542266227292 (1421)
- bone: 0.03932286447147907 (2205)
- posterior: 0.03647478793893423 (1753)
- surgical: 0.033263366115767655 (1704)
- female: 0.03253259761940432 (1301)
- lesion: 0.032232504185193606 (3600)
- or: 0.01854671757340199 (60128)
- year: 0.017705653134683606 (4271)
- right: 0.016696883502044752 (8044)
- old: 0.016202492534486197 (3947)
- ,: 0.0050131493614312475 (45533)
- .: 0.003944392899705142 (82185)
- with: 0.0021667440016646246 (23954)
- of: 0.0021574777925553413 (41955)
