Texto: 
widended mediastinum on cxr.
thoracic aortic aneurysm
aortic disection
aortic aneurysm
lymphatic mass
pulmonary mass
65yo f with copd and new onset mid-scapular pain 6wks s/p aaa repair.
25% of all aortic aneurysms are found in the thorax. it is extremely unusual for a patient to have both at the same time.


Keywords by value: 
- aortic: 0.24273208065224458 (622)
- widended: 0.15465821796432452 (1)
- mid-scapular: 0.15465821796432452 (1)
- disection: 0.14249774111239566 (3)
- 65yo: 0.14249774111239566 (2)
- 6wks: 0.13538431816312962 (5)
- aneurysm: 0.11850663561555448 (855)
- aaa: 0.10835896656756559 (31)
- lymphatic: 0.09964954750942716 (57)
- copd: 0.08994103455881687 (50)
- aneurysms: 0.08994103455881687 (123)
- extremely: 0.08533815272605386 (56)
- thorax: 0.08500397386691888 (512)
- f: 0.07822472977678784 (129824)
- unusual: 0.07251556485688207 (132)
- mediastinum: 0.07219365014340494 (231)
- cxr: 0.06326372405482591 (258)
- s/p: 0.06288438258091072 (261)
- same: 0.061793221039333435 (239)
- 25: 0.06060046067117671 (658)
- repair: 0.06003317329147608 (377)
- thoracic: 0.057790482563232486 (570)
- new: 0.05224189432983436 (569)
- onset: 0.04732317940219561 (524)
- found: 0.04724606341144057 (642)
- pulmonary: 0.043799128249474795 (1648)
- all: 0.04240216648125071 (11660)
- time: 0.04234388117963706 (1157)
- mass: 0.04170038620868647 (5255)
- both: 0.038284210362914406 (1020)
- %: 0.034970544444666796 (2175)
- it: 0.03369909446549152 (53878)
- have: 0.03246382593622968 (1751)
- are: 0.020436383728589504 (8518)
- at: 0.020311634260204086 (83424)
- pain: 0.01830891521983745 (5051)
- patient: 0.015027928612568209 (8535)
- for: 0.012791371028819562 (12260)
- on: 0.012699842322200491 (91641)
- is: 0.009864750497977642 (65037)
- to: 0.00749242295514011 (40381)
- in: 0.007392933862109735 (113220)
- a: 0.00695789125997546 (549576)
- the: 0.004850852094864063 (67588)
- and: 0.003158052732144183 (31978)
- .: 0.002491195515603247 (82185)
- with: 0.0020527048436822758 (23954)
- of: 0.0020439263297892707 (41955)
