Texto: 
acute appendicitis
20 y/o with right flank pain, r/o stone


Keywords by value: 
- r/o: 0.47819730567973495
- stone: 0.386470021136242
- flank: 0.3654298071245234
- appendicitis: 0.3534786126190267
- 20: 0.27931956692336507
- y/o: 0.21514809361996734
- acute: 0.19180721173695411
- pain: 0.09487346977552134
- right: 0.08196651901003789
- ,: 0.024610005956117034
- with: 0.010636743280899067
