Texto: 
non-contributory
hormone therapy and steroids
• sclerotic metastatic lesions to left frontal bone.
• marked dural thickening with underlyning brain edema, most pronounced in the left frontal region underlying the bony metastatic deposit.
• hemorrhagic metastatic lesion right occipital lobe.
dural metastases, prostate cancer
• metastatic cancer (prostate)
• sarcoidosis
• atypical or malignant meningioma
• hemangiopericytoma
65 year old male with urinary retention and headache.
this man has a prostate cancer - a piece of history that was originally witheld.  he has multiple skeletal metastatic lesions including calvarial involvement.


Keywords by value: 
- prostate: 0.13616556914851327 (143)
- •: 0.10969100461171216 (8449)
- metastatic: 0.10755547018080452 (1079)
- underlyning: 0.08815518423966498 (1)
- cancer: 0.08427495793094296 (830)
- dural: 0.08285379179009184 (704)
- witheld: 0.07023758954738443 (6)
- deposit: 0.06512933330972452 (158)
- piece: 0.0617646109435124 (17)
- calvarial: 0.06107468222864288 (17)
- retention: 0.057244759706081824 (32)
- pronounced: 0.054143210423043424 (30)
- frontal: 0.05368583868966715 (673)
- hemangiopericytoma: 0.0510194635726219 (51)
- hormone: 0.04845226510414377 (90)
- originally: 0.04826534377402224 (56)
- lesions: 0.04575121012687895 (1314)
- skeletal: 0.042203985738319086 (260)
- 65: 0.04171127524825126 (199)
- steroids: 0.04019727878369757 (185)
- hemorrhagic: 0.039872046866641975 (182)
- occipital: 0.039872046866641975 (226)
- urinary: 0.03955706019604826 (210)
- sarcoidosis: 0.03859691366365237 (237)
- sclerotic: 0.03825085837187762 (252)
- atypical: 0.03703530635609955 (201)
- underlying: 0.03662226829468719 (213)
- metastases: 0.036507324500429844 (266)
- bony: 0.03417355722448746 (304)
- marked: 0.03334879500624507 (416)
- meningioma: 0.03286089336455075 (444)
- has: 0.03209399940988556 (2768)
- non-contributory: 0.03156036208206877 (287)
- involvement: 0.03131938656627817 (401)
- malignant: 0.03088670676379301 (482)
- including: 0.03085418640992924 (392)
- headache: 0.029349854375657982 (758)
- thickening: 0.028966245696933516 (530)
- brain: 0.02571351523302762 (978)
- edema: 0.02416923489431291 (980)
- region: 0.024136012272393127 (1007)
- he: 0.023841873420330197 (91634)
- lobe: 0.02299325347923534 (1492)
- therapy: 0.02284640796240613 (1469)
- bone: 0.0212343468145987 (2205)
- man: 0.020209318430899993 (4104)
- most: 0.01972835141728076 (1722)
- left: 0.019122105385458294 (7401)
- -: 0.018317284587083635 (21459)
- multiple: 0.01799806003479269 (1682)
- lesion: 0.017405552260004547 (3600)
- male: 0.015452055378874731 (2906)
- that: 0.014759807285588233 (3273)
- history: 0.011802145377070835 (2881)
- or: 0.010015227489637075 (60128)
- was: 0.009882775222136868 (7680)
- this: 0.009611372133141331 (5602)
- year: 0.009561052692729147 (4271)
- right: 0.009016317091104167 (8044)
- old: 0.008749345968622547 (3947)
- a: 0.007931996036372025 (549576)
- (: 0.0072236172624386055 (9594)
- ): 0.007135376921133051 (10569)
- ,: 0.005414201310345748 (45533)
- to: 0.0042706810844298625 (40381)
- in: 0.0042139723014025495 (113220)
- and: 0.0036001801146443692 (31978)
- the: 0.002764985694072516 (67588)
- with: 0.002340083521797795 (23954)
- .: 0.0021299721658407764 (82185)
- of: 0.0011650380079798843 (41955)
