Texto: 
pain on abduction of right arm. pain when shoulder joint is palpated.
steroid injections
radiograph demonstrates calcification of the supraspinatous tendon consistent with calcific tendinitis.
hydroxyapatite deposition disease
traumatic calcific tendinitis
deposition disease (had, cppd)
heterotopic ossification
ochronosis
hemochromatosis arthropathy
middle aged man with symptoms of right shoulder rotator cuff injury and pain with abduction.
see factoid


Keywords by value: 
- tendinitis: 0.20352916659288914
- abduction: 0.17135355980597794
- calcific: 0.1572290246890074
- deposition: 0.14913959862912338
- ochronosis: 0.11608162598197824
- supraspinatous: 0.11259500799269372
- shoulder: 0.10765251236996361
- hydroxyapatite: 0.100275361737002
- hemochromatosis: 0.09258041665734897
- aged: 0.08808538427528988
- cppd: 0.08408642530439613
- injections: 0.08310954472656278
- palpated: 0.08090519162875176
- rotator: 0.07971791183222172
- heterotopic: 0.07897372356676462
- cuff: 0.07826337397181529
- arthropathy: 0.07512789435521917
- steroid: 0.07049145829316138
- ossification: 0.06778408764825455
- tendon: 0.06230007322912808
- arm: 0.05592306970525858
- traumatic: 0.05592306970525858
- pain: 0.048919132853003186
- middle: 0.04883060890066309
- calcification: 0.04846540028839264
- factoid: 0.04680367958772089
- disease: 0.043648048162990755
- joint: 0.04317858211003252
- injury: 0.0425657584670125
- radiograph: 0.04253044771752129
- see: 0.039847143925449816
- when: 0.03823955058775009
- symptoms: 0.033275898076533424
- consistent: 0.03273903545048755
- man: 0.03157706004828124
- demonstrates: 0.02916595627583103
- had: 0.028810153425636066
- right: 0.02817599090970052
- on: 0.011310797068209814
- (: 0.01128690197256032
- ): 0.011149026439270392
- is: 0.008785793412261338
- with: 0.005484570754213582
- of: 0.0054611156624057074
- ,: 0.004229844773707615
- and: 0.0028126407145659133
- .: 0.002218721006084142
- the: 0.002160145073494153
