Texto: 
r cranial nerve vi palsy
axial and coronal ct of the head and cervical spine demonstrating a r occipital condyle fracture.
occipital condyle fractures
occipital condylar fracture type i, ii, or iii
22yo m transported to the emergency department after a motorcycle accident. the head ct showed multiple intraparenchymal bleeds and small subarachnoid bleed. no other fractures of the cervical spine identified. patient was monitored non-operatively by a hard collar. he developed a right cranial vi nerve palsy two days after the accident due to hemorrhage related to the fracture.


Keywords by value: 
- vi: 0.12756263401030532
- occipital: 0.12205728632645502
- palsy: 0.09669348938899547
- condyle: 0.09291507238622822
- r: 0.07920498960889401
- accident: 0.07920498960889401
- cranial: 0.07582963257433264
- 22yo: 0.07167100974222901
- fracture: 0.06897166317161567
- condylar: 0.06873547839068023
- transported: 0.06645850337726991
- bleeds: 0.06645850337726991
- non-operatively: 0.06645850337726991
- fractures: 0.06603650199959746
- cervical: 0.06336921237942099
- nerve: 0.06283563523443482
- motorcycle: 0.06166254797680323
- collar: 0.061043929386839606
- intraparenchymal: 0.05795943069425866
- spine: 0.05743068461235403
- monitored: 0.05257098752894747
- bleed: 0.04983359991063441
- head: 0.04946125123620196
- hard: 0.048006577140746805
- m: 0.044987746701043316
- subarachnoid: 0.04236815642708603
- iii: 0.04093364672686981
- department: 0.039101140839369
- demonstrating: 0.037852785204754255
- ii: 0.03760836437799413
- coronal: 0.03630635767284405
- after: 0.03608165719610617
- i: 0.03604402750233173
- related: 0.03599236115583636
- developed: 0.03357209678402769
- emergency: 0.03301825099979873
- identified: 0.03115782695088083
- type: 0.029394124779050103
- hemorrhage: 0.02902302636914322
- showed: 0.028589829264527515
- days: 0.02672524792012222
- two: 0.024972767730775565
- axial: 0.024885627306815015
- ct: 0.02439395211004169
- he: 0.024328442265643055
- due: 0.023268134213804484
- other: 0.020098352537780088
- small: 0.02008750290184815
- multiple: 0.018365367382441516
- a: 0.01618774701300413
- by: 0.014519090849437496
- to: 0.013073513523764886
- or: 0.010219619887384769
- was: 0.010084464512384558
- right: 0.00920032356235119
- no: 0.008780042354120427
- patient: 0.008740733988942734
- the: 0.008464241920630151
- ,: 0.0055246952146385175
- and: 0.00551047976731281
- of: 0.0023776285877140494
- .: 0.002173440985551813
