Texto: 
negative.  no neurologic deficit or fever
a ct was also done at an outside hospital.
surgery
• heterogeneous partially fluid ("cystic") and solid mass left parietal and occipital lobes
• enhancing nodule, no rim enhancement
• dense calcification in the posterior "mural", a smaller calcification antero-medial
pilocytic astrocytoma
• metastatic disease
• cysticercosis or other parasite (echinoccocus)
• hemangioblastoma
• pilocytic astrocytoma
• ganglioglioma
• pxa (pleomorphic xanthoastrocytoma)
51 year old man with long history of right sided headaches which became worse three days prior to admission.
pilocytic astrocytoma is an unusual tumor in someone in the 6th decade of life - especially in the cerebral hemispheres.


Keywords by value: 
- •: 0.11465958670213813
- pilocytic: 0.10970805635195581
- astrocytoma: 0.0809353706993487
- echinoccocus: 0.0716708814956626
- antero-medial: 0.06603553856428092
- parasite: 0.05858602041896259
- pxa: 0.052175797976976655
- someone: 0.052175797976976655
- calcification: 0.05043553851149804
- xanthoastrocytoma: 0.04773235320975657
- 6th: 0.045501159342262586
- cysticercosis: 0.04324399075203267
- ganglioglioma: 0.04090511211421331
- decade: 0.04090511211421331
- mural: 0.03954694882426887
- pleomorphic: 0.039090936900276645
- hemangioblastoma: 0.038383527331255274
- 51: 0.037732773610332206
- became: 0.037486388655085634
- hemispheres: 0.0370149475359771
- deficit: 0.03584389574554671
- ``: 0.03414853719726532
- smaller: 0.033680403166704
- unusual: 0.03360477395806731
- '': 0.03349186182084948
- dense: 0.0328162189500404
- occipital: 0.03241629826556258
- partially: 0.03179059874413064
- worse: 0.030773012216049292
- lobes: 0.03061514159932489
- admission: 0.03061514159932489
- life: 0.030308309664504998
- parietal: 0.02968075162636573
- rim: 0.029406677989436365
- outside: 0.029141543147251314
- neurologic: 0.0290121492016749
- done: 0.028800966385388226
- nodule: 0.028635882920666718
- especially: 0.028595130548117575
- solid: 0.027710135386230732
- headaches: 0.026556441781067305
- hospital: 0.02615525581274897
- sided: 0.0256872082369646
- heterogeneous: 0.025546302087764275
- cerebral: 0.024068670746049358
- long: 0.023953020413274177
- fever: 0.023506200215869646
- three: 0.023419709173552117
- enhancing: 0.021788240104754143
- days: 0.02129328696074779
- negative: 0.020748944401421745
- cystic: 0.020037664286599664
- fluid: 0.019745033370763037
- an: 0.01921406283389805
- enhancement: 0.018621859887179158
- prior: 0.01783831522115743
- (: 0.017618578688874648
- metastatic: 0.0174886943383422
- ): 0.017403358344226953
- surgery: 0.01686991109235996
- man: 0.01643034018772357
- or: 0.016284922747377358
- tumor: 0.01619701058220172
- posterior: 0.01601332153416625
- other: 0.01601332153416625
- -: 0.0148921012903119
- no: 0.013990961800061822
- in: 0.013703974963910731
- also: 0.013696094257480907
- which: 0.01296865518083373
- disease: 0.011355589765981335
- ct: 0.009717915881236123
- mass: 0.009662284609329793
- history: 0.00959524014396003
- at: 0.009412708559606773
- was: 0.008034776603363308
- left: 0.0077732135713245104
- year: 0.0077732135713245104
- right: 0.007330339098458673
- old: 0.007113289405384185
- a: 0.0064487772653431105
- is: 0.004571469742965249
- ,: 0.004401789683207926
- to: 0.003472098442625905
- the: 0.003371933773259166
- and: 0.002926975702962902
- of: 0.001894370744682739
- .: 0.0011544564584502854
- with: 0.0009512534641454451
