Texto: 
n/a
surgical resection
enhancing left paraspinal mass.
neuroblastoma
neuroblastoma 
ganglioneuroblastoma
ganglioneuroma
neuroenteric cyst
neurofibroma
nine month old female with a left paraspinal mass lesion.


Keywords by value: 
- paraspinal: 0.35130947553208763 (128)
- neuroblastoma: 0.3286325878228073 (154)
- neuroenteric: 0.2968040821268611 (4)
- ganglioneuroblastoma: 0.2701445751822478 (8)
- ganglioneuroma: 0.23242037314333527 (27)
- nine: 0.22581074787692532 (106)
- neurofibroma: 0.18223003769464535 (198)
- n/a: 0.11904640951381103 (371)
- enhancing: 0.10307513588018305 (642)
- resection: 0.10249675598154688 (574)
- month: 0.0986005592615619 (1567)
- mass: 0.09142007745750497 (5255)
- cyst: 0.08832196677023472 (3901)
- left: 0.0735465591748396 (7401)
- surgical: 0.069085452701979 (1704)
- female: 0.0675677027479936 (1301)
- lesion: 0.06694443176924826 (3600)
- old: 0.03365133064854826 (3947)
- a: 0.015253838531484666 (549576)
- with: 0.004500160618841913 (23954)
- .: 0.0027307335459497138 (82185)
