Texto: 
noncontributory
• axial ct: there is a lobulated cystic mass in the pancreatic head/neck with thin septations.

• mr shows a lobulated, cystic mass with thin, nonenhancing, septations.
serous cystadenoma (macrocystic variant)
• serous cystadenoma
• side branch intraductal papillary mucinous neoplasm
• pseudocyst
56 year old woman with abdominal pain.


Keywords by value: 
- serous: 0.18933414026791162 (40)
- septations: 0.17439998285034627 (47)
- cystadenoma: 0.16551236074188133 (88)
- lobulated: 0.14312432823058194 (127)
- •: 0.1305845292996573 (8449)
- thin: 0.11707378386358075 (2401)
- head/neck: 0.11030489744383797 (9)
- macrocystic: 0.11030489744383797 (11)
- nonenhancing: 0.0954079328434697 (22)
- intraductal: 0.09466707013395581 (44)
- pseudocyst: 0.09199469263270282 (56)
- mucinous: 0.08544398283087602 (86)
- cystic: 0.08215442357505862 (1209)
- branch: 0.07709772803233454 (249)
- 56: 0.07496717184050314 (136)
- papillary: 0.07230302682480486 (172)
- pancreatic: 0.06967982392894771 (286)
- noncontributory: 0.06828365921119005 (113)
- variant: 0.0678431049267208 (148)
- side: 0.04934077502940118 (2155)
- neoplasm: 0.048502609598532136 (578)
- mr: 0.04525332453244057 (2711)
- axial: 0.04064652460113119 (1143)
- mass: 0.03961536689825215 (5255)
- shows: 0.03915622832881464 (912)
- abdominal: 0.03559865396870192 (1376)
- woman: 0.03289838245814844 (987)
- there: 0.021195259274416477 (3976)
- ct: 0.019921727556534048 (27172)
- :: 0.01883791359984442 (11095)
- pain: 0.017393469458845578 (5051)
- year: 0.015935087821215246 (4271)
- old: 0.014582243281037577 (3947)
- ,: 0.01353550327586437 (45533)
- a: 0.013219993393953376 (549576)
- (: 0.012039362104064342 (9594)
- ): 0.011892294868555085 (10569)
- is: 0.00937151297307876 (65037)
- in: 0.0070232871690042485 (113220)
- with: 0.0058502088044944875 (23954)
- the: 0.00230415474506043 (67588)
- .: 0.0017749768048673138 (82185)
