Texto: 
unremarkable
none required if asymptomatic.
well circumscribed lucent lesion of the calcaneous with a narrow zone of transition and a sclerotic rim.  no periosteal reaction, no cortical destruction.
intraosseous lipoma
intraosseous lipoma or simple bone cyst.
ankle pain


Keywords by value: 
- intraosseous: 0.262207655517142 (34)
- lipoma: 0.18582497015634702 (428)
- calcaneous: 0.1633432315055452 (7)
- transition: 0.1159738843599396 (111)
- narrow: 0.10722850708315192 (456)
- lucent: 0.10620984143993346 (151)
- zone: 0.10555470476628936 (121)
- destruction: 0.09814880404260252 (123)
- simple: 0.0979150753018234 (166)
- ankle: 0.09466479757216856 (363)
- periosteal: 0.09426382532950563 (215)
- reaction: 0.09025684862408852 (182)
- sclerotic: 0.0889554845857619 (252)
- circumscribed: 0.08833112993375752 (255)
- rim: 0.08411677657443424 (1355)
- cortical: 0.07244360117618168 (525)
- required: 0.07152850027412241 (331)
- asymptomatic: 0.06717656739525785 (453)
- unremarkable: 0.06579224229493164 (465)
- if: 0.05392426590187524 (9413)
- cyst: 0.053403979907583776 (3901)
- bone: 0.04938220189441558 (2205)
- none: 0.049295802486232713 (942)
- well: 0.04495537099927095 (2228)
- lesion: 0.04047802851163848 (3600)
- no: 0.04002065817226986 (35870)
- pain: 0.02426995738443569 (5051)
- or: 0.02329122672008622 (60128)
- a: 0.0184465024101675 (549576)
- ,: 0.006295582919006683 (45533)
- of: 0.005418781432464578 (41955)
- and: 0.0041862559472608946 (31978)
- .: 0.0033022824276601184 (82185)
- the: 0.0032150996442703674 (67588)
- with: 0.0027210273509276684 (23954)
