Texto: 
swelling over right eye
taken to local hospital.  ct scan there revealed orbital roof fracture but no intracranial hemorrhage.  patient sent to university hospital for further evaluation.  multiple episodes of vomiting noted upon arrival.

after diagnosis of the epidural hematoma, she had a surgical evacuation. 

the patient developed severe cerebral edema the evening following surgery and required coma induction with phenobarbital.
• linear orbital roof fracture on left.
• extra-axial hematoma left anterior cranial fossa with mass effect.
acute, delayed epidural hematoma
• subdural hematoma
• epidural hematoma
• parenchymal hemorrhage
• meningioma
8 year old girl who feel off a trampoline onto driveway and struck head.  no loss of consciousness.


Keywords by value: 
- hematoma: 0.12361653977325568 (649)
- epidural: 0.10269142043849773 (238)
- roof: 0.08419402055674981 (56)
- •: 0.0764397244680921 (8449)
- trampoline: 0.06603553856428092 (2)
- driveway: 0.06603553856428092 (2)
- orbital: 0.0659080404742885 (336)
- phenobarbital: 0.05858602041896259 (6)
- induction: 0.05476485270151758 (8)
- hospital: 0.05231051162549794 (409)
- feel: 0.05146838840795527 (86)
- university: 0.05081763468703221 (13)
- evening: 0.05021513084838407 (15)
- hemorrhage: 0.04624807453944774 (714)
- arrival: 0.044875459820830646 (27)
- evacuation: 0.04457978791700239 (32)
- coma: 0.04375228633724677 (941)
- onto: 0.04147923867692838 (365)
- struck: 0.037732773610332206 (80)
- subdural: 0.037608647820651 (174)
- extra-axial: 0.0370149475359771 (85)
- fracture: 0.036635354963785026 (2836)
- sent: 0.03536268540903996 (5281)
- consciousness: 0.03526976918283164 (98)
- episodes: 0.03431218352708869 (126)
- parenchymal: 0.034149576480693 (164)
- local: 0.031911945493859714 (390)
- off: 0.03173059787179225 (432)
- cranial: 0.03020855281416504 (530)
- linear: 0.029451720106311287 (281)
- intracranial: 0.029361884039753684 (292)
- eye: 0.029141543147251314 (547)
- taken: 0.028969471511543648 (264)
- upon: 0.028394377600228376 (240)
- fossa: 0.028315444152041704 (300)
- delayed: 0.02827626296150553 (256)
- developed: 0.026748499876705 (313)
- meningioma: 0.026716173467114433 (444)
- vomiting: 0.02652486861012098 (307)
- 8: 0.025976565514222345 (4289)
- required: 0.025005898469815158 (331)
- effect: 0.02459803457779874 (544)
- girl: 0.024425832772274784 (357)
- cerebral: 0.024068670746049358 (595)
- swelling: 0.02314480377220433 (562)
- revealed: 0.022296535689968238 (621)
- further: 0.022093041803254134 (615)
- severe: 0.02137650243956101 (682)
- evaluation: 0.02018080321810413 (786)
- loss: 0.020166375385922274 (858)
- following: 0.019717705340659746 (761)
- head: 0.019704075695722734 (1929)
- edema: 0.019649784466921064 (980)
- she: 0.019502326353285956 (2424)
- scan: 0.019449361466934788 (1175)
- who: 0.01811356430196506 (941)
- anterior: 0.017892624583436892 (1421)
- over: 0.01768815113934929 (1978)
- acute: 0.017153490480540615 (1548)
- surgery: 0.01686991109235996 (1277)
- noted: 0.016466838930508893 (1365)
- diagnosis: 0.015953002689271707 (1487)
- left: 0.015546427142649021 (7401)
- had: 0.014990648936916328 (2121)
- but: 0.014817100008402747 (2727)
- multiple: 0.014632569133977797 (1682)
- surgical: 0.014603429026434583 (1704)
- after: 0.01437399351714799 (1714)
- no: 0.013990961800061822 (35870)
- patient: 0.01392832407994127 (8535)
- there: 0.010339150865569014 (3976)
- ct: 0.009717915881236123 (27172)
- mass: 0.009662284609329793 (5255)
- year: 0.0077732135713245104 (4271)
- right: 0.007330339098458673 (8044)
- old: 0.007113289405384185 (3947)
- to: 0.00694419688525181 (40381)
- a: 0.0064487772653431105 (549576)
- for: 0.00592770852555053 (12260)
- on: 0.005885292783458765 (91641)
- ,: 0.004401789683207926 (45533)
- the: 0.003371933773259166 (67588)
- and: 0.002926975702962902 (31978)
- .: 0.002886141146125713 (82185)
- of: 0.002841556117024108 (41955)
- with: 0.0019025069282908901 (23954)
