Texto: 
none
none, benign and non-functional
multiple single axial images of the left adrenal shown at different times of enhancement with hu to illustrate washout.
adrenal adenoma
• benign lipid-poor adrenal adenoma
• adrenal hyperplasia
• adrenal carcinoma
56 y/o female with incidentally discovered mass lesion of her left adrenal gland.


Keywords by value: 
- adrenal: 0.48983570425294626 (264)
- lipid-poor: 0.15325228761144438 (2)
- non-functional: 0.13596378323646033 (5)
- illustrate: 0.13596378323646033 (52)
- adenoma: 0.1346601642190948 (638)
- washout: 0.11179522011453459 (27)
- benign: 0.11128491951068684 (529)
- hu: 0.10414493505588998 (1105)
- •: 0.08869892556203139 (8449)
- 56: 0.08486849642321109 (136)
- none: 0.07998941535501912 (942)
- different: 0.07982171594897973 (925)
- hyperplasia: 0.07944053279204541 (142)
- discovered: 0.07944053279204541 (105)
- times: 0.07816395451895455 (217)
- incidentally: 0.07309200002560744 (149)
- gland: 0.06866733379986167 (416)
- single: 0.06535208095264965 (287)
- shown: 0.06464993762547165 (247)
- her: 0.048479465254432745 (13092)
- axial: 0.046014933510714555 (1143)
- carcinoma: 0.045696748490865406 (1515)
- y/o: 0.044653377921125295 (688)
- enhancement: 0.043216769172132755 (898)
- left: 0.036079444123506214 (7401)
- multiple: 0.03395860383923149 (1682)
- female: 0.03314642021599686 (1301)
- lesion: 0.03284066464151801 (3600)
- images: 0.030929507395270832 (1966)
- mass: 0.02242379258391631 (5255)
- at: 0.021844587789276095 (83424)
- to: 0.00805788883854691 (40381)
- of: 0.006594554762150289 (41955)
- ,: 0.005107737085231837 (45533)
- with: 0.0044152519279203675 (23954)
- and: 0.003396396334570159 (31978)
- the: 0.002608477069879732 (67588)
- .: 0.001339605135748916 (82185)
