Texto: 
colloid cyst
adult patient with headaches


Keywords by value: 
- colloid: 0.8385547983413728
- adult: 0.7138198218022069
- headaches: 0.5444070565118797
- cyst: 0.3827285226710171
- patient: 0.142765321819398
- with: 0.01950069601498162
