Texto: 
large head
ventricular shunt placement
massive enlargement of the lateral and third ventricles with thinning of cerebral cortex.
normal formation of midline structures.
normal posterior fossa development.
cerebral aqueduct poorly defined on all scans.
marked hydrocephalus due to aqueductal stenosis
holoprosencephaly
hydranencephaly
anencephaly
new born girl with large head and hydrocephalus


Keywords by value: 
- hydrocephalus: 0.13359472245323048 (250)
- aqueductal: 0.13101964566422541 (19)
- hydranencephaly: 0.12033261539327778 (18)
- anencephaly: 0.11841696965404458 (31)
- aqueduct: 0.10876918327109604 (49)
- cerebral: 0.10765260006414802 (595)
- holoprosencephaly: 0.10492719974987408 (39)
- thinning: 0.09232452373969326 (47)
- massive: 0.08879441438622131 (65)
- head: 0.08813095674814167 (1929)
- born: 0.08106926540503466 (190)
- shunt: 0.08038307762352835 (193)
- poorly: 0.07583868226954774 (119)
- ventricles: 0.07308596142490467 (143)
- scans: 0.07234975485481855 (167)
- ventricular: 0.06942374818549787 (414)
- large: 0.06794699752113016 (2420)
- development: 0.06766851314835884 (393)
- cortex: 0.06648114772276308 (234)
- defined: 0.06546513938831841 (376)
- formation: 0.0641318435140357 (928)
- fossa: 0.06332362964911144 (300)
- placement: 0.06306201624089144 (657)
- third: 0.06229903080272722 (356)
- enlargement: 0.061646698299729005 (295)
- stenosis: 0.060862877869661214 (625)
- marked: 0.06063417273862739 (416)
- midline: 0.06011145613342765 (381)
- structures: 0.05981937245154026 (321)
- girl: 0.0546250441998145 (357)
- new: 0.054141599578191965 (569)
- normal: 0.048713180167240036 (4858)
- all: 0.04394406344420528 (11660)
- due: 0.041459584599142535 (1041)
- posterior: 0.03581160997640816 (1753)
- lateral: 0.03357578264771909 (4830)
- on: 0.01316165477028051 (91641)
- to: 0.007764874698963386 (40381)
- and: 0.006545782026626125 (31978)
- of: 0.006354752770799369 (41955)
- with: 0.004254697312359627 (23954)
- .: 0.0025817844434433655 (82185)
- the: 0.002513623358247742 (67588)
