Texto: 
• soft fontanelle
• normal cranial sutures
chemotherapy planned
complex,  large mass right frontal lobe with associated hemorrhage and both fluid and solid components.
mass enhances minimally following contrast administration.
glioblastoma multiforme
• gliosarcoma
• pnet (cerebral neuroblastoma)
• atypical teratoid/rhabdoid tumor
• teratoma
newborn female who was transferred from a local hospital because a prenatal ultrasound showed hydrocephalus and a mass.
congenital brain tumors are rare with gbm accounting for a minority of them.  the most common congenital brain tumors are teratoma, pnet (incl. medulloblastoma), astrocytoma (incl. gbm), and choroid plexus papilloma. pmid: 2167004

glioblastomas are most commonly diagnosed in middle aged to older adults.


Keywords by value: 
- incl: 0.14104829478346398
- pnet: 0.08284691622784181
- gbm: 0.08086909293236696
- •: 0.07521668887660261
- glioblastomas: 0.07052414739173199
- 2167004: 0.06497896994725243
- teratoma: 0.06392378973378338
- minority: 0.057648644092259185
- teratoid/rhabdoid: 0.05495686619928948
- gliosarcoma: 0.0538886150582933
- tumors: 0.051355461722728014
- congenital: 0.050002543514279005
- fontanelle: 0.04834343761381373
- sutures: 0.046968635558400466
- accounting: 0.04655828920330006
- aged: 0.045099716748948415
- pmid: 0.04305224975585082
- them: 0.041855995884083105
- brain: 0.041141624372844195
- multiforme: 0.03972296657805152
- medulloblastoma: 0.03972296657805152
- planned: 0.038914197643080566
- glioblastoma: 0.03763715647834549
- newborn: 0.03725308272485461
- prenatal: 0.03712904923256689
- transferred: 0.03676808575032313
- minimally: 0.035568564571995816
- choroid: 0.03488936902170392
- adults: 0.03488936902170392
- older: 0.03443727133959719
- papilloma: 0.03434983877533966
- neuroblastoma: 0.03417778913357196
- components: 0.03352436488545781
- plexus: 0.03321663463883545
- enhances: 0.03229115944683975
- most: 0.031565362267649215
- local: 0.03140135436595796
- cranial: 0.029725215969138397
- atypical: 0.029628245084879642
- hydrocephalus: 0.029390838939710704
- mass: 0.02852306416674155
- administration: 0.028381282119225363
- are: 0.027956972940710444
- complex: 0.027375127020913093
- solid: 0.027266773220051038
- rare: 0.02654680158938637
- astrocytoma: 0.02654680158938637
- commonly: 0.02579625154764513
- hospital: 0.025736771719744988
- diagnosed: 0.025137561254360046
- middle: 0.025001271757139502
- chemotherapy: 0.02450356628112692
- because: 0.023916146532688386
- cerebral: 0.02368357201411257
- hemorrhage: 0.022754052673408284
- showed: 0.022414426143389572
- frontal: 0.02147433547586686
- ultrasound: 0.020280980680050426
- fluid: 0.019429112836830825
- following: 0.019402222055209188
- lobe: 0.018394602783388274
- common: 0.017890137695651176
- who: 0.017823747273133617
- both: 0.01745759992548897
- (: 0.017336681429852653
- ): 0.017124904610719322
- soft: 0.0166474141119484
- associated: 0.016131700495261615
- tumor: 0.01593785841288649
- contrast: 0.015302205494463242
- large: 0.014948339454648638
- female: 0.014054082171582669
- a: 0.012691193658195241
- normal: 0.010716899636792808
- from: 0.010131485705233699
- :: 0.009042198527925321
- ,: 0.008662722096553197
- was: 0.007906220177709495
- right: 0.007213053672883334
- for: 0.005832865189141721
- and: 0.005760288183430991
- to: 0.00341654486754389
- in: 0.0033711778411220396
- .: 0.0022719703102301618
- with: 0.0018720668174382357
- the: 0.0011059942776290065
- of: 0.0009320304063839075
