Texto: 
fusion of the si joints with syndesmophyte formation within the lumbar spine.  ossification of the interspinous ligament.

rounded "eggshell" calcification in the luq (left upper quadrant).
ankylosing spondylitis
• ankylosing spondylitis
• luq calcification
» splenic cyst
» parasitic cyst
» splenic artery aneurysm
36 yo man with longstanding back pain.


Keywords by value: 
- »: 0.2140855036260207
- luq: 0.209371562520381
- ankylosing: 0.17552312760135974
- spondylitis: 0.17294733414448102
- splenic: 0.15680893837084992
- eggshell: 0.13766730921028056
- syndesmophyte: 0.13079501924234557
- interspinous: 0.11417079461502817
- calcification: 0.10514527520193657
- si: 0.09864044322733062
- longstanding: 0.09627159674639574
- parasitic: 0.08964674405678537
- cyst: 0.07784308935681704
- ossification: 0.07352850185573376
- 36: 0.0725918462849702
- rounded: 0.0713618345420069
- ligament: 0.06652829314821601
- joints: 0.06627531602589946
- fusion: 0.06460291725459388
- lumbar: 0.061588726672447684
- formation: 0.05978392191986378
- aneurysm: 0.05724473076344581
- •: 0.05311913056257247
- quadrant: 0.050972473457390755
- back: 0.0477807853448725
- spine: 0.04769667027127708
- yo: 0.04358222920852139
- artery: 0.04312762698488473
- ``: 0.03559550911240368
- upper: 0.03495051704014777
- '': 0.03491100850817361
- man: 0.034253082086271175
- within: 0.02762934590484884
- pain: 0.017688274025944657
- left: 0.016205174055473132
- (: 0.012243419088878991
- ): 0.012093859188361103
- the: 0.009372832861262765
- in: 0.007142325934580592
- with: 0.003966243257284398
- of: 0.003949281382982658
- .: 0.002406748209989578
