Texto: 
abdomen was soft and non-tender.
the patient was scheduled for surgery the next day.
ultrasound demonstrates a markedly thickened pylorus that measured 6 mm in width and 32 mm in length.  no material was seen to pass through the pylorus during the examination.
hypertrophic pyloric stenosis
hypertrophic pyloric stenosis
normal closed antrum
a 2.5 month old with projectile non-bilious vomitting and lethargy.
the patient was scheduled for surgery the next day, but i changed services that day, so i was not able to obtain followup on the procedure.


Keywords by value: 
- pylorus: 0.11423570653731863
- pyloric: 0.11081272630208369
- hypertrophic: 0.10344522546367582
- next: 0.09037878353100606
- scheduled: 0.08968039411353435
- day: 0.08477999466727905
- i: 0.07358988948392728
- stenosis: 0.06973871422565348
- vomitting: 0.06784305553096304
- mm: 0.06546239909989594
- non-bilious: 0.06361946065483633
- width: 0.05916691883372238
- projectile: 0.058723589516859916
- antrum: 0.056399177524003564
- changed: 0.056399177524003564
- obtain: 0.056399177524003564
- lethargy: 0.05605761686959741
- was: 0.05147278761529619
- pass: 0.051288522144331994
- measured: 0.04834511618823813
- closed: 0.048186080020209084
- 2.5: 0.048186080020209084
- services: 0.04802943546432846
- non-tender: 0.04713603107102195
- length: 0.04461373886263793
- 32: 0.04439209929547872
- surgery: 0.043229147174172394
- followup: 0.042492916412208356
- markedly: 0.04213368541146701
- able: 0.04195861126233805
- so: 0.04050275769593014
- thickened: 0.039915747940189185
- material: 0.03977402239794149
- procedure: 0.037282046470172386
- that: 0.030749598511642152
- examination: 0.027671073286193386
- during: 0.027239679686706333
- month: 0.02670431813333968
- 6: 0.026584585014321607
- ultrasound: 0.02640752692714899
- abdomen: 0.02636858607183017
- through: 0.02528080227521738
- soft: 0.021676320458266146
- demonstrates: 0.01944397085055402
- but: 0.018984409385766017
- patient: 0.01784566522742475
- seen: 0.01758987099028844
- for: 0.01518975309672323
- normal: 0.01395429640207397
- not: 0.012862694497311826
- the: 0.010080677009639381
- old: 0.009113902050648486
- no: 0.008962959903164603
- to: 0.00889725225922888
- in: 0.00877910896125531
- a: 0.00826249587122086
- on: 0.007540531378806542
- ,: 0.0056397930316101534
- and: 0.005625281429131827
- .: 0.002218721006084142
- with: 0.0012187935009363513
