Texto: 
no neurological signs or focal tenderness
conservative
• bilateral l4 pars defects
• grade 1 spondylolisthesis of l4 on l5.
spondylolisthesis, bilateral pars fracture
• traumatic fracture
• degeneration of the facet joints at l4-5
• congenital pars defect
41 year old man with hx of lower back pain, but now worse following an automobile accident.


Keywords by value: 
- pars: 0.28854979931215374
- spondylolisthesis: 0.18933414026791162
- l4: 0.16847727694243117
- •: 0.1305845292996573
- automobile: 0.11030489744383797
- l4-5: 0.09466707013395581
- l5: 0.07983611222052248
- 41: 0.07588064244875305
- facet: 0.07564753841584071
- fracture: 0.07510247767575928
- degeneration: 0.07230302682480486
- hx: 0.07050918242159876
- bilateral: 0.0691272576438148
- defects: 0.06541948826241241
- joints: 0.06517072742546781
- accident: 0.06468407484726343
- worse: 0.06308467504290104
- neurological: 0.06162541019249572
- traumatic: 0.05965127435227582
- conservative: 0.05688068403490364
- grade: 0.054247279882516174
- defect: 0.05331245543833211
- congenital: 0.052085982827373964
- signs: 0.05012293223310091
- now: 0.04868525982836079
- back: 0.046984438922457954
- tenderness: 0.04331520538136056
- focal: 0.0406748934023067
- following: 0.04042129594835247
- 1: 0.03388877279932845
- man: 0.03368219738483332
- lower: 0.03203103448939771
- but: 0.030375055017225625
- an: 0.019694414404745498
- at: 0.01929605254719388
- pain: 0.017393469458845578
- or: 0.01669204581606179
- year: 0.015935087821215246
- old: 0.014582243281037577
- no: 0.014340735845063367
- on: 0.012064850206090468
- ,: 0.009023668850576245
- of: 0.0058251900398994215
- the: 0.00230415474506043
- with: 0.0019500696014981623
- .: 0.0011833178699115425
