Texto: 
location of mucoceles
sinonasal mass discovered during work-up for headache


Keywords by value: 
- mucoceles: 0.7206080511532398 (6)
- sinonasal: 0.6736076882286662 (12)
- work-up: 0.4826534377402224 (56)
- discovered: 0.4210348237978407 (105)
- location: 0.29807076869038934 (803)
- headache: 0.2934985437565798 (758)
- during: 0.2615009249923808 (674)
- mass: 0.11884610069475646 (5255)
- for: 0.07291081486427152 (12260)
- of: 0.011650380079798843 (41955)
