Texto: 
palpable left neck mass.
unknown
ct:  rim-enhancing, low-attenuation (20 hu), cystic mass within the left neck anterior to the sternocleidomastoid muscle at the level of the tonsillar fossa.
second branchial cleft cyst
second branchial cleft cyst
abscess
metastatic carcinoma of cervical lymph nodes 
lymphoma
hemangioma
25 year old female with complaint of palpable left neck mass.
this lesion demonstrates classic ct characteristics and location for a second branchial cleft cyst.  under the bailey classification for 2nd branchial cleft cysts, this lesion is type ii given its location anterior to sternocleidomastoid, posterior to submandibular gland, and lateral to the carotid space.


Keywords by value: 
- branchial: 0.19955626880065672 (43)
- cleft: 0.14765053185221685 (181)
- sternocleidomastoid: 0.10809678270556261 (21)
- second: 0.08713616642227374 (1158)
- bailey: 0.0780134373802345 (1)
- neck: 0.066617074434119 (1226)
- cyst: 0.06096560538122396 (3901)
- rim-enhancing: 0.06079299358328482 (7)
- low-attenuation: 0.05856897209407326 (10)
- palpable: 0.05360391225840337 (406)
- location: 0.052755888263785716 (803)
- tonsillar: 0.051956455263717324 (42)
- submandibular: 0.04988906720016418 (54)
- hu: 0.048846739450992646 (1105)
- classification: 0.0432185202764794 (86)
- anterior: 0.03895208537633164 (1421)
- 2nd: 0.037713641879344756 (135)
- characteristics: 0.037620975508837716 (116)
- complaint: 0.0349379112700081 (320)
- nodes: 0.03415656076429414 (222)
- carotid: 0.03391072391378904 (322)
- hemangioma: 0.033790319913295425 (288)
- under: 0.033045257159133055 (1187)
- ii: 0.032616103619853315 (783)
- gland: 0.03220680257869619 (416)
- mass: 0.03155206213135127 (5255)
- fossa: 0.030821235669921496 (300)
- lesion: 0.030806287185848755 (3600)
- 25: 0.03056837396687675 (658)
- lymph: 0.030526923972961476 (1772)
- cysts: 0.029623524626826256 (578)
- unknown: 0.029512207970128376 (260)
- classic: 0.028975706892106833 (354)
- its: 0.02853567649075789 (1224)
- cervical: 0.027478685014085208 (1130)
- 20: 0.027190400319973593 (2416)
- muscle: 0.027162081711737566 (802)
- given: 0.025924021172710997 (460)
- type: 0.025492249808379736 (949)
- left: 0.02538332573290924 (7401)
- space: 0.025013778823687032 (822)
- abscess: 0.02391005525782537 (839)
- cystic: 0.021810908913732375 (1209)
- level: 0.021795478120769308 (1166)
- lymphoma: 0.021612377295482176 (867)
- carcinoma: 0.021432988230228905 (1515)
- ct: 0.02115581687419545 (27172)
- metastatic: 0.019036366403682215 (1079)
- posterior: 0.017430429634534943 (1753)
- this: 0.01701127811175457 (5602)
- demonstrates: 0.016518771696045893 (1423)
- lateral: 0.016342195094022568 (4830)
- female: 0.01554655107475959 (1301)
- to: 0.015117455166123407 (40381)
- within: 0.014425941667133466 (1927)
- for: 0.01290456900252593 (12260)
- ,: 0.011978321483065813 (45533)
- at: 0.010245691617979053 (83424)
- :: 0.01000243199991739 (11095)
- year: 0.008461108577636413 (4271)
- old: 0.007742784043028802 (3947)
- the: 0.007340669984263317 (67588)
- (: 0.006392581648175757 (9594)
- ): 0.006314492850560222 (10569)
- is: 0.004976024587475448 (65037)
- a: 0.0035097327594566484 (549576)
- and: 0.0031860001014551937 (31978)
- of: 0.003093021260123587 (41955)
- .: 0.001570775933510897 (82185)
- with: 0.0010354351866361923 (23954)
