Texto: 
non-responsive patient
pupils fixed and dilated
brain death
ct day 1 - high signal thrombus in basilar tip.

mri day 2-
hydrocephalus
acute bilateral cerebellar infarcts
acute bilateral thalamic infarcts 
acute right occipital lobe infarct

mra no flow in distal basilar artery or posterior cerebal arteries
anoxic brain injury due to acute basilar artery thrombosis
• acute basilar artery thrombosis
• arterial embolism
• basilar artery dissection
67 year old woman found comatose in bed.


Keywords by value: 
- basilar: 0.29121981062858227 (187)
- acute: 0.1370051512406815 (1548)
- artery: 0.13218337621341295 (1331)
- infarcts: 0.11937690178676343 (105)
- cerebal: 0.11448725225930519 (1)
- non-responsive: 0.09648342938761828 (4)
- thrombosis: 0.09527334927670247 (328)
- 2-: 0.08921569188196345 (606)
- anoxic: 0.08221573732699348 (14)
- thalamic: 0.07694995670221214 (75)
- comatose: 0.07434384377413224 (23)
- day: 0.07046648907410206 (1324)
- brain: 0.0667883512546172 (978)
- 67: 0.0665797268812021 (131)
- bed: 0.06448533535397974 (673)
- fixed: 0.06421191445530659 (56)
- mra: 0.0622099575744331 (92)
- •: 0.06105250720503459 (8449)
- pupils: 0.06068030776071384 (64)
- death: 0.05988085460487705 (98)
- tip: 0.056944176949651745 (1937)
- thrombus: 0.0560481656316394 (138)
- dissection: 0.05455062217045765 (230)
- embolism: 0.05429596669788134 (226)
- bilateral: 0.05386539556660894 (2204)
- occipital: 0.05178187904758698 (226)
- infarct: 0.049242050689873015 (647)
- arterial: 0.04857590400951521 (242)
- cerebellar: 0.04786519102653799 (289)
- hydrocephalus: 0.04771240087615374 (250)
- arteries: 0.04594030863293482 (281)
- dilated: 0.040325862423267904 (410)
- flow: 0.036676024374785926 (681)
- injury: 0.035379331712841564 (916)
- found: 0.03497435862924821 (642)
- high: 0.030370728065932672 (1383)
- distal: 0.030172449207091258 (1134)
- lobe: 0.029861368154851093 (1492)
- due: 0.02961398899938753 (1041)
- signal: 0.029260705587958166 (1276)
- 1: 0.026406835947528663 (15898)
- woman: 0.02563510321414164 (987)
- posterior: 0.025579721411720113 (1753)
- mri: 0.025497089024865194 (1820)
- -: 0.0237886812819268 (21459)
- in: 0.016418073901568374 (113220)
- ct: 0.015523424070026532 (27172)
- or: 0.013006788947580618 (60128)
- year: 0.012416951548998894 (4271)
- right: 0.011709502715719697 (8044)
- old: 0.011362786972237074 (3947)
- no: 0.011174599359789638 (35870)
- patient: 0.011124570531381663 (8535)
- to: 0.005546339070688133 (40381)
- and: 0.0023377792952236163 (31978)
- .: 0.0009220658726583449 (82185)
