Texto: 
chance fracture through t11
chance fracture
wedge fracture
compression fracture
21 year old male who sustained spinal injury in a motor vehicle accident.

plain film imaging suggestive of wedge fracture.


Keywords by value: 
- fracture: 0.35204286410512164 (2836)
- chance: 0.3497901624436436 (40)
- wedge: 0.3405139121237515 (62)
- t11: 0.19301440919847623 (38)
- sustained: 0.15141332845044927 (65)
- vehicle: 0.12435114115671939 (282)
- accident: 0.12128264033861895 (399)
- 21: 0.12083620417463531 (409)
- suggestive: 0.11408538906384326 (200)
- motor: 0.11151544849393788 (384)
- film: 0.10256652922621806 (690)
- compression: 0.09996085394687271 (537)
- spinal: 0.09561800657436206 (1010)
- plain: 0.08672699102153389 (1294)
- injury: 0.085131516934025 (916)
- through: 0.07584240682565214 (1208)
- who: 0.06962401278567819 (941)
- imaging: 0.06256480701423758 (1530)
- male: 0.048287673058983537 (2906)
- year: 0.029878289664778585 (4271)
- old: 0.027341706151945457 (3947)
- in: 0.013168663441882967 (113220)
- a: 0.01239374380683129 (549576)
- of: 0.0036407437749371384 (41955)
- .: 0.002218721006084142 (82185)
