Texto: 
non-contributory.
supportive
abdsent septum pellucidum, thinned optic chiasm, interdigitated frontal lobes.
septo-optic dysplasia (demorsier syndrome)
spectrum of holoprosencephaly:
alobar
semi-lobar
lobar
eight month female with vision abnormality.


Keywords by value: 
- abdsent: 0.2518719549704714 (1)
- interdigitated: 0.2518719549704714 (1)
- demorsier: 0.2320677498116158 (2)
- semi-lobar: 0.2204830324370968 (3)
- alobar: 0.19245933949390462 (52)
- thinned: 0.1833606614619465 (11)
- septo-optic: 0.18087462211938563 (18)
- holoprosencephaly: 0.164885599606945 (39)
- eight: 0.15990407425995135 (1140)
- pellucidum: 0.1546948869229812 (39)
- chiasm: 0.1450813944480894 (55)
- spectrum: 0.1412662118016745 (59)
- lobar: 0.14067708931016776 (139)
- septum: 0.12493906192789091 (135)
- optic: 0.11302017198870931 (368)
- vision: 0.11279954210031187 (241)
- supportive: 0.10795902347293912 (159)
- lobes: 0.10759035476334175 (224)
- dysplasia: 0.09637430609842013 (406)
- non-contributory: 0.09017246309162505 (287)
- abnormality: 0.09007308410944434 (336)
- frontal: 0.07669405527095306 (673)
- month: 0.07324612973716027 (1567)
- syndrome: 0.06982590219241833 (1256)
- female: 0.050193150612795244 (1301)
- :: 0.03229356617116186 (11095)
- (: 0.0206389064641103 (9594)
- ): 0.020386791203237286 (10569)
- ,: 0.01546914660098785 (45533)
- with: 0.003342976459711135 (23954)
- of: 0.0033286800227996694 (41955)
- .: 0.003042817379772538 (82185)
