Texto: 
normal
surgery followed by radiation therapy
• enhancing mass arising from left tentorial leaflet.
• prominent flow voids centrally and peripherally.
• homogeneous enhancement.
• no definite "dural tail."
anaplastic meningioma, who 3
• meningioma
• lymphoma
• hemangiopericytoma
15 year old boy who presents to er with headache.
an outside ct had revealed a high density mass arising from left tentorial leaflet.  it is unusual to find a meningioma in a patient this young. the pathologic examination revealed 4 to5 mitotic figures per high power field indicative of an aggressive atypical meningioma who grade ii/iii


Keywords by value: 
- leaflet: 0.12961525047002234 (20)
- meningioma: 0.12400337118698396 (444)
- tentorial: 0.12288553454665004 (54)
- •: 0.10348207982236995 (8449)
- to5: 0.08316526815062734 (1)
- ii/iii: 0.08316526815062734 (1)
- arising: 0.06674346725916945 (227)
- mitotic: 0.0635478951159119 (9)
- who: 0.06305570969268968 (941)
- power: 0.06054361463366158 (22)
- figures: 0.05700877077100676 (24)
- find: 0.05279851508583299 (2248)
- revealed: 0.05174479037483194 (621)
- anaplastic: 0.050769162447937284 (45)
- peripherally: 0.04813156940813387 (46)
- hemangiopericytoma: 0.04813156940813387 (51)
- voids: 0.04607257350228464 (56)
- indicative: 0.04607257350228464 (63)
- tail: 0.04438343924333195 (156)
- high: 0.04412351058635501 (1383)
- centrally: 0.04393052208119647 (70)
- definite: 0.04364022341452898 (86)
- field: 0.041365109670973434 (213)
- aggressive: 0.03944140977110248 (165)
- dural: 0.03908197725947728 (704)
- unusual: 0.0389942188381347 (132)
- homogeneous: 0.03815880942925314 (192)
- pathologic: 0.035286269893704446 (313)
- per: 0.035286269893704446 (11199)
- young: 0.03511102097320506 (231)
- atypical: 0.03493896826047127 (201)
- outside: 0.033815186859546334 (208)
- prominent: 0.03308727100533295 (252)
- 15: 0.03215421370289037 (862)
- er: 0.030926265631584543 (89441)
- grade: 0.03070600748066953 (661)
- headache: 0.02768854186382828 (758)
- boy: 0.027403035659678974 (395)
- followed: 0.027027130862063882 (433)
- flow: 0.026642017706212415 (681)
- density: 0.02652482412132037 (574)
- radiation: 0.02645520046756921 (533)
- enhancing: 0.025282580498912823 (642)
- examination: 0.02506059467428835 (634)
- from: 0.023895013455739855 (3282)
- lymphoma: 0.023039609758391373 (867)
- 4: 0.02246199910546269 (7367)
- mass: 0.02242379258391631 (5255)
- an: 0.022295563477070374 (75109)
- enhancement: 0.021608384586066377 (898)
- therapy: 0.021553215058873705 (1469)
- ``: 0.019812594694639783 (0)
- surgery: 0.01957546287132335 (1277)
- '': 0.019431599075304177 (0)
- 3: 0.018877127610439054 (8405)
- it: 0.01812121117483978 (53878)
- left: 0.018039722061753107 (7401)
- had: 0.017394809615478377 (2121)
- presents: 0.01646834241045213 (1354)
- by: 0.013423310407970516 (2984)
- normal: 0.012637853345274537 (4858)
- ct: 0.011276449560302292 (27172)
- a: 0.011224522692979282 (549576)
- this: 0.009067332201076727 (5602)
- year: 0.009019861030876554 (4271)
- old: 0.008254099970398629 (3947)
- no: 0.008117397648149074 (35870)
- patient: 0.008081055952041396 (8535)
- to: 0.00805788883854691 (40381)
- is: 0.005304629984761562 (65037)
- in: 0.0039754455673608954 (113220)
- ,: 0.0025538685426159187 (45533)
- .: 0.002344308987560603 (82185)
- and: 0.0016981981672850796 (31978)
- the: 0.001304238534939866 (67588)
- with: 0.0011038129819800919 (23954)
- of: 0.0010990924603583813 (41955)
