Texto: 
normal between seizures.
the lesion was resected completely
• solitary ring-enhancing lesion in the right temporal lobe.
• thin and smooth rim of enhancement
• small chunk of calcification in the lateral/peripheral rim
cysticercosis
• abscess - chronic (because of calcification)
• neoplasm (astrocytoma, oligodendroglioma)
43 year old man presents with a new onset of seizures.


Keywords by value: 
- chunk: 0.13774247537447654
- lateral/peripheral: 0.13774247537447654
- •: 0.12242299621842874
- seizures: 0.11480796460824494
- rim: 0.11303191852189602
- ring-enhancing: 0.09891580897153902
- calcification: 0.09693080057678528
- cysticercosis: 0.08310954472656278
- oligodendroglioma: 0.07826337397181529
- 43: 0.0720441531964927
- solitary: 0.06626261633536118
- resected: 0.06610235852024884
- completely: 0.06415606597897132
- smooth: 0.05844288451144799
- thin: 0.05487833618605348
- lesion: 0.05439235081251421
- temporal: 0.05346704496272089
- astrocytoma: 0.05184922185427025
- because: 0.046711223696657
- new: 0.046527937137508725
- neoplasm: 0.04547119649862388
- between: 0.04232024275350381
- abscess: 0.042216191314597924
- onset: 0.04214720665508047
- chronic: 0.037609213014171874
- lobe: 0.03592695856130522
- enhancement: 0.03578888697067244
- man: 0.03157706004828124
- small: 0.03075898881845498
- -: 0.02862075716731818
- presents: 0.027275692117311342
- (: 0.02257380394512064
- ): 0.022298052878540784
- normal: 0.020931444603110954
- was: 0.015441836284588856
- year: 0.014939144832389293
- right: 0.01408799545485026
- old: 0.013670853075972728
- in: 0.013168663441882967
- of: 0.007281487549874277
- the: 0.006480435220482459
- a: 0.006196871903415645
- ,: 0.004229844773707615
- and: 0.0028126407145659133
- with: 0.0018281902514045271
- .: 0.0016640407545631068
