Texto: 
pt was given iv antibiotics and subsequently scheduled for surgical resection.
initial non-contrast chest ct found to have rll consolidation.  follow up contrast enhanced study revealed a multiloculted mass present posteriorly within the rll.  systemic arterial supply shown to be from the descending aorta with venous drainage into the r atrium.
intralobar pulmonary sequestration
1. intralobar pulmonary sequestration
2. lobar consolidation/abscess
3. pulmonary neoplasm
female with recurrent episodes of pneumonia.
initial non-contrast study showed apparent consolidation involving the posterior basal portion of the rll.  possible abscess or underlying mass also questioned, therefore follow up contrast enhanced study recommended.  this clearly revealed the presence of intralobar pulmonary sequestration, with systemic arterial supply and pulmonary venous drainage confirmed with reconstructions.


Keywords by value: 
- intralobar: 0.14837371345730854
- rll: 0.13887062498602346
- sequestration: 0.11846058535014692
- pulmonary: 0.09752149649297123
- supply: 0.07429805333468874
- multiloculted: 0.06887123768723827
- consolidation/abscess: 0.06887123768723827
- consolidation: 0.0669206082939569
- study: 0.0658976099264053
- non-contrast: 0.06517386757539259
- systemic: 0.06387704070709621
- arterial: 0.05844288451144799
- enhanced: 0.05713223632424952
- drainage: 0.05584017826416962
- questioned: 0.05366881464774363
- reconstructions: 0.050882291648222285
- venous: 0.04846540028839264
- initial: 0.04424347098873919
- revealed: 0.042851154529157706
- follow: 0.04242499174916303
- lobar: 0.038466391608248995
- atrium: 0.03756394717760959
- up: 0.03590386173522224
- clearly: 0.034349045438827344
- scheduled: 0.03363014779257538
- episodes: 0.032971863858061785
- descending: 0.032586933787696296
- posteriorly: 0.03153433539730444
- therefore: 0.03153433539730444
- basal: 0.03043388670420604
- r: 0.030320660084654737
- subsequently: 0.030264656260603078
- contrast: 0.02988712010637352
- apparent: 0.02952004548088179
- aorta: 0.028656437087133165
- underlying: 0.028611147105224367
- recurrent: 0.028172127118164667
- recommended: 0.027675928635958996
- pneumonia: 0.027596208556472733
- shown: 0.026769114798046854
- confirmed: 0.025104684399115604
- antibiotics: 0.02507590904430079
- pt: 0.02482159183306838
- iv: 0.024362694823914795
- presence: 0.02423270014419632
- portion: 0.024181301932492863
- involving: 0.023425056750025732
- given: 0.022886049941533926
- 3.: 0.022842767282349432
- neoplasm: 0.02273559824931194
- possible: 0.022484236085031813
- showed: 0.02188908803065388
- 2.: 0.021230032357814517
- abscess: 0.021108095657298962
- found: 0.021039262612907127
- 1.: 0.020853040361700007
- resection: 0.02081965355875171
- mass: 0.018569703233555696
- chest: 0.015974445312949365
- into: 0.01588536224968521
- posterior: 0.01538780116173788
- present: 0.015078193390091256
- have: 0.01445654748722728
- surgical: 0.014032982580089481
- female: 0.0137246896206862
- also: 0.013161090575548057
- within: 0.012735401628016263
- be: 0.010294974401124446
- from: 0.009894029009017284
- ct: 0.009338309792125335
- or: 0.007824396476278965
- was: 0.007720918142294428
- this: 0.007508884479016664
- to: 0.00667293919442166
- the: 0.006480435220482459
- for: 0.005696157411271212
- ,: 0.004229844773707615
- with: 0.0036563805028090542
- a: 0.0030984359517078224
- and: 0.0028126407145659133
- of: 0.0027305578312028537
- .: 0.002218721006084142
