Texto: 
negative broncho-alveolar lavage
none at this time.
plain radiographs of the chest demonstrate a large pleural based mass.

single axial ct image demonstrates a large pleural based mass.
fibrous tumor of the pleura
loculated effusion or empyema
lipoma
fibrous tumors
other neoplasm:
 peripheral bronchogenic carinoma
 mesothelioma
 liposarcoma
 pleural metastasis (breast carcinoma, lymphoma
71 yo male with a 100 pack yr smoking history with chest mass found on routine physical exam.


Keywords by value: 
- pleural: 0.12928637137688168 (568)
- broncho-alveolar: 0.11448725225930519 (1)
- carinoma: 0.10021956019868038 (8)
- fibrous: 0.08972016255213176 (323)
- based: 0.08464130811083015 (378)
- lavage: 0.08021378044612 (15)
- loculated: 0.07268367011815971 (55)
- yr: 0.07268367011815971 (1665)
- pack: 0.07031585769226419 (82)
- mesothelioma: 0.06947769508008794 (92)
- empyema: 0.0675922144327568 (67)
- pleura: 0.06690852958229679 (627)
- liposarcoma: 0.06690852958229679 (80)
- 71: 0.06421191445530659 (125)
- bronchogenic: 0.058590302996913354 (89)
- 100: 0.0560481656316394 (291)
- smoking: 0.0560481656316394 (113)
- chest: 0.05310984415733815 (1824)
- lipoma: 0.05188619296573327 (428)
- large: 0.048533569657950124 (2420)
- mass: 0.04630367559535965 (5255)
- single: 0.044982601175200414 (287)
- routine: 0.044499307716233734 (253)
- effusion: 0.04217108987279742 (600)
- tumors: 0.04168462802169482 (533)
- metastasis: 0.04154217306883022 (332)
- breast: 0.040942310958838345 (1038)
- peripheral: 0.04015497820797555 (434)
- neoplasm: 0.037794241245609456 (578)
- plain: 0.03604238587907902 (1294)
- radiographs: 0.03514637456106666 (624)
- found: 0.03497435862924821 (642)
- image: 0.03466479436750131 (2894)
- yo: 0.0333941756273086 (2293)
- negative: 0.033144417680193175 (803)
- lymphoma: 0.031716865381681635 (867)
- axial: 0.03167261657231002 (1143)
- carcinoma: 0.031453606104102166 (1515)
- time: 0.03134547048362744 (1157)
- none: 0.02752882476503905 (942)
- physical: 0.027227341163392708 (1030)
- tumor: 0.02587314677416638 (2333)
- other: 0.025579721411720113 (2604)
- demonstrate: 0.0255383394978317 (3313)
- exam: 0.02437966155778621 (2159)
- demonstrates: 0.024241833787703716 (1423)
- male: 0.020067604388149002 (2906)
- ct: 0.015523424070026532 (27172)
- a: 0.015451940330594854 (549576)
- history: 0.015327461528663423 (2881)
- at: 0.01503588510170952 (83424)
- :: 0.014678893714164481 (11095)
- or: 0.013006788947580618 (60128)
- this: 0.012482301471612119 (5602)
- on: 0.009401181978771794 (91641)
- (: 0.009381321120050138 (9594)
- the: 0.0035908905117824886 (67588)
- ,: 0.003515715136588148 (45533)
- with: 0.003039069508828305 (23954)
- of: 0.0030260727479997 (41955)
- .: 0.0018441317453166898 (82185)
