Texto: 
internal fixation
type 2 fracture of the odontoid process.
type 2 odontoid fracture
odontoid fracture
73 year old male. status post fall.
type 1: akin to avulsion of the alar ligament, these are fractures of the tip of the odontoid process.
type 2: at the junction of the odontoid process and the body of c2.
type 3: fractures through the base of the odontoid process and extend into  the cancellous bone of the body of c2


Keywords by value: 
- odontoid: 0.42228035858190227 (62)
- type: 0.1694484840204065 (949)
- process: 0.1548266110510454 (446)
- c2: 0.12819347279952997 (125)
- akin: 0.09078713100351045 (216)
- cancellous: 0.09078713100351045 (3)
- alar: 0.0874026360334895 (108)
- fracture: 0.07952027048021572 (2836)
- fractures: 0.07613620230541826 (616)
- body: 0.06530032265150787 (675)
- 2: 0.06494486458272516 (13754)
- 73: 0.06188435720561276 (122)
- avulsion: 0.05372968449314281 (121)
- tip: 0.05158472500144922 (1937)
- fixation: 0.05103743069986225 (126)
- extend: 0.05038728153897932 (807)
- ligament: 0.04617846230287935 (485)
- fall: 0.04422673668962577 (368)
- junction: 0.04210678189572411 (291)
- :: 0.03989205232908229 (11095)
- base: 0.03938186215095726 (831)
- status: 0.03588620377860769 (390)
- internal: 0.03370442201622084 (516)
- post: 0.031656882742026986 (3312)
- through: 0.028552435510833748 (1208)
- these: 0.026162878728915765 (1129)
- bone: 0.024981584487763175 (2205)
- 1: 0.023921486681878903 (15898)
- into: 0.023921486681878903 (1299)
- 3: 0.0235408885494887 (8405)
- male: 0.018178888681029095 (2906)
- the: 0.017891083902822163 (67588)
- are: 0.013704398500348255 (8518)
- at: 0.0136207429744898 (83424)
- of: 0.012335696555081127 (41955)
- year: 0.011248297285563702 (4271)
- old: 0.010293348198379466 (3947)
- to: 0.005024330687564544 (40381)
- and: 0.004235506017228669 (31978)
- ,: 0.003184824300203381 (45533)
- .: 0.0020882080057262513 (82185)
