Texto: 
no focal neurologic deficits.
none.
smooth bone fragmentation of the anterior-inferior corner of the t11 vertebral body.  the anterior-inferior vertebral body at the level of the defect is sclerotic. no other vertebral body anomalies were seen at this level or any other.
limbus vertebra
old trauma
limbus vertebra
acute fracture
young man involved in a motor vehicle collision undergoing evaluation for spinal injuries.  he complains of non-focal back pain.
see factoid.


Keywords by value: 
- anterior-inferior: 0.22317768161940502 (2)
- limbus: 0.19536471228603514 (4)
- vertebra: 0.13543753218143725 (756)
- vertebral: 0.12842264887641489 (629)
- body: 0.10538976124135764 (675)
- non-focal: 0.07912112742411342 (13)
- fragmentation: 0.07818305182723088 (16)
- corner: 0.07818305182723088 (24)
- t11: 0.07818305182723088 (38)
- collision: 0.06771876609071863 (44)
- level: 0.062351620953086884 (1166)
- anomalies: 0.05660396205206094 (119)
- undergoing: 0.05304488114787629 (105)
- injuries: 0.05047094540081262 (230)
- vehicle: 0.05037008249386102 (282)
- complains: 0.05027001693047983 (129)
- other: 0.049864267055758194 (2604)
- deficits: 0.04949675500668441 (170)
- sclerotic: 0.04841880806566787 (252)
- smooth: 0.04734613428775533 (207)
- young: 0.04711099016657894 (231)
- involved: 0.045372276039391285 (225)
- neurologic: 0.045170814579822936 (446)
- motor: 0.045170814579822936 (384)
- defect: 0.0404904724848092 (623)
- spinal: 0.03873134443518463 (1010)
- factoid: 0.03791690498245743 (369)
- back: 0.03568438399174022 (949)
- any: 0.0340612029502822 (1117)
- see: 0.03228123052188339 (2684)
- evaluation: 0.03142074425097225 (786)
- focal: 0.030892324103017746 (922)
- he: 0.030179586608012905 (91634)
- trauma: 0.02958238964250543 (1386)
- at: 0.029310459565357796 (83424)
- fracture: 0.028519928231300996 (2836)
- bone: 0.026878920018479364 (2205)
- none: 0.026831892492506414 (942)
- acute: 0.026707333279829052 (1548)
- man: 0.025581415735316446 (4104)
- were: 0.02456058654037875 (1679)
- no: 0.021783396220349416 (35870)
- seen: 0.02137503310212266 (1897)
- pain: 0.013210229968743476 (5051)
- or: 0.012677503151439335 (60128)
- this: 0.012166293839419405 (5602)
- old: 0.011075121479269045 (3947)
- for: 0.009229217071426774 (12260)
- the: 0.008749954728077583 (67588)
- is: 0.007117604789680071 (65037)
- of: 0.005898926622682959 (41955)
- in: 0.0053341421536741125 (113220)
- a: 0.005020250655931662 (549576)
- .: 0.003594889731376838 (82185)
