Texto: 
afebrile, mildly elevated wbc
12cm heterogeneous round soft tissue density mass with rim enhancement, containing at least 3 1cm round calcific density structures in the region of the gall bladder. no separate gallbladder was identified.
complicated cholecystitis:  gangrenous cholecystitis with focal perforation and pericholecystic abscess
liver abscess incorporating the gallbladder

sequela of perforated cholecystitis with abscess/necrotic tissue.

perforated gastric ulcer with abscess formation

gallbladder carcinoma
56y/o diabetic female with ruq pain referred to our hospital for liver biopsy secondary to ct findings of a "liver mass"


Keywords by value: 
- cholecystitis: 0.1448569884558652 (157)
- gallbladder: 0.13104217731874993 (350)
- perforated: 0.1131704438829791 (42)
- liver: 0.09402834609040607 (910)
- abscess/necrotic: 0.09378211089326062 (1)
- 56y/o: 0.09378211089326062 (1)
- incorporating: 0.08640820471709099 (2)
- abscess: 0.08622881630215745 (839)
- 12cm: 0.08209474612019561 (5)
- round: 0.07854371158645189 (1271)
- gangrenous: 0.07666043097374892 (7)
- sequela: 0.06497306620068391 (66)
- density: 0.05982194376297785 (574)
- gall: 0.059538751054237206 (579)
- pericholecystic: 0.05759916002451428 (32)
- 1cm: 0.05658522194148955 (59)
- diabetic: 0.054276025077257345 (64)
- calcific: 0.05352477436221528 (965)
- ruq: 0.05115090679504284 (64)
- separate: 0.050404052979369986 (103)
- ulcer: 0.05004941021056582 (321)
- complicated: 0.04716480626907039 (146)
- perforation: 0.046773168257126595 (158)
- containing: 0.046150868186045656 (116)
- least: 0.04556296734907704 (109)
- our: 0.043212002477235466 (2074)
- tissue: 0.04309406783941688 (1668)
- afebrile: 0.04199982950543527 (137)
- gastric: 0.040620278193642376 (444)
- mildly: 0.038716688206304986 (207)
- rim: 0.03847895098617737 (1355)
- formation: 0.037523950992254924 (928)
- bladder: 0.0368979882260535 (843)
- structures: 0.03500069664717781 (321)
- referred: 0.03430352599420895 (346)
- hospital: 0.03422443047838429 (409)
- heterogeneous: 0.03342760805101069 (406)
- wbc: 0.033139094155061825 (388)
- identified: 0.032483691927514054 (404)
- biopsy: 0.032252055762093196 (501)
- elevated: 0.030843791078287903 (460)
- focal: 0.02596269791636598 (922)
- carcinoma: 0.025765187978892195 (1515)
- region: 0.025676608800418218 (1007)
- secondary: 0.025415212409668164 (822)
- mass: 0.02528640440313967 (5255)
- enhancement: 0.02436690176726634 (898)
- ``: 0.02234186210246614 (0)
- soft: 0.02213751876588883 (1339)
- '': 0.021912228744491946 (0)
- 3: 0.021286973688367444 (8405)
- findings: 0.019349329104148508 (1669)
- female: 0.018688939057955677 (1301)
- ct: 0.012715996312681308 (27172)
- at: 0.012316629285442905 (83424)
- :: 0.012024200170113457 (11095)
- pain: 0.011102214548199305 (5051)
- was: 0.010513590661847733 (7680)
- no: 0.00915366117770002 (35870)
- to: 0.009086555498786942 (40381)
- for: 0.0077564696664118625 (12260)
- with: 0.006223626387760093 (23954)
- ,: 0.005759788628027391 (45533)
- in: 0.004482949256811222 (113220)
- the: 0.004412211213945504 (67588)
- a: 0.0042191468278574605 (549576)
- of: 0.003718206408446439 (41955)
- and: 0.0019149894226831749 (31978)
- .: 0.001132963918000413 (82185)
