Texto: 
large compound paraesophageal hernia
compound paraesophageal hernia
sliding hiatus hernia
paraesophageal hernia
compound paraesophageal hernia
50 yo aaf with anemia of unknown etiology.  the patient had an upper endoscopy, which showed a large hiatus hernia.  however, due to the patient's anatomy, the endoscope was unable to fully evaluate the hiatus hernia.


Keywords by value: 
- hernia: 0.4514209010539431
- paraesophageal: 0.38879066162886566
- compound: 0.3274454365954395
- hiatus: 0.3094295730988077
- endoscope: 0.12809007004907944
- aaf: 0.11229195398228366
- sliding: 0.09516692341314084
- fully: 0.08927469421103643
- endoscopy: 0.08524685194928634
- anatomy: 0.07622533222920791
- anemia: 0.07329603849135624
- unable: 0.06806868919846407
- large: 0.06443249764934758
- etiology: 0.06236243780518401
- evaluate: 0.05955562514236332
- unknown: 0.057497922424560456
- 50: 0.05605168994213456
- showed: 0.04830695289523615
- yo: 0.0443336469534959
- however: 0.04102358716546673
- due: 0.039315123326773095
- upper: 0.03555311216152963
- 's: 0.03248356238563871
- had: 0.0317905141248398
- patient: 0.029537652790220276
- which: 0.02750249288349222
- an: 0.02037353214284017
- was: 0.01703926762437391
- to: 0.014726486498034009
- ,: 0.014002244768135554
- the: 0.009534433427836261
- a: 0.006837927617562091
- with: 0.002017313380860168
- of: 0.002008686220654973
- .: 0.0018361829015868763
