Texto: 
not available
radiation therapy
bilateral thalamic masses
no restricted diffusion
no enhancement
astrocytoma, low-grade, supratentorial
infiltrating glioma
lymphoma
metastatic disease
venous infarction
52 year old women presents to her doctor with memory loss and "feeling funny".  outside ct scan showed hydrocephalus


Keywords by value: 
- funny: 0.161504870931448
- thalamic: 0.1288075362189203
- memory: 0.1234787871312467
- supratentorial: 0.11999307734700368
- low-grade: 0.11373911925022583
- doctor: 0.11256374487478506
- feeling: 0.11038801751485064
- infiltrating: 0.10089415552327957
- 52: 0.09897475102011266
- women: 0.09026259412727025
- restricted: 0.0854938369865245
- glioma: 0.08375377812405632
- diffusion: 0.08315403993886439
- hydrocephalus: 0.07986641016225735
- outside: 0.07792195232851981
- infarction: 0.07592409662669761
- astrocytoma: 0.07213804779724557
- venous: 0.06743012214037238
- masses: 0.06279548691295841
- available: 0.06245041410521298
- radiation: 0.06096198368613775
- showed: 0.0609087666939934
- her: 0.05585677518445512
- loss: 0.05392313418409651
- lymphoma: 0.053091274660640994
- scan: 0.0520059013137604
- enhancement: 0.049793234046152955
- therapy: 0.04966610426610028
- metastatic: 0.046763247904697616
- ``: 0.04565510951373515
- bilateral: 0.04508299411553139
- '': 0.044777163086570496
- presents: 0.037948789032781
- no: 0.03741061524799139
- disease: 0.030363859591645743
- not: 0.026843884168302943
- ct: 0.0259848620302618
- year: 0.02078489715810684
- old: 0.019020317323092492
- ,: 0.011770002848577711
- to: 0.009284089313977962
- and: 0.003913239255048227
- with: 0.0025435690454323856
- .: 0.0007717290455944842
