Texto: 
fever
back tenderness
antibiotic therapy
• enhancing epidural collection lumbar spinal canal.
• dural sac is compressed.
• dural thickening present.
• collection is primarily posterior in location.
• paraspinal and psoas muscles abscesses.
spine, epidural abscess
• epidural hematoma
• epidural abscess
• metastatic disease
40 year old drug abuser.  1 month history of back pain.  mrsa positive blood cultures


Keywords by value: 
- epidural: 0.2440781587233859 (238)
- •: 0.18168282337343628 (8449)
- dural: 0.12007795911607512 (704)
- collection: 0.1048411997884253 (331)
- abuser: 0.10443594944249852 (6)
- mrsa: 0.08757869132937271 (21)
- back: 0.08171206769123122 (949)
- psoas: 0.08054234617311617 (60)
- abscess: 0.07831409403287731 (839)
- compressed: 0.07542899291771411 (55)
- abscesses: 0.06994977358553947 (78)
- paraspinal: 0.06618874176691505 (128)
- primarily: 0.06499688527072706 (80)
- cultures: 0.06371996835028841 (107)
- drug: 0.06354640036410411 (190)
- antibiotic: 0.06337488648516205 (445)
- sac: 0.06003897955803756 (629)
- muscles: 0.05656323968449922 (211)
- lumbar: 0.05266282425615092 (548)
- 40: 0.05210380578098802 (508)
- canal: 0.049202658328901624 (437)
- spinal: 0.04434458275912444 (1010)
- hematoma: 0.04407198374524768 (649)
- location: 0.04319866212904193 (803)
- thickening: 0.04198006622743988 (530)
- fever: 0.04190235690655023 (569)
- spine: 0.04078410936239635 (1062)
- positive: 0.04018674768527705 (589)
- enhancing: 0.03883990627369217 (642)
- tenderness: 0.03766539598379179 (608)
- month: 0.037153833924646516 (1567)
- blood: 0.03380305902187391 (1000)
- therapy: 0.03311073617740019 (1469)
- metastatic: 0.031175498603131742 (1079)
- 1: 0.029468498086372565 (15898)
- posterior: 0.028545486213078966 (1753)
- present: 0.027971141361328708 (4525)
- disease: 0.020242573061097162 (3336)
- history: 0.017104558517493963 (2881)
- is: 0.016298283431441324 (65037)
- pain: 0.015124756051170068 (5051)
- year: 0.013856598105404561 (4271)
- old: 0.012680211548728329 (3947)
- in: 0.006107206233916738 (113220)
- ,: 0.0039233342828592374 (45533)
- .: 0.00360140221277426 (82185)
- and: 0.0026088261700321514 (31978)
- of: 0.0016884608811302672 (41955)
