Texto: 
negative monospot
normal complete blood count
bulky lymphadenopathy in the paratracheal and hilar regions.  also some adjacent air-space consolidation on the right.
hodgkin's lymphoma
lymphoma
sarcoidosis
tb (given h/o +ppd)
fungal (histoplasmosis,etc)
patient with history of positive ppd presents with an enlarged painless lymph node in her neck.


Keywords by value: 
- +ppd: 0.14004088350700952 (2)
- monospot: 0.12424276744021376 (5)
- air-space: 0.11410851459707376 (9)
- bulky: 0.10649070852329723 (15)
- ppd: 0.09581761872318993 (101)
- histoplasmosis: 0.09335036279835073 (40)
- paratracheal: 0.09223762967528916 (40)
- hodgkin: 0.0917070838362072 (148)
- lymphoma: 0.08421374601343054 (867)
- etc: 0.07975627037827711 (158)
- h/o: 0.07687602753925701 (100)
- hilar: 0.07402982494685272 (175)
- painless: 0.07402982494685272 (102)
- consolidation: 0.07384342984160762 (130)
- fungal: 0.07142568257766538 (155)
- tb: 0.07094893203748416 (355)
- regions: 0.06741799388841498 (176)
- node: 0.06741799388841498 (437)
- sarcoidosis: 0.06654640286836616 (237)
- count: 0.0640629654507293 (396)
- lymphadenopathy: 0.0626506012702485 (222)
- lymph: 0.059474869119735284 (1772)
- complete: 0.05185130920665611 (705)
- given: 0.050507144698557625 (460)
- enlarged: 0.05026932879972425 (469)
- positive: 0.047808372246277875 (589)
- adjacent: 0.04658338351955633 (562)
- some: 0.04474014230804757 (974)
- her: 0.044300201008360955 (13092)
- negative: 0.04400207174784266 (803)
- neck: 0.043262812707215215 (1226)
- blood: 0.040213984008781026 (1000)
- 's: 0.03248356238563871 (1676)
- presents: 0.030097315439791824 (1354)
- also: 0.029045165408106057 (2071)
- (: 0.024909025042891744 (9594)
- ): 0.024604748003907072 (10569)
- normal: 0.02309676645860519 (4858)
- an: 0.02037353214284017 (75109)
- history: 0.020348526512191094 (2881)
- right: 0.015545374295007184 (8044)
- patient: 0.014768826395110138 (8535)
- in: 0.014530938970353619 (113220)
- on: 0.012480879523541863 (91641)
- the: 0.004767216713918131 (67588)
- ,: 0.004667414922711851 (45533)
- with: 0.004034626761720336 (23954)
- and: 0.0031036035471072145 (31978)
- of: 0.002008686220654973 (41955)
- .: 0.0018361829015868763 (82185)
