Texto: 
removal via endoscopy
coin in the esophagus
esophageal foreign body - coin ingestion
drooling


Keywords by value: 
- coin: 0.9304190472817788
- drooling: 0.4521865552984641
- ingestion: 0.3717571793801624
- endoscopy: 0.3531655295041862
- foreign: 0.30073915985560046
- esophageal: 0.27983418742968474
- esophagus: 0.2649694964332798
- via: 0.2620017105109318
- removal: 0.240627218021442
- body: 0.1982331223349346
- -: 0.1308377470505974
- in: 0.03009980215287535
- the: 0.009874948907401843
