Texto: 
removal via endoscopy
coin in the esophagus
esophageal foreign body - coin ingestion
drooling


Keywords by value: 
- coin: 0.9304190472817788 (52)
- drooling: 0.4521865552984641 (14)
- ingestion: 0.3717571793801624 (51)
- endoscopy: 0.3531655295041862 (69)
- foreign: 0.30073915985560046 (161)
- esophageal: 0.27983418742968474 (487)
- esophagus: 0.2649694964332798 (342)
- via: 0.2620017105109318 (723)
- removal: 0.240627218021442 (264)
- body: 0.1982331223349346 (675)
- -: 0.1308377470505974 (21459)
- in: 0.03009980215287535 (113220)
- the: 0.009874948907401843 (67588)
