Texto: 
absence of fistular thrill.
stenting.
stenosis near venous anastomosis, dilated by balloon; rupture at this location; stenting.
rupture as a complication of fistulogram and related interventions
rupture
elderly male with esrd, decreased flows during dialysis.
other methods of trating this complication has proved unsuccessful prior ro stenting.


Keywords by value: 
- stenting: 0.29771902960419727 (40)
- rupture: 0.19436424739959335 (417)
- fistular: 0.1574199718565446 (1)
- trating: 0.1574199718565446 (353)
- complication: 0.14966234323865094 (401)
- fistulogram: 0.14504234363225987 (4)
- flows: 0.14504234363225987 (2)
- thrill: 0.13266471540797511 (6)
- ro: 0.13266471540797511 (40837)
- esrd: 0.12267157633769972 (8)
- anastomosis: 0.10580619046554167 (27)
- methods: 0.1048407043714296 (21)
- unsuccessful: 0.10305349975434061 (25)
- interventions: 0.10142900371495264 (24)
- proved: 0.09994004641246959 (163)
- dialysis: 0.0955318307351209 (61)
- balloon: 0.08984515696514708 (66)
- elderly: 0.08984515696514708 (52)
- ;: 0.07233647101616406 (2912)
- near: 0.06602722520624542 (560)
- absence: 0.06344336134038593 (235)
- related: 0.06298663202271362 (331)
- stenosis: 0.059776040764845835 (625)
- dilated: 0.055448060831993363 (410)
- venous: 0.05538902890102016 (857)
- location: 0.05322692298042666 (803)
- during: 0.04669659374863942 (674)
- decreased: 0.045370650048652844 (680)
- prior: 0.03918058521789935 (948)
- other: 0.035172116941115154 (2604)
- this: 0.03432632904693332 (5602)
- has: 0.028655356615969248 (2768)
- male: 0.027592956033704878 (2906)
- by: 0.02540840898651562 (2984)
- as: 0.023081741176680853 (55990)
- at: 0.020674342014850588 (83424)
- ,: 0.009668216625617405 (45533)
- a: 0.007082139318189308 (549576)
- of: 0.00624127504274938 (41955)
- and: 0.003214446530932472 (31978)
- .: 0.00316960143726306 (82185)
- with: 0.0020893602873194596 (23954)
