Texto: 
as above.
cyclophosphamide + prednisone
ct chest, lung windows: bilateral, perihilar, focal, rounded, nonconsolidative noncavitated opacities. 
cxr, pa & lateral: bilateral, perihilar, focal, ill-defined, strandy and subtle rounded opacities.
wegeners
1) wegeners
2) goodpastures
3) other autoimmune vasculitides - collagen vascular disease category
4) other granulomatous, infectious - tb, histoplasmosis
5) other granulomatous, noninfectious - sarcoid, eg
high serologic titers of antineutrophil cytoplasmic antibody. bronchoscopic biopsy-proven wegeners granulomatosis. patient presents with mild hemoptysis.


Keywords by value: 
- wegeners: 0.22287672188539823
- perihilar: 0.11639572300825014
- opacities: 0.08917619194553814
- nonconsolidative: 0.08815518423966498
- noncavitated: 0.08815518423966498
- bronchoscopic: 0.08815518423966498
- rounded: 0.08420696475956813
- granulomatous: 0.0824834108347471
- strandy: 0.08122371243406554
- goodpastures: 0.07716906135298389
- antineutrophil: 0.07716906135298389
- biopsy-proven: 0.07429224062846608
- serologic: 0.07206080511532398
- vasculitides: 0.07023758954738443
- noninfectious: 0.06736076882286662
- titers: 0.06736076882286662
- cytoplasmic: 0.06618293846630278
- cyclophosphamide: 0.0617646109435124
- other: 0.059089156461073454
- antibody: 0.056800242080373486
- category: 0.055966425990982976
- -: 0.054951853761250904
- autoimmune: 0.05448222593980024
- histoplasmosis: 0.054143210423043424
- granulomatosis: 0.05349782521166772
- windows: 0.052046005113222736
- eg: 0.051266389698525615
- prednisone: 0.05054318308272936
- hemoptysis: 0.049236981258558715
- focal: 0.04880987208276804
- collagen: 0.0486427470538507
- ill-defined: 0.04826534377402224
- +: 0.04408799176702245
- sarcoid: 0.04384701625123184
- bilateral: 0.04147635458628888
- tb: 0.041150380581740816
- subtle: 0.039251692957447445
- ,: 0.03789940917242024
- infectious: 0.03673854867463838
- cxr: 0.03606032271125077
- pa: 0.035737714089068555
- ): 0.03567688460566525
- above: 0.03131938656627817
- &: 0.030013878921414317
- vascular: 0.028018032679236967
- 5: 0.025001604224441636
- lung: 0.02475159120238746
- 4: 0.023809719051790454
- high: 0.023385460610768155
- :: 0.0226054963198133
- mild: 0.02250253453931137
- chest: 0.020447290000575186
- 1: 0.02033326367959707
- 3: 0.020009755267065398
- lateral: 0.018466680456245502
- 2: 0.018401044965105463
- presents: 0.017456442955079258
- disease: 0.013967375412157042
- as: 0.012925775058941278
- ct: 0.011953036533920429
- patient: 0.00856591930916388
- .: 0.0021299721658407764
- and: 0.0018000900573221846
- with: 0.0011700417608988974
- of: 0.0011650380079798843
