Texto: 
swollen index and ring fingers
anti-inflamatory medications
loss of joint space in distal interphalangeal joints 
gull wing apperance of these joints (central erosions)
most prominently in the 1-3 rays bilaterally.
soft tissue swelling surrounding the affected joints.

pip and cmc joints spared.
no erosive changes proximally
erosive osteoarthritis
erosive oa
osteo-arthritis
psoriatic arthritis
hand pain, waxing/waining over past several years.
intermittent finger swelling
progressive deformation of distal ip joints
typical age and appearance of erosive oa.


Keywords by value: 
- erosive: 0.241802324080149 (68)
- joints: 0.23275259794809933 (243)
- oa: 0.1397876058285728 (2216)
- anti-inflamatory: 0.10494664790436307 (1)
- gull: 0.10494664790436307 (8)
- osteo-arthritis: 0.10494664790436307 (1)
- waxing/waining: 0.10494664790436307 (1)
- apperance: 0.09186793018212366 (3)
- deformation: 0.08578667275633807 (6)
- rays: 0.0801913914557936 (70)
- cmc: 0.0801913914557936 (15)
- ip: 0.0801913914557936 (5934)
- prominently: 0.07753492060681491 (11)
- 1-3: 0.07441153650601144 (37)
- interphalangeal: 0.0698938029142864 (28)
- spared: 0.06928316845729175 (24)
- pip: 0.06870233316956041 (293)
- swelling: 0.06778121104716982 (562)
- proximally: 0.06527754659275349 (34)
- wing: 0.06406584785096847 (1866)
- psoriatic: 0.061332818783772045 (54)
- fingers: 0.061031416307768586 (50)
- index: 0.059111557407814756 (69)
- erosions: 0.05640453547691403 (92)
- distal: 0.0553161568796673 (1134)
- swollen: 0.05420045889196646 (81)
- finger: 0.053869749795453656 (183)
- osteoarthritis: 0.05048580292217995 (154)
- ring: 0.04727775401795127 (2836)
- medications: 0.04537585854786951 (185)
- affected: 0.04401815013749694 (234)
- intermittent: 0.04366695175182196 (197)
- arthritis: 0.04346110059574981 (476)
- hand: 0.04181206566556455 (547)
- typical: 0.04079103207321425 (904)
- progressive: 0.04020760851242027 (323)
- space: 0.033649488179483746 (822)
- central: 0.03347180186738046 (709)
- surrounding: 0.033442443623390064 (472)
- bilaterally: 0.033413157601475035 (732)
- joint: 0.03289796732192954 (1154)
- several: 0.032703486139552235 (511)
- past: 0.032323803237457545 (582)
- age: 0.030963218161241743 (7466)
- years: 0.029871942107362884 (760)
- loss: 0.02952933538652904 (858)
- changes: 0.029155333050417384 (828)
- appearance: 0.029094125913507636 (782)
- these: 0.026474341570926666 (1129)
- over: 0.025900507025475743 (1978)
- soft: 0.02477293766658988 (1339)
- tissue: 0.02411215700538802 (1668)
- most: 0.02348613263961995 (1722)
- pain: 0.01242390675631827 (5051)
- no: 0.010243382746473833 (35870)
- in: 0.010033267384291783 (113220)
- (: 0.008599544360045959 (9594)
- ): 0.008494496334682203 (10569)
- and: 0.006428893061864944 (31978)
- of: 0.0055478000379994485 (41955)
- the: 0.003291649635800614 (67588)
- ,: 0.003222738875205802 (45533)
- .: 0.0021130676248420402 (82185)
