Texto: 
see above
carotid artery stenting and hemi-craniectomy.  unfortunately, she died three days after admission, due to brain herniation.
• angio: bilateral ica dissection with occlusion on right
• ct:  hyperdense aca and mca signs due to embolization
• mri: acute aca and mca distribution infarcts on left
carotid dissection with left mca and aca infarction
• embolic infarction
• thrombotic infarction
• dissection infarction
41 year old woman with history of hypertension presents with 4 hour history of right-sided weakness and aphasia
hyperdense aca sign is significantly less common than the hyperdense mca arteries.  these dissections were not associated with trauma.
fibromuscular dysplasia was suspected.


Keywords by value: 
- aca: 0.2124336773170187
- mca: 0.17270855033935442
- infarction: 0.12147855460271617
- hyperdense: 0.11144931239208246
- dissection: 0.10957559757718013
- •: 0.08175727051804632
- hemi-craniectomy: 0.07665668194753476
- carotid: 0.06664194438709847
- angio: 0.06107616482381255
- dissections: 0.0575503812750459
- thrombotic: 0.05254721479762362
- stenting: 0.0483254077038697
- fibromuscular: 0.0483254077038697
- aphasia: 0.04679592364766393
- embolic: 0.04525739575062847
- died: 0.04355526899301025
- ica: 0.04355526899301025
- unfortunately: 0.04263909059598567
- hour: 0.040629423457173616
- infarcts: 0.03996531059817732
- due: 0.03965699396439721
- 41: 0.03958990040804507
- significantly: 0.038024931891097236
- occlusion: 0.037057752455356155
- right-sided: 0.03627067412891414
- embolization: 0.03460205666969583
- distribution: 0.03344091412513476
- herniation: 0.03308594025974124
- admission: 0.03274489058014749
- suspected: 0.031997565103619445
- arteries: 0.030760032736834617
- :: 0.029485429982365172
- dysplasia: 0.029331310551693083
- hypertension: 0.0292937482808712
- weakness: 0.027596620461116387
- above: 0.02723424918806797
- signs: 0.026151095078139605
- sign: 0.025743013058818008
- less: 0.025164695689762456
- three: 0.025048906333451394
- days: 0.02277455909714763
- brain: 0.02235957846350228
- see: 0.02217580183677207
- artery: 0.0221263477574626
- she: 0.020859009925688454
- 4: 0.020704103523296047
- history: 0.020525470220992756
- trauma: 0.02032181549354721
- than: 0.019469990042767598
- common: 0.019445801843099107
- these: 0.019337779930068175
- acute: 0.01834677677483909
- bilateral: 0.018033197646212556
- associated: 0.017534457060066972
- woman: 0.017164373456425273
- mri: 0.017071963955779302
- were: 0.01687205510165149
- left: 0.016627917726485475
- after: 0.015373923500949587
- presents: 0.015179515613112399
- on: 0.012589408910703098
- not: 0.010737553667321178
- ct: 0.01039394481210472
- was: 0.008593717584466842
- year: 0.008313958863242737
- right: 0.007840275731394928
- and: 0.007826478510096454
- old: 0.007608126929236997
- to: 0.00742727145118237
- with: 0.005087138090864771
- is: 0.0048894850294323965
- ,: 0.004708001139431085
- of: 0.0020261530573563204
- .: 0.0015434580911889684
- the: 0.001202167693075007
