Texto: 
surgical resection
large heterogeneous mass in the fourth ventricle with associated calcifications and hydrocephalus.
choroid plexus papilloma
• ependymoma
• medulloblastoma (pnet)
• metastasis to choroid plexus
• choroid plexus papilloma
• choroic plexus carcinoma
• meningioma
21 year old man presents to the emergency department with complaint of disorientation and increased blood alcohol level.  no evidence of trauma.
choroid plexus neoplasms usually present under the age of 5.  they arise from or within the normal choroid, and therefore should touch the roof of the 4th ventricle.  ependymomas of the 4th usually arise from the floor of the ventricle.


Keywords by value: 
- choroid: 0.2037930433510743
- plexus: 0.19402239859132855
- ventricle: 0.08978664441808676
- •: 0.0878699636408909
- choroic: 0.0823880226538925
- 4th: 0.08046091434485324
- papilloma: 0.08025663265266275
- arise: 0.07907571860366217
- disorientation: 0.06295398955408095
- ependymomas: 0.06086853580348086
- usually: 0.048503331847976804
- pnet: 0.048391890320001046
- roof: 0.048391890320001046
- medulloblastoma: 0.04640533478744336
- floor: 0.044936310642374085
- touch: 0.043091829949304036
- neoplasms: 0.04065056360104593
- alcohol: 0.04023045717242662
- fourth: 0.03862978688637643
- therefore: 0.037723317110794095
- complaint: 0.03689704648141042
- 21: 0.036137930220451676
- department: 0.035812259834188426
- ependymoma: 0.03574846576810992
- under: 0.03489826223347696
- 5.: 0.03444504400975163
- hydrocephalus: 0.0343350922192882
- meningioma: 0.03071111529397266
- emergency: 0.0302410149343951
- metastasis: 0.029894834825232957
- calcifications: 0.029693119202175256
- heterogeneous: 0.029366309876588833
- they: 0.028775197443806598
- should: 0.025459892914848598
- resection: 0.024905753789908586
- age: 0.024307573135928098
- from: 0.02367169557297593
- level: 0.023017654463990015
- carcinoma: 0.02263483803753146
- trauma: 0.021841203567831112
- blood: 0.021798234322516815
- evidence: 0.020938715732400724
- increased: 0.019537240951398648
- man: 0.018887213486822423
- associated: 0.0188454445038103
- present: 0.018037464990015708
- large: 0.017463013381598873
- surgical: 0.016787119348144426
- presents: 0.016314432668298372
- within: 0.015234872975570855
- normal: 0.012519742566346737
- the: 0.011628444507781608
- mass: 0.011107112214463219
- or: 0.009360025691249602
- year: 0.008935563264232848
- old: 0.008176958849179948
- no: 0.008041534118727121
- to: 0.007982581466224041
- (: 0.006751044170503369
- ): 0.006668576561806589
- of: 0.006532923409232996
- and: 0.00504698146912762
- in: 0.003938291870469672
- ,: 0.002530000612311097
- with: 0.0021869939456054155
- .: 0.001658856826978798
