Texto: 
blood cultures positive for fusobacterium
leukocytosis
antibiotics and anticoagulation
early:
- acute right portal venous thrombosis
- peripheral hepatic septic emboli with infarction
- septic thrombophlebitis
- left retroperitoneal abscess

late:
- chronic right portal venous thrombosis with early cavernous transformation of the porta hepatis
- resolution of hepatic lesions and septic thrombophlebitis
- decrease in size of retroperitoneal abscess
portal venous thrombosis
abdominal pain
diarrhea


Keywords by value: 
- portal: 0.1984425136954495
- septic: 0.19785816545647797
- -: 0.18856028251409623
- thrombophlebitis: 0.16836694031200536
- thrombosis: 0.16182458590381082
- venous: 0.1368434831672263
- retroperitoneal: 0.13390701608603478
- fusobacterium: 0.10597177222841761
- hepatic: 0.10495571622958859
- hepatis: 0.09732785068573939
- porta: 0.09437681104659011
- early: 0.0919164402836011
- abscess: 0.07946577188630198
- leukocytosis: 0.07735544650701595
- transformation: 0.07125333103550555
- emboli: 0.068027407087354
- late: 0.06538339075734524
- diarrhea: 0.06519840866606788
- cultures: 0.06465702670838089
- anticoagulation: 0.06346630520053284
- cavernous: 0.05828659058892472
- decrease: 0.0575035830224716
- resolution: 0.05420028983887389
- infarction: 0.05136041830629544
- antibiotics: 0.04720171114221325
- peripheral: 0.045469607676678195
- size: 0.04213052752027605
- positive: 0.040777729268884066
- chronic: 0.03539690636627941
- blood: 0.03430016283101911
- lesions: 0.03364059568152864
- :: 0.03324337694090191
- abdominal: 0.03141057703120758
- acute: 0.031027637192742576
- right: 0.026518579679718136
- pain: 0.01534717893427551
- left: 0.014060371606954628
- for: 0.010722178656510517
- in: 0.006197018090297867
- and: 0.0052943825215358365
- of: 0.0051398735646171366
- with: 0.0034412992967614627
- the: 0.002033077716229791
