Texto: 
blood cultures positive for fusobacterium
leukocytosis
antibiotics and anticoagulation
early:
- acute right portal venous thrombosis
- peripheral hepatic septic emboli with infarction
- septic thrombophlebitis
- left retroperitoneal abscess

late:
- chronic right portal venous thrombosis with early cavernous transformation of the porta hepatis
- resolution of hepatic lesions and septic thrombophlebitis
- decrease in size of retroperitoneal abscess
portal venous thrombosis
abdominal pain
diarrhea


Keywords by value: 
- portal: 0.1984425136954495 (172)
- septic: 0.19785816545647797 (128)
- -: 0.18856028251409623 (21459)
- thrombophlebitis: 0.16836694031200536 (25)
- thrombosis: 0.16182458590381082 (328)
- venous: 0.1368434831672263 (857)
- retroperitoneal: 0.13390701608603478 (99)
- fusobacterium: 0.10597177222841761 (10)
- hepatic: 0.10495571622958859 (501)
- hepatis: 0.09732785068573939 (13)
- porta: 0.09437681104659011 (490)
- early: 0.0919164402836011 (576)
- abscess: 0.07946577188630198 (839)
- leukocytosis: 0.07735544650701595 (36)
- transformation: 0.07125333103550555 (79)
- emboli: 0.068027407087354 (696)
- late: 0.06538339075734524 (7213)
- diarrhea: 0.06519840866606788 (92)
- cultures: 0.06465702670838089 (107)
- anticoagulation: 0.06346630520053284 (111)
- cavernous: 0.05828659058892472 (242)
- decrease: 0.0575035830224716 (853)
- resolution: 0.05420028983887389 (205)
- infarction: 0.05136041830629544 (301)
- antibiotics: 0.04720171114221325 (336)
- peripheral: 0.045469607676678195 (434)
- size: 0.04213052752027605 (636)
- positive: 0.040777729268884066 (589)
- chronic: 0.03539690636627941 (888)
- blood: 0.03430016283101911 (1000)
- lesions: 0.03364059568152864 (1314)
- :: 0.03324337694090191 (11095)
- abdominal: 0.03141057703120758 (1376)
- acute: 0.031027637192742576 (1548)
- right: 0.026518579679718136 (8044)
- pain: 0.01534717893427551 (5051)
- left: 0.014060371606954628 (7401)
- for: 0.010722178656510517 (12260)
- in: 0.006197018090297867 (113220)
- and: 0.0052943825215358365 (31978)
- of: 0.0051398735646171366 (41955)
- with: 0.0034412992967614627 (23954)
- the: 0.002033077716229791 (67588)
