Texto: 
normal lung exam.
bilateral hilar enlargement
pulmonary sarcoidosis
pulmonary artery enlargement
adenopathy
  sarcoidosis
  granulomatous disease (tb, fungal)
  metastatic disease
  lymphoma or leukemia
  reactive adenopathy
  castleman disease
fibrosing mediastinitis
34 year old male with history of "lung disease". presenting with cough and sputum production.
see factoid


Keywords by value: 
- sarcoidosis: 0.14564873080623536 (237)
- adenopathy: 0.1435804954668016 (418)
- enlargement: 0.12794597760321114 (295)
- fibrosing: 0.12288553454665004 (14)
- castleman: 0.11793526540575398 (17)
- mediastinitis: 0.11653700178021206 (23)
- disease: 0.1054141540540154 (3336)
- sputum: 0.10279665271660422 (38)
- production: 0.09769683517434175 (46)
- pulmonary: 0.09420944566868164 (1648)
- lung: 0.09340223095240552 (1511)
- leukemia: 0.08273021934194687 (112)
- hilar: 0.08101377069655581 (175)
- 34: 0.08001523482005878 (235)
- fungal: 0.07816395451895455 (155)
- granulomatous: 0.07781453852334631 (139)
- tb: 0.07764222751271851 (355)
- reactive: 0.07631761885850628 (161)
- presenting: 0.06571320057926658 (314)
- cough: 0.06177839393977494 (327)
- factoid: 0.05651765082290824 (369)
- see: 0.048117305872241285 (2684)
- artery: 0.04800999985109809 (1331)
- lymphoma: 0.046079219516782746 (867)
- metastatic: 0.04058696987954887 (1079)
- ``: 0.039625189389279565 (0)
- bilateral: 0.03912863640215932 (2204)
- '': 0.038863198150608354 (0)
- exam: 0.03541950830093468 (2159)
- male: 0.029154821469574963 (2906)
- normal: 0.025275706690549075 (4858)
- history: 0.02226819882466195 (2881)
- or: 0.01889665564082467 (60128)
- year: 0.018039722061753107 (4271)
- old: 0.016508199940797257 (3947)
- (: 0.013629466532903029 (9594)
- ): 0.013462975322892548 (10569)
- ,: 0.005107737085231837 (45533)
- with: 0.0044152519279203675 (23954)
- and: 0.003396396334570159 (31978)
- of: 0.0021981849207167625 (41955)
- .: 0.002009407703623374 (82185)
