Texto: 
negative ppd
increased vascularity on cxr
chemotherapy trial
admission for complications
rul peribronchial cuffing with rt hilar soft tissue mass. multiple tiny nodules distal to pulmonary mass and cuffing.
lymphangitic carcinomatosis secondary to non-small cell lung ca
tb
invasive fungal infection
sarcoid
lymphoma
4 week hx increasing hemoptysis with significant smoking hx


Keywords by value: 
- cuffing: 0.24948432897358006 (11)
- hx: 0.15668707204799726 (200)
- peribronchial: 0.11723355137367587 (17)
- rul: 0.11190610558753178 (445)
- non-small: 0.10777381760023161 (33)
- lymphangitic: 0.10518563348217312 (37)
- ppd: 0.10291522011009288 (101)
- rt: 0.10291522011009288 (16604)
- trial: 0.09965798554595096 (378)
- tiny: 0.09907004668827354 (37)
- carcinomatosis: 0.09688887936130348 (55)
- hemoptysis: 0.09117959492325688 (65)
- vascularity: 0.08742914558785922 (78)
- sarcoid: 0.08119817824302192 (356)
- smoking: 0.07992053247474505 (113)
- hilar: 0.07951351568365662 (175)
- invasive: 0.07951351568365662 (165)
- fungal: 0.07671647387971466 (155)
- tb: 0.07620440848470521 (355)
- ca: 0.07368956512990778 (36988)
- admission: 0.06973448919846224 (206)
- cxr: 0.06677837539120514 (258)
- nodules: 0.06560220121116206 (303)
- increasing: 0.06485763786897612 (234)
- complications: 0.0627069036113344 (280)
- chemotherapy: 0.05672121824334935 (419)
- week: 0.053741026265337555 (1278)
- negative: 0.04726148446990508 (803)
- pulmonary: 0.046232413152223394 (1648)
- infection: 0.0460003069272742 (920)
- lung: 0.04583628000442122 (1511)
- lymphoma: 0.04522590063684233 (867)
- secondary: 0.044241295676089025 (822)
- 4: 0.04409207231813046 (7367)
- mass: 0.04401707433139128 (5255)
- distal: 0.04302367757307457 (1134)
- cell: 0.04274519836262011 (1988)
- significant: 0.042552725019522654 (999)
- increased: 0.038712681144438064 (1255)
- soft: 0.03853568081469537 (1339)
- tissue: 0.03750779978615914 (1668)
- multiple: 0.03332974080517164 (1682)
- to: 0.01581733734974023 (40381)
- for: 0.013502002752642872 (12260)
- on: 0.013405389117878298 (91641)
- with: 0.004333488003329249 (23954)
- and: 0.0033335001061521935 (31978)
- .: 0.0013147976332350472 (82185)
