Texto: 
mild abdominal discomfort. 
normal labs
t2 and t1 post contrast images show enhancing bowel at the terminal ileum.
crohn's disease (presumptive diagnosis)
crohn's disease
ulcerative colitis
infection
cancer
14 year old boy with 6 months of nonspecific abdominal pain.  waxing and waning diarrhea.  family history is non-contributory.


Keywords by value: 
- crohn: 0.16310797078275496 (158)
- waxing: 0.12028708718369038 (10)
- waning: 0.12028708718369038 (9)
- presumptive: 0.10392475268593762 (21)
- ulcerative: 0.0972896891782147 (50)
- terminal: 0.08756241818818485 (104)
- ileum: 0.08553869166484551 (92)
- colitis: 0.08372114355216798 (203)
- diarrhea: 0.07916949623736814 (92)
- nonspecific: 0.07851210386017678 (99)
- discomfort: 0.0764806951930936 (113)
- abdominal: 0.07628282993293269 (1376)
- 's: 0.06728737922739446 (1676)
- 14: 0.06724397172708858 (608)
- family: 0.06254129365936983 (236)
- non-contributory: 0.05635778943226566 (287)
- labs: 0.05307096440955603 (390)
- boy: 0.05187003178439234 (395)
- cancer: 0.05016366543508509 (830)
- disease: 0.049883483614846576 (3336)
- t1: 0.04836599171829006 (949)
- post: 0.04805062559057667 (3312)
- enhancing: 0.04785631308722784 (642)
- bowel: 0.04785631308722784 (1076)
- show: 0.04684207025877903 (2621)
- 6: 0.04557357431026561 (5312)
- infection: 0.0443574388227287 (920)
- t2: 0.04318908515625628 (1171)
- months: 0.04167752311946549 (910)
- mild: 0.04018309739162745 (1287)
- diagnosis: 0.03503963090679321 (1487)
- contrast: 0.034156708692998305 (1844)
- images: 0.029272569499095607 (1966)
- normal: 0.023921650974983947 (4858)
- history: 0.021075259601912203 (2881)
- at: 0.020674342014850588 (83424)
- pain: 0.018635860134477406 (5051)
- year: 0.017073308379873475 (4271)
- old: 0.015623832086825974 (3947)
- (: 0.012899316540068937 (9594)
- ): 0.012741744502023304 (10569)
- is: 0.0100409067568701 (65037)
- and: 0.006428893061864944 (31978)
- .: 0.00316960143726306 (82185)
- the: 0.0024687372268504607 (67588)
- with: 0.0020893602873194596 (23954)
- of: 0.002080425014249793 (41955)
