Texto: 
mass in right thigh.
mild right upper and lower extremity weakness
antibiotic therapy
complex ring enhancing mass left frontal lobe.
mass is associated with restricted diffusion and corresponding decreased signal on adc map.
brain abscess
• metastatic small cell lung cancer
• lymphoma
• cerebritis
• abscess
70 year old man who has "not been himself" for four months.  presents to er with headache and right sided weakness.
mass in leg also contained pus.


Keywords by value: 
- weakness: 0.07740515495191182 (434)
- •: 0.0764397244680921 (8449)
- himself: 0.07622645203054831 (14)
- cerebritis: 0.07369426465520386 (22)
- pus: 0.07097300183429887 (310)
- map: 0.06731318973124596 (62)
- contained: 0.0664417389509759 (31)
- abscess: 0.06589844497888457 (839)
- adc: 0.06221885801539257 (68)
- mass: 0.05797370765597876 (5255)
- thigh: 0.05698028899481666 (143)
- antibiotic: 0.053327648383855876 (445)
- corresponding: 0.05304402811355994 (98)
- 70: 0.05007302710553859 (283)
- ring: 0.048430869969608624 (2836)
- restricted: 0.04795995733390399 (148)
- diffusion: 0.046647388258387344 (197)
- four: 0.04523869451299899 (359)
- complex: 0.04173037655626996 (318)
- leg: 0.040978015958643865 (693)
- er: 0.03997785557253612 (89441)
- sided: 0.0385308123554469 (654)
- extremity: 0.03811169475173705 (530)
- headache: 0.03579250533616827 (758)
- cancer: 0.03425811298005812 (830)
- right: 0.032986525943064025 (8044)
- frontal: 0.03273526749369948 (673)
- enhancing: 0.03268236015713121 (642)
- brain: 0.031357945406131245 (978)
- decreased: 0.0309848341795678 (680)
- lung: 0.03018486731998471 (1511)
- lymphoma: 0.029782910175481535 (867)
- months: 0.02846269871573253 (910)
- been: 0.02835115718858526 (987)
- cell: 0.02814927697050593 (1988)
- lobe: 0.02804055302345773 (1492)
- therapy: 0.027861473124885527 (1469)
- signal: 0.027476516222838764 (1276)
- mild: 0.027442115291843136 (1287)
- who: 0.027170346452947587 (941)
- metastatic: 0.026233041507513297 (1079)
- ``: 0.02561140289794899 (0)
- upper: 0.025147323236203882 (1489)
- '': 0.02511889636563711 (0)
- man: 0.024645510281585358 (4104)
- associated: 0.024591006852532953 (1317)
- small: 0.024007015663184375 (1623)
- lower: 0.0234373423093154 (1849)
- presents: 0.02128834506716983 (1354)
- also: 0.02054414138622136 (2071)
- has: 0.019569511835296073 (2768)
- not: 0.015058764289535799 (5583)
- left: 0.011659820356986766 (7401)
- year: 0.011659820356986766 (4271)
- old: 0.010669934108076276 (3947)
- in: 0.010277981222933047 (113220)
- for: 0.008891562788325794 (12260)
- on: 0.008827939175188147 (91641)
- is: 0.006857204614447874 (65037)
- and: 0.006585695331666528 (31978)
- to: 0.005208147663938857 (40381)
- with: 0.002853760392436335 (23954)
- .: 0.002597527031513142 (82185)
