Texto: 
wbc 17,500
temperature 103 degrees.
pending
multiple axial ct images obtained after the administration of intravenous and orally and rectally administered enteric contrast material demonstrate abnormal thickening of the colonic wall with extensive surrounding inflammation of the adjacent mesentery. multiple diverticula are visualized.
diverticulitis (presumed)
infectious colitis
inflammatory bowel disease
intestinal perforation
colonic lymphoma
colonic adenocarcinoma
66 year old with known diverticulosis with elevated wbc, fevers, and chills.
reference:
lee jk and sagel ss,  computed body tomography, 3rd edition,  lippencott and raven. 1998:685-695.


Keywords by value: 
- colonic: 0.14401964970948947
- 17,500: 0.09088163323676803
- rectally: 0.09088163323676803
- 1998:685-695: 0.09088163323676803
- sagel: 0.07955573335359163
- jk: 0.07428948980961235
- lippencott: 0.07428948980961235
- raven: 0.07428948980961235
- orally: 0.07240988613132415
- ss: 0.06616106341410441
- lee: 0.06443885635572125
- wbc: 0.06422834743455282
- 103: 0.06167324824649775
- diverticulosis: 0.05999779536507739
- mesentery: 0.053938139025880294
- diverticula: 0.053655675374456424
- enteric: 0.05285194814280991
- edition: 0.052597385126414334
- administered: 0.0507597744933595
- presumed: 0.04995078876715852
- intestinal: 0.04995078876715852
- temperature: 0.04975808636497138
- colitis: 0.04833385607135471
- 66: 0.047381553801962795
- reference: 0.047381553801962795
- tomography: 0.04708271321564061
- computed: 0.04650982815218895
- perforation: 0.045326575424431956
- diverticulitis: 0.04520310953735241
- degrees: 0.04472352174730197
- chills: 0.044043542697902005
- intravenous: 0.04371966438621769
- 3rd: 0.04361392727109202
- fevers: 0.04187554879237251
- material: 0.03936398092992147
- pending: 0.03811881042834787
- adenocarcinoma: 0.03805726231508494
- infectious: 0.037874792448080806
- inflammation: 0.03746118426468467
- multiple: 0.03710940213359317
- administration: 0.03657381716395021
- visualized: 0.03565909432262356
- extensive: 0.03523047136545098
- obtained: 0.03131820722416332
- inflammatory: 0.03054964890919612
- elevated: 0.029889859395454257
- thickening: 0.029862108965910843
- surrounding: 0.028960466642935726
- body: 0.028610966110196746
- known: 0.027876815303750718
- adjacent: 0.027853981898291413
- bowel: 0.02762838693695628
- wall: 0.02551710433235821
- lymphoma: 0.025177305509169957
- axial: 0.02514218016564816
- abnormal: 0.025124662271287745
- demonstrate: 0.02027270248796949
- contrast: 0.019719336977401084
- after: 0.018226816521744356
- images: 0.016899627752055196
- disease: 0.01439935609500726
- ,: 0.013954127088519968
- ct: 0.012322718076206628
- are: 0.012009008995150533
- :: 0.011652317690625413
- year: 0.009856755353329017
- and: 0.009278814728464868
- old: 0.009019944297549017
- (: 0.007447028105606809
- ): 0.007356058681580464
- the: 0.0042757510733080146
- with: 0.003618685858450198
- of: 0.003603210333958405
- .: 0.002195847593650285
