Texto: 
non focal neurologic exam.
none
dilated, fluid filled cavity interposed between the walls of the lateral ventricles.  ct and t2w coronal flair.
cavum septi pellucidi and cavum vergae
cavum septi pellucidi
cavum vergae
arachnoid cyst of veli interpositi
headache.
although not usually seen in the adult, the cavum septi pellucidi is considered an incidental finding.


Keywords by value: 
- cavum: 0.5175502541264619 (39)
- septi: 0.3486813150741483 (141)
- pellucidi: 0.33985930426153754 (16)
- vergae: 0.2265728695076917 (18)
- interpositi: 0.12446622798868368 (12)
- veli: 0.11982619456204205 (28)
- interposed: 0.10504731178987826 (10)
- t2w: 0.07726075376179595 (120)
- walls: 0.07034146980182242 (103)
- arachnoid: 0.06925370720834609 (381)
- adult: 0.06907933759376196 (253)
- ventricles: 0.06483432061886704 (143)
- filled: 0.06405373125012753 (219)
- flair: 0.0631883649034772 (181)
- cavity: 0.06032813885052696 (221)
- neurologic: 0.05755636051300019 (446)
- coronal: 0.05738746857965672 (267)
- non: 0.056972817664975965 (3524)
- considered: 0.05563778078942978 (254)
- incidental: 0.05219013867710122 (467)
- dilated: 0.050082119461155296 (410)
- headache: 0.04733847479944835 (758)
- although: 0.04654724646091296 (444)
- finding: 0.044420346855459376 (2193)
- between: 0.04368541187458458 (568)
- usually: 0.04185368151397999 (770)
- focal: 0.039362800066748416 (922)
- fluid: 0.03917159846135247 (1076)
- cyst: 0.037038244129453265 (3901)
- none: 0.03418902430496785 (942)
- exam: 0.030277966773379645 (2159)
- lateral: 0.029784968477815327 (4830)
- seen: 0.027235929275285325 (1897)
- not: 0.019916430189386054 (5583)
- ct: 0.019279091183742627 (27172)
- an: 0.019059110714269835 (75109)
- is: 0.009069206102979446 (65037)
- the: 0.008919308690556503 (67588)
- ,: 0.008732582758622173 (45533)
- in: 0.006796729518391208 (113220)
- and: 0.005806742120394144 (31978)
- of: 0.003758187122515756 (41955)
- .: 0.002862865814302119 (82185)
