Texto: 
no focal deficit
transcortical resection of tumor.
enhancing intraventricular mass arising from septum pellucidum.
hydrocephalus due to blockage at foramen of monro
central neurocytoma
• colloid cyst
• hemorrhage
• neurocytoma
37 year old woman with longstanding history of headaches.  presented with new onset seizures.


Keywords by value: 
- neurocytoma: 0.22099269560425885
- transcortical: 0.15161681760911444
- blockage: 0.1260502264153314
- monro: 0.12208785877367921
- longstanding: 0.11591886138851731
- pellucidum: 0.11049634780212943
- colloid: 0.10268017938873952
- intraventricular: 0.10133409841339673
- •: 0.09593965417934007
- deficit: 0.08997549340208663
- septum: 0.08924218709135064
- 37: 0.08762713973300934
- foramen: 0.08325142807289801
- hydrocephalus: 0.07497662994824159
- seizures: 0.07497662994824159
- arising: 0.07219191356604042
- headaches: 0.06666208855247506
- new: 0.06077118320001139
- hemorrhage: 0.05804605273828644
- central: 0.057380231772652224
- onset: 0.05504941277398265
- enhancing: 0.0546929292425461
- resection: 0.05438603378612691
- focal: 0.049805991921191874
- presented: 0.04753791091882467
- cyst: 0.04686471706175719
- due: 0.04653626842760897
- tumor: 0.04065780207369002
- woman: 0.040283733622222574
- from: 0.025845626799065557
- mass: 0.024254306264236008
- history: 0.024086010973613944
- at: 0.02362781944554353
- year: 0.019512352434141116
- old: 0.017855808099229684
- no: 0.017560084708240855
- to: 0.008715675682509923
- of: 0.007132885763142149
- with: 0.004775680656730193
- .: 0.0028979213140690836
