Texto: 
no focal deficit
transcortical resection of tumor.
enhancing intraventricular mass arising from septum pellucidum.
hydrocephalus due to blockage at foramen of monro
central neurocytoma
• colloid cyst
• hemorrhage
• neurocytoma
37 year old woman with longstanding history of headaches.  presented with new onset seizures.


Keywords by value: 
- neurocytoma: 0.22099269560425885 (48)
- transcortical: 0.15161681760911444 (4)
- blockage: 0.1260502264153314 (14)
- monro: 0.12208785877367921 (29)
- longstanding: 0.11591886138851731 (23)
- pellucidum: 0.11049634780212943 (39)
- colloid: 0.10268017938873952 (89)
- intraventricular: 0.10133409841339673 (71)
- •: 0.09593965417934007 (8449)
- deficit: 0.08997549340208663 (260)
- septum: 0.08924218709135064 (135)
- 37: 0.08762713973300934 (248)
- foramen: 0.08325142807289801 (174)
- hydrocephalus: 0.07497662994824159 (250)
- seizures: 0.07497662994824159 (215)
- arising: 0.07219191356604042 (227)
- headaches: 0.06666208855247506 (322)
- new: 0.06077118320001139 (569)
- hemorrhage: 0.05804605273828644 (714)
- central: 0.057380231772652224 (709)
- onset: 0.05504941277398265 (524)
- enhancing: 0.0546929292425461 (642)
- resection: 0.05438603378612691 (574)
- focal: 0.049805991921191874 (922)
- presented: 0.04753791091882467 (764)
- cyst: 0.04686471706175719 (3901)
- due: 0.04653626842760897 (1041)
- tumor: 0.04065780207369002 (2333)
- woman: 0.040283733622222574 (987)
- from: 0.025845626799065557 (3282)
- mass: 0.024254306264236008 (5255)
- history: 0.024086010973613944 (2881)
- at: 0.02362781944554353 (83424)
- year: 0.019512352434141116 (4271)
- old: 0.017855808099229684 (3947)
- no: 0.017560084708240855 (35870)
- to: 0.008715675682509923 (40381)
- of: 0.007132885763142149 (41955)
- with: 0.004775680656730193 (23954)
- .: 0.0028979213140690836 (82185)
