Texto: 
pupil sparing left third nerve palsy
supportive
• lesion of the mid-brain at the level of the left third cranial nerve nucleus.
• hyperintense on dwi
cerebral infarction
• multiple sclerosis
• low grade astrocytoma
• adem
• acute infarction
31 y.o. woman with acute onset of diplopia


Keywords by value: 
- •: 0.18804172219150653 (8449)
- mid-brain: 0.16244742486813107 (4)
- infarction: 0.1397003377931236 (301)
- third: 0.1370578677659999 (356)
- pupil: 0.12835246302336256 (92)
- nerve: 0.12315784505949225 (856)
- nucleus: 0.10966627827582588 (42)
- adem: 0.10303913555673705 (73)
- sparing: 0.10155697611366259 (59)
- diplopia: 0.09973754054954807 (51)
- palsy: 0.09475961960121558 (74)
- dwi: 0.09077704609900886 (124)
- 31: 0.08969570167360334 (293)
- acute: 0.0843951731642598 (1548)
- supportive: 0.07557131643105738 (159)
- cranial: 0.07431303992284599 (530)
- hyperintense: 0.0709532052980634 (240)
- astrocytoma: 0.06636700397346593 (413)
- grade: 0.0650967358590194 (661)
- sclerosis: 0.0613863046685269 (540)
- cerebral: 0.05920893003528142 (595)
- onset: 0.053948424518503 (524)
- y.o: 0.049327588651734006 (586)
- level: 0.04925778055293864 (1166)
- low: 0.04752336105732799 (6753)
- woman: 0.03947805894977813 (987)
- left: 0.03824421077091659 (7401)
- multiple: 0.03599612006958538 (1682)
- lesion: 0.034811104520009094 (3600)
- at: 0.02315526305663266 (83424)
- on: 0.014477820247308561 (91641)
- the: 0.008294957082217547 (67588)
- of: 0.006990228047879306 (41955)
- with: 0.002340083521797795 (23954)
- .: 0.001419981443893851 (82185)
