Texto: 
n/a
bilateral enlarged hyperechoic kidneys with loss of the corticomedullary differentiation.
autosomal recessive polycystic disease
-autosomal recessive polycystic disease
-diffuse infiltrative disease
newborn with abnormal intrauterine sonogram demonstrating bilateral enlarged kidneys


Keywords by value: 
- recessive: 0.3550015130023343 (31)
- polycystic: 0.31589489426705847 (87)
- -diffuse: 0.2538241013564548 (4)
- kidneys: 0.24579478133625796 (196)
- -autosomal: 0.2105024025714582 (8)
- corticomedullary: 0.19301440919847623 (17)
- enlarged: 0.1822263168990004 (469)
- sonogram: 0.18186831720039084 (28)
- intrauterine: 0.1691975325720107 (41)
- autosomal: 0.1545099191580815 (86)
- infiltrative: 0.1532342318293235 (56)
- newborn: 0.1455198543939633 (87)
- differentiation: 0.14227620459141196 (81)
- hyperechoic: 0.13350698880301545 (131)
- disease: 0.13094414448897226 (3336)
- bilateral: 0.12961360808215275 (2204)
- demonstrating: 0.11592415468955992 (185)
- n/a: 0.09672520772997145 (371)
- loss: 0.07751450538963874 (858)
- abnormal: 0.07615913250984098 (1526)
- with: 0.0073127610056181085 (23954)
- the: 0.004320290146988306 (67588)
- of: 0.0036407437749371384 (41955)
- .: 0.001109360503042071 (82185)
