Texto: 
retrotympanic mass seen on right.
surgery
enhancing mass with bony erosion involving the middle ear cavity with extension into the jugular foramen.
glomus tumor, paraganglioma, chemodectoma
• glomus tumor
• metastatic disease
• malignant otitis 
• meningioma
51 year old man with right sided hearing loss and pain
this lesion has features of both a glomus tympanicum and glomus jugulare tumor as it involves both the middle ear cavity and jugular foramen.


Keywords by value: 
- glomus: 0.2848474760411062 (46)
- jugular: 0.12736351736463253 (91)
- chemodectoma: 0.11448725225930519 (1)
- ear: 0.10935969449294564 (9744)
- foramen: 0.10595636300187021 (174)
- retrotympanic: 0.10548534082346174 (2)
- cavity: 0.09715180801903042 (221)
- tympanicum: 0.08748151795177483 (11)
- jugulare: 0.084583549752889 (14)
- •: 0.08140334294004613 (8449)
- middle: 0.08117296025045294 (443)
- tumor: 0.07761944032249914 (2333)
- otitis: 0.07268367011815971 (38)
- paraganglioma: 0.06869036232922515 (62)
- 51: 0.060274430572348846 (158)
- both: 0.05668051923860056 (1020)
- erosion: 0.0560481656316394 (208)
- hearing: 0.05467984724647282 (181)
- involves: 0.05157573165594685 (149)
- features: 0.04683158793668932 (232)
- bony: 0.04438124314868501 (304)
- meningioma: 0.04267648488902695 (444)
- sided: 0.04103281315774865 (654)
- malignant: 0.04011260618674417 (482)
- extension: 0.03961464053482667 (611)
- involving: 0.03894035407796485 (400)
- enhancing: 0.03480459133616571 (642)
- loss: 0.032213820421668045 (858)
- mass: 0.030869117063573107 (5255)
- metastatic: 0.027936485761247926 (1079)
- surgery: 0.02694803979688669 (1277)
- into: 0.026406835947528663 (1299)
- man: 0.026245868092077913 (4104)
- it: 0.024946082916013204 (53878)
- right: 0.023419005431439394 (8044)
- lesion: 0.022604613324681232 (3600)
- seen: 0.021930228767112862 (1897)
- has: 0.020840259357068545 (2768)
- disease: 0.018139448587216937 (3336)
- as: 0.016786720855767896 (55990)
- pain: 0.013553352825074477 (5051)
- this: 0.012482301471612119 (5602)
- year: 0.012416951548998894 (4271)
- old: 0.011362786972237074 (3947)
- on: 0.009401181978771794 (91641)
- ,: 0.007031430273176296 (45533)
- and: 0.007013337885670849 (31978)
- the: 0.005386335767673732 (67588)
- a: 0.005150646776864952 (549576)
- with: 0.004558604263242457 (23954)
- of: 0.00151303637399985 (41955)
- .: 0.001383098808987517 (82185)
