Texto: 
• normal physical exam.
• no laboratory abnormality
surgery
• single 1.2 cm lesion (signal change) right parietal lobe.
• relatively homogeneous enhancement.
• no surrounding edema.
astrocytoma,  low-grade
• astrocytoma
• dig (dysplastic infantile ganglioglioma
• dnet (dysembryplastic neuroepithelial tumor)
• ganglioglioma
• ependymoma
9 year old girl presents with a single episode of inattention and a staring spell.


Keywords by value: 
- •: 0.2207062467036462 (8449)
- ganglioglioma: 0.14172757155065457 (66)
- dysembryplastic: 0.12416223132347182 (1)
- staring: 0.11439959497755708 (2)
- spell: 0.11439959497755708 (8)
- dig: 0.10868881880701955 (228)
- inattention: 0.10868881880701955 (3)
- single: 0.09756789550677272 (287)
- astrocytoma: 0.09347465348375482 (413)
- neuroepithelial: 0.0812816336090574 (24)
- infantile: 0.07827354768936642 (32)
- 1.2: 0.07579621435889228 (96)
- dysplastic: 0.07579621435889228 (47)
- dnet: 0.0753490495938982 (40)
- low-grade: 0.07369013359873787 (48)
- episode: 0.05958522458163276 (242)
- homogeneous: 0.056969490133814554 (192)
- ependymoma: 0.05387444841109524 (232)
- relatively: 0.05149948063030943 (194)
- parietal: 0.051418766902013864 (288)
- 9: 0.04975091120040155 (4978)
- change: 0.04691157028839216 (1174)
- abnormality: 0.04440222456099369 (336)
- laboratory: 0.04435340473033896 (321)
- girl: 0.04231517508436335 (357)
- surrounding: 0.03956570794879951 (472)
- edema: 0.03404117590748297 (980)
- lobe: 0.032384864055261045 (1492)
- cm: 0.03228107208192938 (1802)
- enhancement: 0.03226040515666248 (898)
- signal: 0.03173344127144759 (1276)
- (: 0.03052232646100819 (9594)
- physical: 0.02952824323353857 (1030)
- surgery: 0.02922533893465176 (1277)
- tumor: 0.02805960988184241 (2333)
- exam: 0.026439914647176595 (2159)
- presents: 0.02458653937335107 (1354)
- lesion: 0.024514862338034574 (3600)
- no: 0.0242378634001071 (35870)
- ): 0.02009965329896634 (10569)
- normal: 0.018867781050691566 (4858)
- year: 0.013466271398210067 (4271)
- right: 0.012699038156484743 (8044)
- old: 0.01232302249101767 (3947)
- a: 0.011171825403340881 (549576)
- ,: 0.003812817824187146 (45533)
- and: 0.002535338108904485 (31978)
- .: 0.0024999673307990336 (82185)
- with: 0.0016479461421111232 (23954)
- of: 0.0016408986027885695 (41955)
