Texto: 
not available.
n/a
calcified mass lesions in the left and right hepatic lobes.  additional blastic lesions are present in multiple vertebral bodies and in the pelvis.
metastatic medullary thyroid cancer
metastatic disease:
1. mucinous carcinoma of colon, breast, or stomach
2. ovarian carcinoma
3. melanoma, osteosarcoma, carcinoid, leiomyosarcoma, thyroid
benign tumors:
1. cavernous hemangioma
2. congenital cyst
vascular:
1. hematoma
2. calcified hepatic artery aneurysms
infection:
1. chronic granulomatous disease of childhood
2. tuberculosis or histo
3. old pyogenic or amebic abscesses
39 yo african american male with history of subtotal thyroidectomy in 1995 due to medullary thyroid cancer.
given both calcified liver masses and blastic bony metastases, ddx becomes more limited to metastatic tumors.


Keywords by value: 
- blastic: 0.09943409665606798
- calcified: 0.084000548408085
- 2.: 0.08297539364275597
- 1.: 0.08150195927626262
- thyroid: 0.08020562850972619
- medullary: 0.06268684309395671
- hepatic: 0.05448082979856507
- histo: 0.0524397578237495
- amebic: 0.0524397578237495
- metastatic: 0.049262047411055505
- tumors: 0.049003303170541995
- subtotal: 0.04771426768324397
- 3.: 0.04463930094871339
- thyroidectomy: 0.04442584847643135
- leiomyosarcoma: 0.04303408086731719
- cancer: 0.04288801930327886
- pyogenic: 0.04242306783164134
- 1995: 0.04037525114007891
- mucinous: 0.03913464862482871
- aneurysms: 0.03913464862482871
- carcinoid: 0.038762204623535336
- carcinoma: 0.03697599496207429
- abscesses: 0.036843773873299415
- childhood: 0.036703704112473486
- lesions: 0.03492458788311371
- :: 0.034512208121852364
- ddx: 0.034438575043987237
- becomes: 0.03413521375658637
- african: 0.03403671448302982
- osteosarcoma: 0.033939470011446385
- melanoma: 0.03329138265429763
- granulomatous: 0.03148221787585767
- tuberculosis: 0.031073177829032426
- american: 0.031073177829032426
- bodies: 0.03055980205033649
- 39: 0.03031550639319013
- cavernous: 0.030255634809518175
- ovarian: 0.02984918813380205
- hemangioma: 0.029147375192384604
- stomach: 0.028844013904983732
- lobes: 0.028745514631427185
- metastases: 0.027868186641549497
- limited: 0.027526963901718146
- additional: 0.026156081634732802
- bony: 0.026086684904188896
- vertebral: 0.025815239850475253
- colon: 0.025617808471926254
- breast: 0.024065327815500397
- congenital: 0.023856175340781965
- pelvis: 0.023702987836577316
- n/a: 0.023627531659229668
- hematoma: 0.02321348762154267
- or: 0.022935635472451317
- benign: 0.022511834862848863
- liver: 0.022490240540707813
- given: 0.022361941927605666
- masses: 0.02205032364882509
- available: 0.021929153044578605
- vascular: 0.0213878112055244
- disease: 0.021324237270468765
- yo: 0.01962863758246383
- artery: 0.019423893069528235
- infection: 0.01896195858070845
- chronic: 0.018373966663412213
- cyst: 0.017529550656687806
- due: 0.017406695824067477
- both: 0.01665801519607726
- more: 0.016314322971848597
- present: 0.014732891251386876
- ,: 0.014465423348251997
- multiple: 0.013738977125795946
- in: 0.012867090996649006
- male: 0.011795462121278421
- not: 0.009426096730854467
- mass: 0.009072221427080645
- history: 0.009009271280206742
- are: 0.008892166965874823
- left: 0.007298513505900112
- right: 0.006882684802369593
- old: 0.0066788900523836224
- to: 0.006520123793022691
- and: 0.00412234364272256
- of: 0.0026680259724730176
- the: 0.0021106761023454317
- .: 0.0013549441258529113
- with: 0.0008931616495411429
