Texto: 
see above
steriods and various other immune modulating drugs
• cervical spinal cord lesion
• hyperintense on t2 and gradient echo images
• enhances following contrast
• brain mri (not shown reveals) finding consistent with ms
multiple sclerosis cervical spinal cord
• multiple sclerosis
• transverse myelitis
• cord infarction
• adem
• metastatic disease
37 year old woman with rapid onset of visual problems, multiple neurological complaints, and bilateral leg weakness.


Keywords by value: 
- •: 0.18315752161510376
- cord: 0.12651326961839227
- modulating: 0.11448725225930519
- steriods: 0.09358546118873244
- cervical: 0.08065172484653581
- sclerosis: 0.07972247359548948
- spinal: 0.07947470676310614
- myelitis: 0.0776922737650686
- immune: 0.07376654815632921
- multiple: 0.07012231182386762
- gradient: 0.06724587356155991
- adem: 0.06690852958229679
- various: 0.061313946256420754
- drugs: 0.061313946256420754
- ms: 0.05931198937554726
- echo: 0.05774117625323996
- rapid: 0.0560481656316394
- 37: 0.055762725284642316
- enhances: 0.05242071338772687
- problems: 0.05137280544941333
- visual: 0.05031007793970382
- complaints: 0.04817627207877816
- neurological: 0.04801980014999667
- hyperintense: 0.046073509933807405
- infarction: 0.04535725253023493
- shown: 0.044499307716233734
- transverse: 0.044499307716233734
- leg: 0.04363892608582853
- reveals: 0.04341880195188342
- weakness: 0.04121573185751149
- above: 0.040674528008153465
- finding: 0.03576703253296729
- onset: 0.03503144449253442
- brain: 0.0333941756273086
- see: 0.03311970404193232
- following: 0.03149711372598894
- t2: 0.03141024375000458
- metastatic: 0.027936485761247926
- consistent: 0.027211665828976668
- bilateral: 0.02693269778330447
- woman: 0.02563510321414164
- other: 0.025579721411720113
- mri: 0.025497089024865194
- contrast: 0.024841242685816955
- lesion: 0.022604613324681232
- images: 0.021289141453887717
- disease: 0.018139448587216937
- not: 0.01603660612651864
- year: 0.012416951548998894
- old: 0.011362786972237074
- on: 0.009401181978771794
- (: 0.009381321120050138
- ): 0.009266723274198767
- ,: 0.007031430273176296
- and: 0.007013337885670849
- with: 0.003039069508828305
- of: 0.00151303637399985
- .: 0.00046103293632917245
