Texto: 
see above
steriods and various other immune modulating drugs
• cervical spinal cord lesion
• hyperintense on t2 and gradient echo images
• enhances following contrast
• brain mri (not shown reveals) finding consistent with ms
multiple sclerosis cervical spinal cord
• multiple sclerosis
• transverse myelitis
• cord infarction
• adem
• metastatic disease
37 year old woman with rapid onset of visual problems, multiple neurological complaints, and bilateral leg weakness.


Keywords by value: 
- •: 0.18315752161510376 (8449)
- cord: 0.12651326961839227 (753)
- modulating: 0.11448725225930519 (3)
- steriods: 0.09358546118873244 (6)
- cervical: 0.08065172484653581 (1130)
- sclerosis: 0.07972247359548948 (540)
- spinal: 0.07947470676310614 (1010)
- myelitis: 0.0776922737650686 (357)
- immune: 0.07376654815632921 (88)
- multiple: 0.07012231182386762 (1682)
- gradient: 0.06724587356155991 (52)
- adem: 0.06690852958229679 (73)
- various: 0.061313946256420754 (68)
- drugs: 0.061313946256420754 (71)
- ms: 0.05931198937554726 (3435)
- echo: 0.05774117625323996 (887)
- rapid: 0.0560481656316394 (167)
- 37: 0.055762725284642316 (248)
- enhances: 0.05242071338772687 (121)
- problems: 0.05137280544941333 (144)
- visual: 0.05031007793970382 (597)
- complaints: 0.04817627207877816 (183)
- neurological: 0.04801980014999667 (208)
- hyperintense: 0.046073509933807405 (240)
- infarction: 0.04535725253023493 (301)
- shown: 0.044499307716233734 (247)
- transverse: 0.044499307716233734 (339)
- leg: 0.04363892608582853 (693)
- reveals: 0.04341880195188342 (273)
- weakness: 0.04121573185751149 (434)
- above: 0.040674528008153465 (359)
- finding: 0.03576703253296729 (2193)
- onset: 0.03503144449253442 (524)
- brain: 0.0333941756273086 (978)
- see: 0.03311970404193232 (2684)
- following: 0.03149711372598894 (761)
- t2: 0.03141024375000458 (1171)
- metastatic: 0.027936485761247926 (1079)
- consistent: 0.027211665828976668 (1064)
- bilateral: 0.02693269778330447 (2204)
- woman: 0.02563510321414164 (987)
- other: 0.025579721411720113 (2604)
- mri: 0.025497089024865194 (1820)
- contrast: 0.024841242685816955 (1844)
- lesion: 0.022604613324681232 (3600)
- images: 0.021289141453887717 (1966)
- disease: 0.018139448587216937 (3336)
- not: 0.01603660612651864 (5583)
- year: 0.012416951548998894 (4271)
- old: 0.011362786972237074 (3947)
- on: 0.009401181978771794 (91641)
- (: 0.009381321120050138 (9594)
- ): 0.009266723274198767 (10569)
- ,: 0.007031430273176296 (45533)
- and: 0.007013337885670849 (31978)
- with: 0.003039069508828305 (23954)
- of: 0.00151303637399985 (41955)
- .: 0.00046103293632917245 (82185)
