Texto: 
non-contributory
none required at this time
• retrocerebellar 2.5 cm cyst lesion.
• no enhancement.
• occipital bone thinning secondary to cyst.
arachnoid cyst
• epidermoid cyst
• dandy walker variant
• blake's pouch
• arachnoid cyst
12 year old girl who underwent mri because of mental status changes.


Keywords by value: 
- cyst: 0.21262695703945392 (3901)
- •: 0.20313149002168915 (8449)
- arachnoid: 0.15902703136731325 (381)
- retrocerebellar: 0.13757822338604828 (4)
- blake: 0.1334459353987481 (5)
- dandy: 0.11884487316978014 (38)
- walker: 0.11310126338637569 (48)
- pouch: 0.09850020115740774 (100)
- thinning: 0.09403423714228017 (47)
- 2.5: 0.08566414225814949 (113)
- epidermoid: 0.07538122769635644 (215)
- variant: 0.07538122769635644 (148)
- occipital: 0.07383712382711476 (226)
- mental: 0.07383712382711476 (588)
- 12: 0.06476663759485707 (1027)
- non-contributory: 0.05844511496679401 (287)
- required: 0.05695787984791229 (331)
- status: 0.05648754298484543 (390)
- girl: 0.05563661909240366 (357)
- because: 0.055361450307149035 (430)
- underwent: 0.05429992658292998 (413)
- changes: 0.045352740300649265 (828)
- time: 0.04469631902295023 (1157)
- secondary: 0.044241295676089025 (822)
- cm: 0.04244363181142566 (1802)
- enhancement: 0.04241645863190807 (898)
- who: 0.04125867424336485 (941)
- bone: 0.03932286447147907 (2205)
- none: 0.03925406494274086 (942)
- mri: 0.03635696027619666 (1820)
- 's: 0.034889752191982315 (1676)
- lesion: 0.032232504185193606 (3600)
- at: 0.02144005838577098 (83424)
- this: 0.017798837283595055 (5602)
- year: 0.017705653134683606 (4271)
- old: 0.016202492534486197 (3947)
- no: 0.015934150938959293 (35870)
- to: 0.007908668674870115 (40381)
- .: 0.0026295952664700945 (82185)
- of: 0.0021574777925553413 (41955)
