Texto: 
adad
seizure control with medications, if not successful, surgery will be considered.
"bubbly" cortical lesion of the right temporal lobe.
dnet (dysembryoplastic neuroepithelial tumor)
dnet
ganglioglioma
cortical dysplasia
34 y.o. man with seizures.


Keywords by value: 
- dnet: 0.2488270940077568 (40)
- adad: 0.20501205637131392 (1)
- bubbly: 0.1597583319746787 (9)
- cortical: 0.14488720235236335 (525)
- dysembryoplastic: 0.1436386301011916 (24)
- neuroepithelial: 0.13420920898239708 (24)
- ganglioglioma: 0.11700764628019156 (66)
- successful: 0.10587996620756239 (150)
- 34: 0.0986234289642585 (235)
- control: 0.09059389530554356 (246)
- medications: 0.08864121204700091 (185)
- seizure: 0.08787362375704347 (414)
- seizures: 0.0854384852898567 (215)
- considered: 0.08022191648708481 (254)
- temporal: 0.07957885761893341 (421)
- dysplasia: 0.07844420263824894 (406)
- will: 0.062173977171607955 (776)
- y.o: 0.05735766122294651 (586)
- if: 0.05392426590187524 (9413)
- lobe: 0.05347268250984963 (1492)
- ``: 0.048840349712367837 (0)
- surgery: 0.048255792194424996 (1277)
- '': 0.04790115120888937 (0)
- man: 0.04699841495558137 (4104)
- tumor: 0.04633098375839096 (2333)
- lesion: 0.04047802851163848 (3600)
- be: 0.030645505194044863 (14541)
- not: 0.028716713296324078 (5583)
- right: 0.020968179281637595 (8044)
- (: 0.01679910991264792 (9594)
- ): 0.01659389981658849 (10569)
- ,: 0.012591165838013367 (45533)
- with: 0.005442054701855337 (23954)
- .: 0.0033022824276601184 (82185)
- the: 0.0032150996442703674 (67588)
- of: 0.002709390716232289 (41955)
