Texto: 
surgical resection
small, enhancing mass in the fourth ventricle without hydrocephalus or other abnormalities.
choroid plexus papilloma - fourth ventricle
• choroid plexus papilloma
• choroid plexus carcinoma
• epidermoid
• epdendymoma
• langerhan histiocytosis
• metastasis
• leukemia/lymphoma
9 year old boy with headaches.


Keywords by value: 
- choroid: 0.2725731954820619 (217)
- plexus: 0.25950495811590196 (209)
- •: 0.22852292627440032 (8449)
- epdendymoma: 0.18365663383263536 (1)
- papilloma: 0.1789054102882274 (167)
- fourth: 0.17222446653509493 (147)
- leukemia/lymphoma: 0.1501266773235916 (5)
- ventricle: 0.13343292989910116 (556)
- langerhan: 0.1246313558314642 (85)
- histiocytosis: 0.09906407111291832 (85)
- epidermoid: 0.084803881158401 (215)
- hydrocephalus: 0.07653864307216329 (250)
- 9: 0.07358988948392728 (4978)
- headaches: 0.06805088206398496 (322)
- metastasis: 0.06664056929791513 (332)
- abnormalities: 0.06539092961871285 (356)
- boy: 0.06051503708179107 (395)
- enhancing: 0.05583236526843248 (642)
- resection: 0.05551907615667122 (574)
- carcinoma: 0.05045682645866388 (1515)
- without: 0.041916940965795 (1213)
- other: 0.04103413643130101 (2604)
- small: 0.0410119850912733 (1623)
- -: 0.038161009556424236 (21459)
- surgical: 0.037421286880238616 (1704)
- mass: 0.02475960431140759 (5255)
- or: 0.020865057270077238 (60128)
- year: 0.019918859776519054 (4271)
- old: 0.01822780410129697 (3947)
- in: 0.00877910896125531 (113220)
- ,: 0.0056397930316101534 (45533)
- the: 0.0028801934313255374 (67588)
- with: 0.0024375870018727027 (23954)
- .: 0.0014791473373894281 (82185)
