Texto: 
exophytic mass right ear
surgery and radiation
exophytic mass right ear.  no intracranial involvement.
no bone erosion
squamous cell carcinoma
• basal cell carcinoma
• melanoma
• foreign body
65 year old man with enlarging mass right ear


Keywords by value: 
- ear: 0.3157761178483805 (9744)
- exophytic: 0.2602300255661137 (45)
- carcinoma: 0.12109638350079333 (1515)
- •: 0.11752607636969159 (8449)
- cell: 0.11541203557907431 (1988)
- melanoma: 0.10902927819282476 (139)
- enlarging: 0.10874025763279788 (96)
- erosion: 0.10789271884090584 (208)
- foreign: 0.10525870594946017 (161)
- squamous: 0.10451973589342156 (162)
- 65: 0.10427818812062815 (199)
- basal: 0.09738843745345933 (202)
- intracranial: 0.09028779342224258 (292)
- mass: 0.08913457552106734 (5255)
- involvement: 0.07829846641569542 (401)
- radiation: 0.07010628123905842 (533)
- body: 0.06938159281722711 (675)
- right: 0.06762237818328125 (8044)
- bone: 0.05308586703649675 (2205)
- surgery: 0.051874976609006876 (1277)
- man: 0.05052329607724998 (4104)
- no: 0.0430222075351901 (35870)
- year: 0.02390263173182287 (4271)
- old: 0.021873364921556365 (3947)
- and: 0.004500225143305461 (31978)
- with: 0.0029251044022472437 (23954)
- .: 0.0017749768048673138 (82185)
