Texto: 
left lateral rectus muscle dysfunction - abducens palsy
none to date
• medial deviation of the left globe.
• negative mri brain
sixth cranial nerve palsy
• trauma
• aneurysm
• schwannoma
16 month old boy had an mri of brain and orbit to evaluate known an abducents (6th cranial nerve) palsy


Keywords by value: 
- palsy: 0.2584353261851334 (74)
- abducents: 0.16028215316302724 (1)
- •: 0.14245585014508072 (8449)
- cranial: 0.13511461804153815 (530)
- abducens: 0.12247412513248476 (9)
- nerve: 0.11196167732681113 (856)
- sixth: 0.10249935624761003 (29)
- 6th: 0.10175713816542359 (32)
- brain: 0.09350369175646407 (978)
- globe: 0.09027946949557163 (87)
- rectus: 0.08989668023742922 (106)
- deviation: 0.08677213011148996 (88)
- dysfunction: 0.08277888267136696 (111)
- orbit: 0.07826652577181178 (533)
- date: 0.07806781539849923 (300)
- mri: 0.07139184926962254 (1820)
- schwannoma: 0.07096115524055356 (243)
- 16: 0.07030470061069691 (559)
- evaluate: 0.06280411378649223 (397)
- aneurysm: 0.06140798390987823 (855)
- muscle: 0.055805731516842635 (802)
- boy: 0.052813123271381296 (395)
- medial: 0.049696354792546395 (921)
- known: 0.04916456517206945 (769)
- month: 0.046611173469101985 (1567)
- negative: 0.04640218475227044 (803)
- an: 0.042969631428535625 (75109)
- trauma: 0.04249106875923507 (1386)
- none: 0.03854035467105466 (942)
- left: 0.0347674643371969 (7401)
- lateral: 0.03357578264771909 (4830)
- had: 0.03352454216801287 (2121)
- -: 0.03330415379469752 (21459)
- old: 0.015907901761131903 (3947)
- to: 0.015529749397926772 (40381)
- (: 0.013133849568070191 (9594)
- ): 0.012973412583878274 (10569)
- of: 0.004236501847199579 (41955)
- and: 0.0032728910133130625 (31978)
- the: 0.002513623358247742 (67588)
- .: 0.0006454461108608414 (82185)
