Texto: 
high dose steroid therapy.
amorphous soft tissue swelling in the periorbital soft tissues on the left, pronounced asymmetric swelling of the extraocular muscles (extending to the tendinous insertions) and inflammatory changes of the intraconal fat.
orbital pseudotumor
thyroid eye disease
orbital myositis
sjogren's disease
orbital pseudotumor
infections orbital cellulitis
lymphoma
30 yo woman with acute onset of eye pain and left eye swelling


Keywords by value: 
- orbital: 0.2349764921257242 (336)
- eye: 0.15584390465703962 (547)
- pseudotumor: 0.14331354820459732 (83)
- swelling: 0.12377438539048402 (562)
- sjogren: 0.09955954021610414 (10)
- insertions: 0.09762430264183568 (10)
- tendinous: 0.0959173021250765 (24)
- intraconal: 0.0917479967272246 (18)
- amorphous: 0.08670007362188815 (18)
- periorbital: 0.08231919142083115 (36)
- pronounced: 0.07846842090296148 (30)
- myositis: 0.07846842090296148 (93)
- extraocular: 0.07582607950015056 (47)
- cellulitis: 0.07359201167656709 (82)
- steroid: 0.06538338160525113 (321)
- dose: 0.06480743481322919 (149)
- soft: 0.06031671779691449 (1339)
- asymmetric: 0.0601750627515135 (151)
- infections: 0.058868525113914986 (150)
- muscles: 0.05656323968449922 (211)
- tissues: 0.05082972067485932 (249)
- thyroid: 0.05075815137572045 (1100)
- 30: 0.04762448313703007 (631)
- inflammatory: 0.042946607886840925 (519)
- extending: 0.04163360940347532 (456)
- disease: 0.040485146122194324 (3336)
- onset: 0.03909306124529203 (524)
- fat: 0.03766539598379179 (1111)
- yo: 0.03726596410583713 (2293)
- changes: 0.03549344893094291 (828)
- lymphoma: 0.035394183107093996 (867)
- high: 0.033891971899663996 (1383)
- therapy: 0.03311073617740019 (1469)
- acute: 0.030577961291398482 (1548)
- tissue: 0.029353930267428895 (1668)
- woman: 0.02860728909404212 (987)
- left: 0.027713196210809123 (7401)
- 's: 0.027305023454594856 (1676)
- pain: 0.015124756051170068 (5051)
- on: 0.010491174092252581 (91641)
- (: 0.010469010525273341 (9594)
- ): 0.010341125972656596 (10569)
- the: 0.010018064108958391 (67588)
- to: 0.006189392875985308 (40381)
- in: 0.006107206233916738 (113220)
- and: 0.005217652340064303 (31978)
- of: 0.005065382643390801 (41955)
- ,: 0.0039233342828592374 (45533)
- with: 0.0016957126969549237 (23954)
- .: 0.0010289720607926456 (82185)
