Texto: 
fractures of the base of the fifth metatarsal
twisted foot


Keywords by value: 
- twisted: 0.6042929701726717 (18)
- metatarsal: 0.47046445597931874 (196)
- fifth: 0.4688384038921407 (100)
- foot: 0.353231469522851 (532)
- base: 0.3347458282831367 (831)
- fractures: 0.3235788597980276 (616)
- the: 0.02764985694072516 (67588)
- of: 0.023300760159597686 (41955)
