Texto: 
lumpectomy and radiation
mammographically negative; bi-rads 1.
mass with concerning features (spiculation, shadowing, taller than wide) on sonogram.
invasive lobular carcinoma
ultrasound findings:
infiltrating ductal carcinoma
invasive lobular neoplasia
radial scar
focal fibrosis
postsurgical change
abscess
hematoma
fibroadenoma (atypical)
46 year old female has a palpable, mobile approximately 1 cm mass at the 12 o'clock position adjacent to the nipple-areola complex in the left breast.
mammographically occult lesion with suspicious mass sonographically suggestive of invasive lobular carcinoma.


Keywords by value: 
- mammographically: 0.16694885534486759 (5)
- lobular: 0.16269217002479405 (121)
- invasive: 0.14473246675002666 (165)
- nipple-areola: 0.09905076880861234 (1)
- taller: 0.08670681050897065 (3)
- carcinoma: 0.08163801134884943 (1515)
- bi-rads: 0.08096719675879098 (8)
- spiculation: 0.08096719675879098 (7)
- postsurgical: 0.0721081252940239 (12)
- o'clock: 0.06939843926237348 (18)
- sonographically: 0.06789808653625524 (19)
- neoplasia: 0.0665746816412397 (25)
- sonogram: 0.06539085562261243 (28)
- lumpectomy: 0.06334229880470284 (27)
- fibroadenoma: 0.060835067891060024 (49)
- occult: 0.05788715480715564 (54)
- mobile: 0.054654771970618764 (108)
- infiltrating: 0.05214754105697596 (93)
- wide: 0.051476538419879085 (311)
- shadowing: 0.050998340505061156 (96)
- 46: 0.05084335935750682 (157)
- concerning: 0.05039084363685581 (88)
- scar: 0.05009898423906636 (242)
- suspicious: 0.046236382676113276 (134)
- ductal: 0.04525872675488149 (260)
- radial: 0.044018860943995354 (244)
- fibrosis: 0.042751495841238676 (252)
- atypical: 0.041612703770898374 (201)
- suggestive: 0.04101946573082005 (200)
- features: 0.04051721652949525 (232)
- mass: 0.04006048338025498 (5255)
- position: 0.03997778710043502 (557)
- 12: 0.03929661157440766 (1027)
- complex: 0.03844821210802401 (318)
- change: 0.03742383697163869 (1174)
- breast: 0.03542199936888261 (1038)
- hematoma: 0.03416816717328191 (649)
- palpable: 0.03402944991685158 (406)
- radiation: 0.03150844100631839 (533)
- abscess: 0.030357710608250193 (839)
- adjacent: 0.030357710608250193 (562)
- 1.: 0.029990889508961806 (1783)
- approximately: 0.029705818275905425 (626)
- negative: 0.028675507431178363 (803)
- ultrasound: 0.028484523427037115 (868)
- focal: 0.02742127645099328 (922)
- cm: 0.02575231593052793 (1802)
- than: 0.025157852302452516 (1107)
- 1: 0.022846363684940526 (15898)
- ;: 0.02275754144328757 (2912)
- findings: 0.020436370065055727 (1669)
- female: 0.01973887945447004 (1301)
- lesion: 0.01955680029213994 (3600)
- has: 0.01803033674712672 (2768)
- (: 0.01623284778076091 (9594)
- ): 0.016034554878950676 (10569)
- at: 0.013008574750917224 (83424)
- :: 0.012699717033602977 (11095)
- year: 0.010742755834527131 (4271)
- left: 0.010742755834527131 (7401)
- old: 0.009830725807441062 (3947)
- ,: 0.009125058388223169 (45533)
- on: 0.008133606880510428 (91641)
- to: 0.0047985180723931035 (40381)
- in: 0.00473480033865455 (113220)
- the: 0.004660088248436825 (67588)
- a: 0.00445617754852361 (549576)
- with: 0.0026293073278626906 (23954)
- and: 0.002022573098114814 (31978)
- of: 0.0013090314696403195 (41955)
- .: 0.001196613576315043 (82185)
