Texto: 
unknown
right eye proptosis
inflammatory change medial to medial rectus muscle with enhancing mass along right medial orbital wall
ethmoidal air cell opacification
subperiosteal abscess
subperiosteal abscess
hematoma
orbital pseudotumor
12 y/o female with right eye pain and cold symptoms for 10 days.


Keywords by value: 
- subperiosteal: 0.26231799937468525
- medial: 0.18636133047204897
- orbital: 0.18424293132585193
- eye: 0.1629277185050869
- ethmoidal: 0.14802121206755575
- abscess: 0.12281073836973942
- cold: 0.11708992676901937
- rectus: 0.11237085029678653
- pseudotumor: 0.11237085029678653
- proptosis: 0.10846516263936246
- opacification: 0.10284224960950245
- 12: 0.07948632795732459
- unknown: 0.07579271592328425
- change: 0.0756982156926328
- muscle: 0.0697571643960533
- hematoma: 0.06911288360050204
- inflammatory: 0.06734808964072782
- air: 0.06571051423981741
- 10: 0.06546873246242978
- along: 0.06418304265587536
- right: 0.061474889257528406
- enhancing: 0.060908034838289986
- days: 0.0595244158220904
- wall: 0.05625361636906241
- y/o: 0.053787023404991835
- cell: 0.05246001617230651
- symptoms: 0.048401306293139525
- female: 0.039926369805632585
- mass: 0.027010477430626467
- pain: 0.023718367443880336
- for: 0.01657063974187989
- to: 0.009706093373704233
- with: 0.005318371640449533
- and: 0.004091113766641329
- .: 0.0008068076385760517
