Texto: 
non-contributory
surgical only
• spherical isointense mass inferior aspect of fourth ventricle.
• mass enhances homogeneously.
• no hydrocephalus.
choroid plexus papilloma
• metastatic disease
• lymphoma
• hemangioblastoma
• choroid plexus papilloma
60 year old woman with longstanding history of headache.  complained of vertigo.


Keywords by value: 
- •: 0.21938200922342432 (8449)
- choroid: 0.1744468451085196 (217)
- papilloma: 0.17174919387669832 (167)
- plexus: 0.16608317319417726 (209)
- spherical: 0.11964610159820564 (24)
- longstanding: 0.11360048416074697 (23)
- vertigo: 0.10896445187960048 (40)
- homogeneously: 0.09973754054954807 (52)
- hemangioblastoma: 0.09442347723488796 (101)
- complained: 0.09022906661524656 (75)
- isointense: 0.08400795814250478 (116)
- fourth: 0.08266774393684558 (147)
- enhances: 0.08072789861709938 (121)
- 60: 0.07455844177468228 (445)
- hydrocephalus: 0.07347709734927677 (250)
- ventricle: 0.06404780635156856 (556)
- non-contributory: 0.06312072416413754 (287)
- headache: 0.058699708751315964 (758)
- inferior: 0.05798632722718126 (623)
- aspect: 0.05368583868966715 (641)
- only: 0.05138823316969871 (984)
- lymphoma: 0.04884397268778971 (867)
- mass: 0.047538440277902584 (5255)
- metastatic: 0.043022188072321804 (1079)
- woman: 0.03947805894977813 (987)
- surgical: 0.03592443540502907 (1704)
- disease: 0.027934750824314084 (3336)
- history: 0.02360429075414167 (2881)
- year: 0.019122105385458294 (4271)
- old: 0.017498691937245094 (3947)
- no: 0.01720888301407604 (35870)
- of: 0.006990228047879306 (41955)
- .: 0.0035499536097346276 (82185)
- with: 0.002340083521797795 (23954)
