Texto: 
none avialabe
l5-s1 disk extrusion.
l5-s1 extruded disk fragment
none
low back pain times several months. pain radiates to both le.


Keywords by value: 
- l5-s1: 0.4155730856231169 (97)
- disk: 0.38548864016167267 (157)
- avialabe: 0.3673132676652707 (1)
- extruded: 0.27137222212385215 (13)
- extrusion: 0.2637754905907707 (18)
- le: 0.22559671009601426 (46878)
- radiates: 0.22162545260416738 (44)
- none: 0.17664329224233388 (942)
- times: 0.17261206622935799 (217)
- fragment: 0.1644993322296215 (381)
- back: 0.11746109730614487 (949)
- several: 0.11446220148843281 (511)
- low: 0.09900700220276665 (6753)
- months: 0.09724755394541947 (910)
- both: 0.09092499961192171 (1020)
- pain: 0.08696734729422789 (5051)
- to: 0.01779450451845776 (40381)
- .: 0.004437442012168284 (82185)
