Texto: 
none avialabe
l5-s1 disk extrusion.
l5-s1 extruded disk fragment
none
low back pain times several months. pain radiates to both le.


Keywords by value: 
- l5-s1: 0.4155730856231169
- disk: 0.38548864016167267
- avialabe: 0.3673132676652707
- extruded: 0.27137222212385215
- extrusion: 0.2637754905907707
- le: 0.22559671009601426
- radiates: 0.22162545260416738
- none: 0.17664329224233388
- times: 0.17261206622935799
- fragment: 0.1644993322296215
- back: 0.11746109730614487
- several: 0.11446220148843281
- low: 0.09900700220276665
- months: 0.09724755394541947
- both: 0.09092499961192171
- pain: 0.08696734729422789
- to: 0.01779450451845776
- .: 0.004437442012168284
