Texto: 
loss of volume and right middle lobe opacity obscuring heart border
right middle lobe atelectasis
dyspnea and fever


Keywords by value: 
- middle: 0.3472398855158264 (443)
- obscuring: 0.34313672746395774 (14)
- lobe: 0.255480594213726 (1492)
- atelectasis: 0.22811045681412023 (172)
- border: 0.22614368308906932 (235)
- dyspnea: 0.2247129888611574 (137)
- volume: 0.22424416282527604 (189)
- opacity: 0.2219576032423034 (158)
- heart: 0.16494886938382078 (585)
- fever: 0.1606257014751092 (569)
- loss: 0.13780356513713551 (858)
- right: 0.10018130101226852 (8044)
- and: 0.02000100063691316 (31978)
- of: 0.006472433377666023 (41955)
