Texto: 
non-contributory
surgical resection only.
• pineal region mass.
• no enhancement, no calcification, nor hemorrhagic component.
rosette forming glioneuronal tumor of the pineal gland
• pineocytoma
• pineoblastoma
• germinoma
• lymphoma
33 year old woman presents with a 1 month history of headaches and visual complaints


Keywords by value: 
- pineal: 0.205760866198722
- •: 0.18080934826106398
- rosette: 0.14840204106343055
- glioneuronal: 0.13210785144059972
- pineocytoma: 0.1272748816659669
- pineoblastoma: 0.1252487179033164
- germinoma: 0.11621018657166764
- forming: 0.11290537393846266
- nor: 0.08782736888302191
- 33: 0.08525945748639648
- hemorrhagic: 0.07667701320508072
- component: 0.0750550680428932
- visual: 0.07449761541071527
- complaints: 0.0713379413474215
- gland: 0.06998785944985902
- headaches: 0.06281619882829381
- non-contributory: 0.0606930040039784
- calcification: 0.05964972343186787
- resection: 0.05124837799077344
- only: 0.04941176266317184
- month: 0.04930027963078095
- lymphoma: 0.04696535835364396
- region: 0.04641540821614063
- enhancement: 0.04404786088698146
- 1: 0.039102430153071285
- tumor: 0.038312159646361754
- woman: 0.03795967206709435
- surgical: 0.0345427263509895
- presents: 0.033570082605921654
- no: 0.03309400579630008
- mass: 0.02285501936437624
- history: 0.02269643341744391
- year: 0.0183866397937099
- old: 0.01682566532427413
- ,: 0.010411925596818746
- a: 0.007626919265742333
- of: 0.004480915415307247
- and: 0.003461711648696509
- the: 0.0026586400904543422
- with: 0.0022500803094209565
- .: 0.002048050159462285
