Texto: 
non-contributory
surgical resection only.
• pineal region mass.
• no enhancement, no calcification, nor hemorrhagic component.
rosette forming glioneuronal tumor of the pineal gland
• pineocytoma
• pineoblastoma
• germinoma
• lymphoma
33 year old woman presents with a 1 month history of headaches and visual complaints


Keywords by value: 
- pineal: 0.205760866198722 (57)
- •: 0.18080934826106398 (8449)
- rosette: 0.14840204106343055 (10)
- glioneuronal: 0.13210785144059972 (9)
- pineocytoma: 0.1272748816659669 (9)
- pineoblastoma: 0.1252487179033164 (11)
- germinoma: 0.11621018657166764 (25)
- forming: 0.11290537393846266 (58)
- nor: 0.08782736888302191 (5303)
- 33: 0.08525945748639648 (225)
- hemorrhagic: 0.07667701320508072 (182)
- component: 0.0750550680428932 (287)
- visual: 0.07449761541071527 (597)
- complaints: 0.0713379413474215 (183)
- gland: 0.06998785944985902 (416)
- headaches: 0.06281619882829381 (322)
- non-contributory: 0.0606930040039784 (287)
- calcification: 0.05964972343186787 (906)
- resection: 0.05124837799077344 (574)
- only: 0.04941176266317184 (984)
- month: 0.04930027963078095 (1567)
- lymphoma: 0.04696535835364396 (867)
- region: 0.04641540821614063 (1007)
- enhancement: 0.04404786088698146 (898)
- 1: 0.039102430153071285 (15898)
- tumor: 0.038312159646361754 (2333)
- woman: 0.03795967206709435 (987)
- surgical: 0.0345427263509895 (1704)
- presents: 0.033570082605921654 (1354)
- no: 0.03309400579630008 (35870)
- mass: 0.02285501936437624 (5255)
- history: 0.02269643341744391 (2881)
- year: 0.0183866397937099 (4271)
- old: 0.01682566532427413 (3947)
- ,: 0.010411925596818746 (45533)
- a: 0.007626919265742333 (549576)
- of: 0.004480915415307247 (41955)
- and: 0.003461711648696509 (31978)
- the: 0.0026586400904543422 (67588)
- with: 0.0022500803094209565 (23954)
- .: 0.002048050159462285 (82185)
