Texto: 
• stiff neck
• photophobia
• no fever

at ct scan at his local hospital revealed an intracranial hemorrhage
pending
• ct right frontal lobe hematoma with edema
• cta enhancing vascular stuctures in right frontal lobe
• angiography  right frontal dural av fistula  with venous varix supplied by both ophthalmic arteries, middle meningeal arteries, and ethmoidal arteries.  venous drainage is into the convexity veins.
dural  fistula (avf)
• aneurysm
• avm
• tumor
• dural a-v fistulae
57 year old previously healthy man (school teacher) who had headache, nausea, and dizziness after arriving home.


Keywords by value: 
- •: 0.14783154260338566
- dural: 0.11724593177843184
- arteries: 0.10011520088875418
- fistula: 0.079066898314759
- frontal: 0.0759705264476422
- stuctures: 0.0728010012763999
- teacher: 0.0728010012763999
- a-v: 0.07008701946081705
- arriving: 0.06480762523501117
- fistulae: 0.0635478951159119
- varix: 0.062436734402172435
- ethmoidal: 0.06144276727332502
- stiff: 0.06054361463366158
- venous: 0.0585242569520213
- avf: 0.05826850089010603
- ophthalmic: 0.05490364292841988
- supplied: 0.05400449028875644
- school: 0.051729376545200885
- meningeal: 0.05139832635830211
- av: 0.050769162447937284
- convexity: 0.04989771603160695
- photophobia: 0.049624248702614004
- 57: 0.04393052208119647
- lobe: 0.04338349713063271
- dizziness: 0.04322086716386074
- cta: 0.0420642414837444
- angiography: 0.040506885348277906
- veins: 0.03856726986088828
- avm: 0.03840175750569102
- home: 0.038320077668491825
- local: 0.03702989901645985
- healthy: 0.03634597918591123
- pending: 0.03488230765612965
- intracranial: 0.034070865442355686
- previously: 0.033865771228804686
- drainage: 0.033714824612328824
- nausea: 0.03245509449322956
- aneurysm: 0.03186263316078587
- hospital: 0.03034996665064267
- middle: 0.0294826317890796
- hematoma: 0.028688366777566882
- headache: 0.02768854186382828
- fever: 0.027276062514641188
- hemorrhage: 0.026832609284679582
- vascular: 0.02643210630116695
- revealed: 0.02587239518741597
- right: 0.025517878559728775
- enhancing: 0.025282580498912823
- neck: 0.023672105066212097
- his: 0.023234802147612563
- edema: 0.022801164994634818
- scan: 0.022568598683329985
- ct: 0.022552899120604583
- at: 0.021844587789276095
- who: 0.021018569897563226
- both: 0.02058679236496341
- into: 0.01918232422603497
- man: 0.01906539474613207
- tumor: 0.018794644354818972
- had: 0.017394809615478377
- after: 0.016679256628388702
- (: 0.013629466532903029
- ): 0.013462975322892548
- by: 0.013423310407970516
- an: 0.011147781738535187
- ,: 0.010215474170463675
- year: 0.009019861030876554
- old: 0.008254099970398629
- no: 0.008117397648149074
- is: 0.005304629984761562
- in: 0.0039754455673608954
- and: 0.003396396334570159
- with: 0.0022076259639601838
- the: 0.001304238534939866
- .: 0.001004703851811687
