Texto: 
none provided.
surgical excision
exophytic osseous mass of right iliac wing with thick cartilage cap, consistent with osteochondroma or chondrosarcoma.
low-grade chondrosarcoma (pathologically proven)
osteochondroma
osteosarcoma
enchondroma
19 yo female with a history of slow growing mass on her right hip.


Keywords by value: 
- osteochondroma: 0.21607867258226082 (174)
- chondrosarcoma: 0.18179675071048912 (144)
- pathologically: 0.12085157889441167 (25)
- cap: 0.11591962965914944 (1021)
- wing: 0.11450066424428408 (1866)
- low-grade: 0.11131913798958273 (48)
- exophytic: 0.11073618109196326 (45)
- enchondroma: 0.10803933629113041 (144)
- proven: 0.10349520649755468 (60)
- growing: 0.10045050769668931 (78)
- slow: 0.09842263153063983 (178)
- thick: 0.0954209592272376 (941)
- cartilage: 0.09459724620211653 (174)
- osteosarcoma: 0.09459724620211653 (134)
- iliac: 0.09067322409289272 (209)
- 19: 0.08383661916522014 (1027)
- provided: 0.07841744061794521 (182)
- osseous: 0.07719431102395198 (295)
- excision: 0.07462235588436794 (255)
- hip: 0.07242281642790337 (773)
- yo: 0.054709606878782166 (2293)
- her: 0.05466833315925395 (13092)
- mass: 0.05057280880627934 (5255)
- none: 0.045100415040595886 (942)
- consistent: 0.044580814230451134 (1064)
- right: 0.03836730677065603 (8044)
- surgical: 0.03821748447343518 (1704)
- female: 0.03737787811591135 (1301)
- history: 0.025110947610789008 (2881)
- or: 0.02130899465880229 (60128)
- on: 0.01540193643330698 (91641)
- (: 0.015369398430720436 (9594)
- ): 0.015181653023687342 (10569)
- a: 0.008438293655714921 (549576)
- with: 0.00746835166531211 (23954)
- ,: 0.005759788628027391 (45533)
- of: 0.004957608544595252 (41955)
- .: 0.002265927836000826 (82185)
