Texto: 
non-contributory
supportive
• extensive bilateral supratentorial white matter lesions.
• no mass effect.
• no contrast enhancement.
amyloid angiopathy
• herpes encephalitis
• gliomatosis cerebri
• lymphoma
previously healthy 72 year old woman who presented to her physician with a 6 week history of mental deterioration and hallucinations.
biopsy also showed neurofibrillary tangles and plaques consistent with alzheimers diseaee.


Keywords by value: 
- •: 0.1469075954621145 (8449)
- neurofibrillary: 0.13774247537447654 (1)
- tangles: 0.13774247537447654 (2)
- diseaee: 0.13774247537447654 (1)
- hallucinations: 0.1269120506782274 (2)
- alzheimers: 0.1269120506782274 (2)
- gliomatosis: 0.10733762929548726 (8)
- angiopathy: 0.09347351687359816 (31)
- deterioration: 0.09173561632500091 (23)
- cerebri: 0.08808538427528988 (64)
- supratentorial: 0.0862450243431589 (29)
- amyloid: 0.0862450243431589 (86)
- herpes: 0.0862450243431589 (42)
- 72: 0.07570666422522464 (132)
- encephalitis: 0.07456979931456169 (99)
- plaques: 0.07456979931456169 (126)
- physician: 0.06293791689350707 (167)
- mental: 0.06230007322912808 (588)
- healthy: 0.06019802802666548 (154)
- supportive: 0.05904009096176358 (159)
- previously: 0.05609018359770777 (213)
- extensive: 0.05339618316326165 (267)
- matter: 0.052569999537512464 (399)
- non-contributory: 0.04931306575323245 (287)
- biopsy: 0.047370206900574384 (501)
- effect: 0.04727434770420695 (544)
- week: 0.045343990911378564 (1278)
- white: 0.04428287832362528 (558)
- showed: 0.04377817606130776 (635)
- her: 0.04014705716382712 (13092)
- 6: 0.03987687752148241 (5312)
- lymphoma: 0.038159353662335714 (867)
- presented: 0.036396213047225144 (764)
- enhancement: 0.03578888697067244 (898)
- lesions: 0.03574313291162418 (1314)
- who: 0.034812006392839094 (941)
- consistent: 0.03273903545048755 (1064)
- bilateral: 0.03240340202053819 (2204)
- woman: 0.03084223355451416 (987)
- contrast: 0.02988712010637352 (1844)
- no: 0.026888879709493812 (35870)
- also: 0.026322181151096115 (2071)
- mass: 0.018569703233555696 (5255)
- history: 0.018440852151673178 (2881)
- year: 0.014939144832389293 (4271)
- old: 0.013670853075972728 (3947)
- to: 0.00667293919442166 (40381)
- a: 0.006196871903415645 (549576)
- and: 0.005625281429131827 (31978)
- with: 0.0036563805028090542 (23954)
- .: 0.0027734012576051776 (82185)
- of: 0.0018203718874685692 (41955)
