Texto: 
not available
no treatment required.
• bilateral cerebellopontine angle fluid lesions
• no internal structure
• signal tracks water, including dwi/adc
• no enhancement
arachnoid cyst
• arachnoid cyst
• epidermoid cyst
16 year old girl presents with left-sided vestibular dysfunction.


Keywords by value: 
- •: 0.21368377521762105 (8449)
- arachnoid: 0.1951695384962481 (381)
- cyst: 0.15657075927450698 (3901)
- dwi/adc: 0.15612746079343603 (11)
- tracks: 0.15309265641560596 (10)
- cerebellopontine: 0.12305275096146233 (36)
- vestibular: 0.11144307769405346 (83)
- water: 0.11011878432759947 (88)
- dysfunction: 0.1034736033392087 (111)
- left-sided: 0.09568973268132742 (124)
- epidermoid: 0.09251332490007383 (215)
- angle: 0.09117039498257368 (221)
- structure: 0.08820555660990469 (495)
- 16: 0.08788087576337114 (559)
- including: 0.07012315093165736 (392)
- required: 0.06990285254061963 (331)
- girl: 0.06828130524976814 (357)
- available: 0.06528906929181358 (447)
- internal: 0.06511081525860844 (516)
- no: 0.058666646638895585 (35870)
- fluid: 0.05519634328645121 (1076)
- enhancement: 0.052056562866432635 (898)
- lesions: 0.05199001150781699 (1314)
- signal: 0.05120623477892679 (1276)
- bilateral: 0.047132221120782816 (2204)
- presents: 0.0396737339888165 (1354)
- treatment: 0.039309476354565616 (1790)
- not: 0.028064060721407623 (5583)
- year: 0.021729665210748064 (4271)
- old: 0.019884877201414877 (3947)
- ,: 0.006152501489029258 (45533)
- with: 0.0026591858202247667 (23954)
- .: 0.0016136152771521035 (82185)
