Texto: 
right renal abscess.
renal abscess with subsequent ultrasound-guided drainage
right flank pain and fever


Keywords by value: 
- ultrasound-guided: 0.4278415434112085
- abscess: 0.3602448325512356
- renal: 0.3423300732610759
- flank: 0.2679818585579838
- drainage: 0.23825142726045703
- subsequent: 0.2217720465206541
- fever: 0.19275084177013108
- right: 0.12021756121472223
- pain: 0.06957387783538231
- and: 0.012000600382147897
- with: 0.007800278405992649
- .: 0.002366635739823085
