Texto: 
mixed solid/cystic lesion in the mesial right temporal lobe with avid enhancement and without significant surrounding edema.
gangliocytoma
• juvenile pilocytic astrocytoma
• dysembryoplastic neuroepithelial tumor (dnet)
• pleomorphic xanthroastrocyoma
• ganglioglioma
13 y.o. boy with seizures.


Keywords by value: 
- xanthroastrocyoma: 0.20989329580872615 (1)
- solid/cystic: 0.19338979150967983 (2)
- gangliocytoma: 0.1603827829115872 (9)
- mesial: 0.15757842491976853 (13)
- •: 0.1492394620567512 (8449)
- dysembryoplastic: 0.1470585974845533 (24)
- neuroepithelial: 0.13740466633912082 (24)
- avid: 0.13231956871297657 (90)
- dnet: 0.12737577431349456 (40)
- ganglioglioma: 0.1197935426201961 (66)
- pleomorphic: 0.11448060092223873 (76)
- juvenile: 0.11087227001444823 (90)
- pilocytic: 0.10709595977214734 (120)
- 13: 0.0918974134848866 (747)
- mixed: 0.0893553188318936 (201)
- seizures: 0.08747273493961519 (215)
- temporal: 0.08147359232414611 (421)
- astrocytoma: 0.0790083380636499 (413)
- boy: 0.06916004237918978 (395)
- surrounding: 0.06688488724678013 (472)
- y.o: 0.05872331982349285 (586)
- edema: 0.05754579736741168 (980)
- lobe: 0.054745841617226995 (1492)
- significant: 0.054710646453671984 (999)
- enhancement: 0.05453544681245324 (898)
- without: 0.04790507538948 (1213)
- tumor: 0.04743410241930503 (2333)
- lesion: 0.04144179109524892 (3600)
- right: 0.02146742164548611 (8044)
- (: 0.017199088720091918 (9594)
- ): 0.016988992669364406 (10569)
- in: 0.010033267384291783 (113220)
- with: 0.0055716274328518915 (23954)
- and: 0.004285928707909963 (31978)
- the: 0.003291649635800614 (67588)
- .: 0.002535681149810448 (82185)
