Texto: 
pathology report following biopsy: seminoma.
standard treatment is orchiectomy.
the left testicle is enlarged and heterogeneous in appearance with hypoechoic areas.
seminoma
abscess
hematoma
leukemia
lymphoma
sarcoid
3 months of enlarged and episodically painful left testicle.


Keywords by value: 
- seminoma: 0.259463944512196 (69)
- testicle: 0.23195489821561363 (169)
- episodically: 0.21501264448698776 (1)
- enlarged: 0.14222541806751252 (469)
- orchiectomy: 0.1355468752669516 (34)
- leukemia: 0.10694394207617522 (112)
- sarcoid: 0.10694394207617522 (356)
- standard: 0.10665529676771175 (112)
- painful: 0.0990714203136618 (128)
- hypoechoic: 0.09501310971069203 (169)
- report: 0.09329477651677469 (1124)
- pathology: 0.08530240073468981 (310)
- heterogeneous: 0.07663890626329282 (406)
- hematoma: 0.07416992386395341 (649)
- biopsy: 0.0739437376008966 (501)
- areas: 0.07013041881087968 (527)
- abscess: 0.06589844497888457 (839)
- appearance: 0.05960747748133272 (782)
- lymphoma: 0.05956582035096307 (867)
- following: 0.05915311602197923 (761)
- months: 0.05692539743146506 (910)
- 3: 0.0488042811391839 (8405)
- left: 0.046639281427947064 (7401)
- treatment: 0.04218577950246066 (1790)
- :: 0.02756767843879671 (11095)
- is: 0.027428818457791496 (65037)
- in: 0.010277981222933047 (113220)
- and: 0.008780927108888704 (31978)
- .: 0.0034633693753508563 (82185)
- the: 0.003371933773259166 (67588)
- with: 0.002853760392436335 (23954)
- of: 0.002841556117024108 (41955)
