Texto: 
spinal tap and culture: csf positive for streptococcus pneumonia

treatment with antibiotic therapy
• medial orbital wall fracture on left ("blow-out fracture")
- herniation of medal rectus muscle into ethmoid sinus
• increased signal intensity in csf on flair images
• fluid/debris level lateral ventricle
• enhancement over cerebral convexities left > right.
acute bacterial meningitis
• viral meningitis
• leptomeningeal tumor spread ("carcinomatous meningitis")
• subarachnoid hemorrhage
35 year old man who presents currently with fever, headache and photophobia.  three weeks ago, he was in an atv accident and suffered orbital trauma.
this patient suffered a left medial orbital fracture in an atv accident three weeks pta.


Keywords by value: 
- atv: 0.10952970540303517 (10)
- meningitis: 0.10813394608030771 (115)
- orbital: 0.09886206071143273 (336)
- •: 0.08917967854610744 (8449)
- suffered: 0.08648798150406534 (37)
- medal: 0.0716708814956626 (1)
- fluid/debris: 0.0716708814956626 (1)
- accident: 0.06310641448513507 (399)
- csf: 0.0580242984033498 (332)
- blow-out: 0.05710373133933694 (6)
- carcinomatous: 0.055850473779765736 (9)
- fracture: 0.05495303244567753 (2836)
- convexities: 0.053807267045774626 (13)
- pta: 0.052175797976976655 (838)
- tap: 0.05021513084838407 (374)
- three: 0.046839418347104235 (473)
- streptococcus: 0.04654045504559498 (25)
- medial: 0.04444389452991955 (921)
- photophobia: 0.04276561270306573 (35)
- leptomeningeal: 0.04128332362344008 (69)
- ethmoid: 0.040543715670548 (77)
- rectus: 0.040197702545191935 (106)
- weeks: 0.03943541068131949 (793)
- culture: 0.0370149475359771 (216)
- antibiotic: 0.035551765589237255 (445)
- bacterial: 0.035551765589237255 (117)
- viral: 0.03499722697113536 (117)
- ``: 0.03414853719726532 (0)
- subarachnoid: 0.03375674251914172 (187)
- spread: 0.03360477395806731 (175)
- '': 0.03349186182084948 (0)
- 35: 0.03197330488926933 (305)
- flair: 0.03185104572370396 (181)
- herniation: 0.030934009185936934 (428)
- pneumonia: 0.02871800565226431 (388)
- currently: 0.02752986012204925 (269)
- ventricle: 0.02603569363884901 (556)
- ago: 0.025859583908920722 (425)
- sinus: 0.025407796501158035 (907)
- intensity: 0.025111143710400824 (622)
- muscle: 0.024953782385580044 (802)
- spinal: 0.024876229352679562 (1010)
- cerebral: 0.024068670746049358 (595)
- headache: 0.02386167022411218 (758)
- fever: 0.023506200215869646 (569)
- left: 0.023319640713973532 (7401)
- hemorrhage: 0.02312403726972387 (714)
- >: 0.02308266272088264 (1162)
- positive: 0.02254378528686274 (589)
- wall: 0.02012324487998981 (1236)
- level: 0.020023488029649854 (1166)
- he: 0.01938363692709772 (91634)
- an: 0.01921406283389805 (75109)
- trauma: 0.01900007139640593 (1386)
- enhancement: 0.018621859887179158 (898)
- therapy: 0.01857431541659035 (1469)
- signal: 0.018317677481892513 (1276)
- who: 0.01811356430196506 (941)
- over: 0.01768815113934929 (1978)
- acute: 0.017153490480540615 (1548)
- increased: 0.016995811234143544 (1255)
- into: 0.016531108682599244 (1299)
- man: 0.01643034018772357 (4104)
- tumor: 0.01619701058220172 (2333)
- lateral: 0.015013561346541061 (4830)
- -: 0.0148921012903119 (21459)
- presents: 0.014192230044779887 (1354)
- treatment: 0.014061926500820221 (1790)
- images: 0.0133273487150354 (1966)
- on: 0.01177058556691753 (91641)
- (: 0.011745719125916432 (9594)
- ): 0.011602238896151303 (10569)
- in: 0.010277981222933047 (113220)
- :: 0.00918922614626557 (11095)
- was: 0.008034776603363308 (7680)
- this: 0.007814123685480756 (5602)
- year: 0.0077732135713245104 (4271)
- right: 0.007330339098458673 (8044)
- old: 0.007113289405384185 (3947)
- patient: 0.006964162039970635 (8535)
- for: 0.00592770852555053 (12260)
- ,: 0.004401789683207926 (45533)
- and: 0.004390463554444352 (31978)
- a: 0.0032243886326715552 (549576)
- with: 0.0019025069282908901 (23954)
- .: 0.0011544564584502854 (82185)
- of: 0.0009471853723413695 (41955)
