Texto: 
large occipital encephalocele
surgical resection of the fluid sac.
• large occipital encephalocele containing dystrophic neural tissue.

• chiari malformation of hind brain

• cervical cord syrinx
chiari iii hindbrain malformation with large occipital encephalocele
• chiari i malformation
• chiari ii malformation
• chiari iii malformation
• chiari iv malformation
new born baby girl with large occipital encephalocele


Keywords by value: 
- chiari: 0.5231813963114771 (174)
- encephalocele: 0.38853420761116947 (51)
- malformation: 0.33524721172193894 (511)
- occipital: 0.26145604502716047 (226)
- •: 0.1798213190355937 (8449)
- hind: 0.13315362694109104 (101)
- hindbrain: 0.13315362694109104 (3)
- iii: 0.13152450423715548 (242)
- large: 0.1225273725790872 (2420)
- syrinx: 0.09384386837062594 (54)
- dystrophic: 0.09311515095143195 (31)
- born: 0.07309523929962142 (190)
- containing: 0.07111773130308675 (116)
- neural: 0.07093249269236654 (214)
- baby: 0.06822226350506518 (127)
- sac: 0.06791294409023921 (629)
- ii: 0.06041999523022008 (783)
- i: 0.05790679828243459 (513494)
- cord: 0.05323235934762953 (753)
- iv: 0.05112172028624744 (11885)
- cervical: 0.05090313781297752 (1130)
- girl: 0.04925208903261964 (357)
- new: 0.04881619634099276 (569)
- resection: 0.04368714189377408 (574)
- brain: 0.04215330366070102 (978)
- fluid: 0.03981375581317792 (1076)
- tissue: 0.033203626040206456 (1668)
- surgical: 0.029446258528712355 (1704)
- with: 0.003836202494750483 (23954)
- of: 0.0038197967474750305 (41955)
- the: 0.002266381716452882 (67588)
- .: 0.0011639192163064352 (82185)
