Texto: 
large occipital encephalocele
surgical resection of the fluid sac.
• large occipital encephalocele containing dystrophic neural tissue.

• chiari malformation of hind brain

• cervical cord syrinx
chiari iii hindbrain malformation with large occipital encephalocele
• chiari i malformation
• chiari ii malformation
• chiari iii malformation
• chiari iv malformation
new born baby girl with large occipital encephalocele


Keywords by value: 
- chiari: 0.5231813963114771
- encephalocele: 0.38853420761116947
- malformation: 0.33524721172193894
- occipital: 0.26145604502716047
- •: 0.1798213190355937
- hind: 0.13315362694109104
- hindbrain: 0.13315362694109104
- iii: 0.13152450423715548
- large: 0.1225273725790872
- syrinx: 0.09384386837062594
- dystrophic: 0.09311515095143195
- born: 0.07309523929962142
- containing: 0.07111773130308675
- neural: 0.07093249269236654
- baby: 0.06822226350506518
- sac: 0.06791294409023921
- ii: 0.06041999523022008
- i: 0.05790679828243459
- cord: 0.05323235934762953
- iv: 0.05112172028624744
- cervical: 0.05090313781297752
- girl: 0.04925208903261964
- new: 0.04881619634099276
- resection: 0.04368714189377408
- brain: 0.04215330366070102
- fluid: 0.03981375581317792
- tissue: 0.033203626040206456
- surgical: 0.029446258528712355
- with: 0.003836202494750483
- of: 0.0038197967474750305
- the: 0.002266381716452882
- .: 0.0011639192163064352
