Texto: 
negative for ligamentous instability.
none
mr images of the right knee demonstrate a t1 hypointense, t2 hyperintense, and pd hyperintense 1.1 cm well circumscribed lesion in the fibular metaphysis.
simple bone cyst
simple cyst.
male with right knee pain and complains of "catching" while walking up stairs.
see factoid


Keywords by value: 
- simple: 0.14773151712204935 (166)
- hyperintense: 0.1244793075404621 (240)
- catching: 0.12051944341949447 (7)
- knee: 0.1087189727214132 (954)
- pd: 0.10495272070018039 (305)
- fibular: 0.09890288760734302 (49)
- stairs: 0.09385583370468019 (34)
- 1.1: 0.09331598004385995 (69)
- ligamentous: 0.08533815272605386 (90)
- cyst: 0.08057442582547727 (3901)
- instability: 0.07713469852929648 (185)
- walking: 0.07692458991444182 (108)
- metaphysis: 0.0745819339034853 (128)
- hypointense: 0.07111130682752179 (143)
- complains: 0.06967247960540188 (129)
- circumscribed: 0.06663576468686971 (255)
- factoid: 0.052551499887967305 (369)
- mr: 0.0476350784552006 (2711)
- t1: 0.04751746554779375 (949)
- while: 0.047169284909689704 (538)
- negative: 0.044774037918857444 (803)
- see: 0.04474065282857523 (2684)
- t2: 0.04243138190790091 (1171)
- up: 0.040313107913231984 (7615)
- cm: 0.040209756452929575 (1802)
- bone: 0.03725324002561175 (2205)
- none: 0.03718806152470187 (942)
- ``: 0.036844474344417844 (0)
- '': 0.03613595617512707 (0)
- demonstrate: 0.03449916037426387 (3313)
- well: 0.03391370092927458 (2228)
- right: 0.03163620031966374 (8044)
- lesion: 0.030536056596499203 (3600)
- images: 0.02875901564823428 (1966)
- male: 0.02710886908574514 (2906)
- pain: 0.01830891521983745 (5051)
- for: 0.012791371028819562 (12260)
- ,: 0.009498598790080259 (45533)
- in: 0.007392933862109735 (113220)
- a: 0.00695789125997546 (549576)
- and: 0.006316105464288366 (31978)
- the: 0.004850852094864063 (67588)
- of: 0.004087852659578541 (41955)
- .: 0.002491195515603247 (82185)
- with: 0.0020527048436822758 (23954)
