Texto: 
neurological exam and physician exam negative.
no nuchal rigidity nor photophobia
gamma knife stereotactic radiosurgery
• calcified lesion left temporal lobe on ct scan
• cta and mri both demonstrate a 2 cm avm nidus in left temporal lobe • dilated feeding arteries (especially left pca)
• enlarge draining veins
• angiogram confirms diagnosis of avm
avm, arterio-venous malformation, vascular malformation
vascular malformation
arteriovenous malformation
37 year old woman presents to outside hospital with severe headache.  ct scan reveals calcified lesion in left temporal lobe.


Keywords by value: 
- malformation: 0.14818898489158172 (511)
- avm: 0.13273650963923636 (220)
- temporal: 0.11158339818306967 (421)
- •: 0.08516382345629825 (8449)
- arterio-venous: 0.080752435465724 (5)
- calcified: 0.0797396510250662 (261)
- lobe: 0.07497800047576741 (1492)
- nuchal: 0.07193797659380737 (11)
- radiosurgery: 0.06975677338226226 (13)
- pca: 0.06713544667773086 (26)
- enlarge: 0.06713544667773086 (781)
- rigidity: 0.06568401849702953 (21)
- stereotactic: 0.06325854511317942 (24)
- vascular: 0.0609087666939934 (1123)
- nidus: 0.060406759629837124 (33)
- knife: 0.05849490455957991 (39)
- photophobia: 0.05717576480953353 (35)
- gamma: 0.05628187243739253 (49)
- scan: 0.0520059013137604 (1175)
- nor: 0.04964155632518629 (5303)
- draining: 0.04933535114076568 (81)
- confirms: 0.04933535114076568 (74)
- arteriovenous: 0.04874766395304529 (119)
- cta: 0.04846532170953159 (1266)
- feeding: 0.04765980027307808 (115)
- 37: 0.04667097659692889 (248)
- angiogram: 0.044928121704807374 (193)
- veins: 0.04443620223102345 (166)
- physician: 0.043782898708526655 (167)
- left: 0.04156979431621368 (7401)
- exam: 0.04080943347716387 (2159)
- neurological: 0.04019048490814938 (208)
- outside: 0.038960976164259906 (208)
- arteries: 0.038450040921043274 (281)
- especially: 0.038230446276287626 (230)
- lesion: 0.037838157086966404 (3600)
- reveals: 0.036339649459728514 (273)
- hospital: 0.034968439836610035 (409)
- dilated: 0.03375099354990901 (410)
- headache: 0.031902015625715194 (758)
- severe: 0.028579454348543525 (682)
- negative: 0.027740436536683417 (803)
- ct: 0.0259848620302618 (27172)
- cm: 0.024912566498010713 (1802)
- both: 0.02371956511615349 (1020)
- woman: 0.02145546682053159 (987)
- demonstrate: 0.021374479797098268 (3313)
- mri: 0.02133995494472413 (1820)
- diagnosis: 0.021328470986743692 (1487)
- 2: 0.02000113583163637 (13754)
- presents: 0.0189743945163905 (1354)
- year: 0.01039244857905342 (4271)
- old: 0.009510158661546246 (3947)
- no: 0.009352653811997848 (35870)
- in: 0.009160809350875107 (113220)
- on: 0.007868380569189435 (91641)
- (: 0.007851757893955005 (9594)
- ): 0.007755844479492446 (10569)
- ,: 0.005885001424288856 (45533)
- to: 0.004642044656988981 (40381)
- a: 0.0043108674110717525 (549576)
- and: 0.003913239255048227 (31978)
- with: 0.0012717845227161928 (23954)
- of: 0.0012663456608477002 (41955)
- .: 0.0011575935683917264 (82185)
