Texto: 
n/a
conservative management
• radiographic
4.3 x 3 cm area of geographic lytic lesion in the left proximal femoral head.

• ct
geographic sclerotic and lytic lesion in the left femoral head. 

• scintigraphic
rim of intense increased radiotracer uptake in the left femoral head with central photopenia (doughnut sign)
avascular necrosis of the femoral head
• avascular necrosis
• metastatic or primary neoplastic disease
• infection
• trauma
52 y.o. man presents with trouble urinating.
one year ago, previously presented to ed for left hip pain with radiographs demonstrating only djd.  medications include only intermittent nsaid use for left hip pain. (djd)
the exact cause of the osteonecrosis in this patient is not definitively known.


Keywords by value: 
- djd: 0.10176458329644457
- femoral: 0.1015936880201189
- geographic: 0.09173561632500091
- •: 0.08569609735290012
- head: 0.07573754095543425
- avascular: 0.07351007124676855
- urinating: 0.0634560253391137
- lytic: 0.05976696620605878
- doughnut: 0.05804081299098912
- photopenia: 0.05366881464774363
- hip: 0.053185505814241536
- necrosis: 0.05270469864757351
- nsaid: 0.050137680868501
- trouble: 0.04629020832867448
- definitively: 0.04404269213764494
- 4.3: 0.04372377030545545
- scintigraphic: 0.04312251217157945
- exact: 0.041321546088674506
- osteonecrosis: 0.04109508095685222
- only: 0.04014705716382712
- left: 0.03734786208097323
- 52: 0.03556905114785299
- intense: 0.035352023303266464
- neoplastic: 0.03416302474590767
- radiotracer: 0.03115003661456404
- sclerotic: 0.02988348310302939
- medications: 0.029777907172039368
- demonstrating: 0.02898103867238998
- intermittent: 0.028656437087133165
- rim: 0.028257979630474005
- ed: 0.028214935444450803
- previously: 0.028045091798853884
- lesion: 0.027196175406257104
- conservative: 0.026662820641361083
- uptake: 0.026523308005423532
- use: 0.026386243086275803
- radiographic: 0.02533878431084948
- management: 0.025191651901997198
- ago: 0.024849443912478505
- n/a: 0.024181301932492863
- sign: 0.023128488295031804
- cause: 0.022587989269937235
- x: 0.022023955744902166
- central: 0.02196586997546843
- radiographs: 0.021142740946891662
- known: 0.02112539909737359
- area: 0.021108095657298962
- proximal: 0.020043306107086056
- primary: 0.019776439553872628
- infection: 0.019406379484943805
- y.o: 0.019268589317083595
- include: 0.018727761625236615
- trauma: 0.01825788110748382
- presented: 0.018198106523612572
- one: 0.018091651432114407
- cm: 0.017905907170445202
- metastatic: 0.016805542215750705
- increased: 0.01633191235780981
- pain: 0.01630637761766773
- man: 0.01578853002414062
- 3: 0.01563262130239484
- presents: 0.013637846058655671
- in: 0.013168663441882967
- for: 0.011392314822542424
- (: 0.01128690197256032
- ): 0.011149026439270392
- disease: 0.010912012040747689
- not: 0.00964702087298387
- ct: 0.009338309792125335
- or: 0.007824396476278965
- this: 0.007508884479016664
- year: 0.007469572416194646
- patient: 0.006692124460284281
- the: 0.006480435220482459
- is: 0.004392896706130669
- of: 0.0036407437749371384
- to: 0.00333646959721083
- with: 0.002742285377106791
- ,: 0.0021149223868538077
- .: 0.0019413808803236245
- and: 0.0014063203572829567
