Texto: 
there is homogeneous increased attenuation of the posterior chamber of both globes.  incidentally, there were no abnormal intracranial findings.
silicone globe injection
• silicone ocular injection
• bilateral vitreal hemorrhages
60 year old woman with headaches.
this patient received vitrectomy and silicone injections secondary to hemorrhagic retinitis and detachments.


Keywords by value: 
- silicone: 0.3087456603302786 (73)
- vitreal: 0.16325034118456477 (1)
- detachments: 0.15041428228530654 (2)
- injection: 0.1476742476542295 (207)
- vitrectomy: 0.13757822338604828 (6)
- retinitis: 0.13757822338604828 (6)
- globes: 0.12256099715981997 (11)
- chamber: 0.11575127900935113 (23)
- hemorrhages: 0.11190610558753178 (20)
- injections: 0.09850020115740774 (39)
- ocular: 0.09588763452296505 (179)
- globe: 0.0919513115232674 (87)
- homogeneous: 0.07490432962038579 (192)
- hemorrhagic: 0.07383712382711476 (182)
- received: 0.07354317291681309 (163)
- incidentally: 0.07173844446957767 (149)
- 60: 0.06903559423581693 (445)
- intracranial: 0.06687984697943894 (292)
- attenuation: 0.06362261241529701 (324)
- headaches: 0.060489672945764406 (322)
- •: 0.05803756857762547 (8449)
- there: 0.04710057616536995 (3976)
- abnormal: 0.04513133778360947 (1526)
- secondary: 0.044241295676089025 (822)
- both: 0.040411110938631874 (1020)
- increased: 0.038712681144438064 (1255)
- bilateral: 0.038404032024341554 (2204)
- woman: 0.0365537582868316 (987)
- posterior: 0.03647478793893423 (1753)
- were: 0.035931228457220764 (1679)
- findings: 0.03368216547759184 (1669)
- this: 0.017798837283595055 (5602)
- year: 0.017705653134683606 (4271)
- old: 0.016202492534486197 (3947)
- no: 0.015934150938959293 (35870)
- patient: 0.015862813535488664 (8535)
- is: 0.010412792192309733 (65037)
- to: 0.007908668674870115 (40381)
- and: 0.006667000212304387 (31978)
- ,: 0.0050131493614312475 (45533)
- of: 0.004314955585110683 (41955)
- .: 0.0026295952664700945 (82185)
- the: 0.002560171938956033 (67588)
- with: 0.0021667440016646246 (23954)
