Texto: 
hyperreflexia both legs
none
mri:
high signal changes in thoracic spinal cord on t2 images.
punctate vascular structures noted on margins of cord.
vascular enhancement along cord borders.

ct myelogram:
dilated vascular structures on surface of thoracic spinal cord
spinal dural arteriovenous fistula
cord avm
hemangioblastoma
multiple sclerosis
adem
82 year old male with one year history of progressive weakness in legs and spacticity
spinal angiography failed to confirm diagnosis.
due to patients age, renal status, and vascular disease all radicular arteries could not be catheterized. 

mri of spine on this patient at outside hospital was interpreted as showing thoracic cord syrinx.


Keywords by value: 
- cord: 0.17395574572528935
- spinal: 0.10927772179927092
- vascular: 0.1000644024258463
- thoracic: 0.08823368319922102
- legs: 0.08260470860607272
- spacticity: 0.0787099859282723
- catheterized: 0.07252117181612994
- structures: 0.05875116937204847
- hyperreflexia: 0.05652331941230801
- myelogram: 0.05580865237950858
- syrinx: 0.05111139259471591
- radicular: 0.04895815994456512
- interpreted: 0.048049385888226354
- 82: 0.04722462410134229
- adem: 0.04599961408782903
- punctate: 0.044525687745333956
- failed: 0.042611313894035246
- borders: 0.042456030476964994
- hemangioblastoma: 0.04215333805128926
- arteriovenous: 0.04004272396143006
- confirm: 0.038835806297427805
- angiography: 0.03833687363319158
- fistula: 0.037415585809662734
- dural: 0.036988299906290996
- avm: 0.03634452049645757
- showing: 0.035113540190893994
- mri: 0.03505849740918964
- margins: 0.03465218295389113
- surface: 0.0336794045272076
- outside: 0.03200365899207064
- arteries: 0.031583962185142686
- progressive: 0.030155706384315202
- hospital: 0.028724075580072526
- weakness: 0.028335815652039145
- could: 0.028147838784201358
- dilated: 0.027724030415996682
- sclerosis: 0.027404600298449506
- status: 0.027235065367693333
- on: 0.02585325044162243
- along: 0.025214766757665322
- spine: 0.02512592451790489
- age: 0.023222413620931307
- renal: 0.022923888834447046
- changes: 0.021866499787813038
- t2: 0.02159454257812814
- all: 0.021579674012779382
- high: 0.02087987554532871
- one: 0.02067617306527361
- enhancement: 0.02045079255466996
- due: 0.020359617437078925
- :: 0.02018347885697616
- signal: 0.02011673509172124
- patients: 0.0197462017800538
- both: 0.01948392848826894
- none: 0.018926067025964343
- noted: 0.018084117754041014
- diagnosis: 0.017519815453396606
- year: 0.017073308379873475
- multiple: 0.016069696459636327
- images: 0.014636284749547803
- male: 0.013796478016852439
- disease: 0.012470870903711644
- be: 0.01176568502985651
- as: 0.011540870588340427
- not: 0.011025166711981565
- ct: 0.01067235404814324
- history: 0.010537629800956102
- at: 0.010337171007425294
- was: 0.008823906448336489
- this: 0.00858158226173333
- old: 0.007811916043412987
- patient: 0.007648142240324892
- to: 0.007626216222196183
- in: 0.007524950538218837
- ,: 0.004834108312808703
- of: 0.004160850028499586
- and: 0.003214446530932472
- .: 0.0019017608623578361
- with: 0.0010446801436597298
