Texto: 
non-contributory
surgical removal
• complex extra-ventricular mass in cerebellum
• cystic and solid components
• nodular enhancement
• minimal or no hydrocephalus
juvenile pilocytic astrocytoma
• juvenile pilocytic astrocytoma
• ependymoma
• hemangioblastoma
• abscess
6 y.o. girl with a two week history of headaches and a two day history of vomiting
the patient's maternal uncle was also diagnosed with a jpa as a child.


Keywords by value: 
- •: 0.1843546295995162 (8449)
- juvenile: 0.1369598629590243 (90)
- pilocytic: 0.13229500913029965 (120)
- extra-ventricular: 0.12963997682303674 (1)
- uncle: 0.10925329504186188 (65)
- jpa: 0.10597177222841761 (5)
- astrocytoma: 0.09759853525509694 (413)
- maternal: 0.07914016499237282 (40)
- two: 0.07198033051811781 (791)
- hemangioblastoma: 0.06942902737859409 (101)
- cerebellum: 0.06251720930145091 (122)
- components: 0.06162567074532686 (122)
- ependymoma: 0.056251262311584733 (232)
- child: 0.05500506777548046 (574)
- hydrocephalus: 0.0540272774627035 (250)
- nodular: 0.05271190892811634 (392)
- complex: 0.05032192467079613 (318)
- solid: 0.050122744889799696 (476)
- removal: 0.04954089782794394 (264)
- minimal: 0.04947764662354114 (368)
- headaches: 0.04803591675104821 (322)
- vomiting: 0.04797880645654236 (307)
- non-contributory: 0.046412297179512896 (287)
- diagnosed: 0.046208752305808905 (363)
- girl: 0.044182021043967616 (357)
- week: 0.04267669732835629 (1278)
- day: 0.03989646807871955 (1324)
- abscess: 0.03973288594315099 (839)
- 6: 0.03753117884374815 (5312)
- y.o: 0.03627028577333383 (586)
- cystic: 0.036244598636055274 (1209)
- history: 0.03471219228550245 (2881)
- enhancement: 0.03368365832533876 (898)
- 's: 0.027706567917162427 (1676)
- surgical: 0.02641502603310961 (1704)
- also: 0.024773817553972812 (2071)
- a: 0.023329400106976546 (549576)
- as: 0.019008492733737174 (55990)
- mass: 0.01747736774922889 (5255)
- or: 0.014728275720054522 (60128)
- was: 0.014533492973730688 (7680)
- no: 0.0126535904515265 (35870)
- patient: 0.012596940160535117 (8535)
- in: 0.006197018090297867 (113220)
- and: 0.0052943825215358365 (31978)
- with: 0.0034412992967614627 (23954)
- of: 0.0034265823764114242 (41955)
- the: 0.002033077716229791 (67588)
- .: 0.0010441040028631257 (82185)
