Texto: 
reddish colored retrotympanic mass
surgical resction pending.
4 mm mass arising from the promontory of cochlea.
no associated bone erosion.
glomus tympanicum and glomus jugulare tumors (paraganglioma)
otitis media
glomus jugulare tumor
high riding juglar bulb
54 year old female with left sided tinnitus and mild hearing loss.


Keywords by value: 
- glomus: 0.304628550766183 (46)
- jugulare: 0.24121975299897971 (14)
- resction: 0.16325034118456477 (1)
- juglar: 0.16325034118456477 (1)
- retrotympanic: 0.15041428228530654 (2)
- promontory: 0.14290566917219236 (3)
- reddish: 0.1334459353987481 (6)
- colored: 0.12721496805391083 (17)
- tympanicum: 0.12474216448679003 (11)
- cochlea: 0.12060987649948986 (36)
- riding: 0.10972493826056173 (25)
- tinnitus: 0.10687029604153842 (23)
- otitis: 0.10364152961293142 (38)
- bulb: 0.10154285025539433 (100)
- media: 0.10089301099963006 (1931)
- paraganglioma: 0.0979473685064877 (62)
- 54: 0.08354543205115422 (195)
- erosion: 0.07992053247474505 (208)
- hearing: 0.07796941181441493 (181)
- pending: 0.06847267799166191 (263)
- arising: 0.0655074771247404 (227)
- tumors: 0.05943919180871298 (533)
- sided: 0.058509752095308246 (654)
- mm: 0.05818879919990751 (5525)
- loss: 0.04593452171237851 (858)
- 4: 0.04409207231813046 (7367)
- mass: 0.04401707433139128 (5255)
- high: 0.043306408538459545 (1383)
- mild: 0.041671360257984014 (1287)
- bone: 0.03932286447147907 (2205)
- associated: 0.03734189929458707 (1317)
- tumor: 0.03689319077057058 (2333)
- surgical: 0.033263366115767655 (1704)
- female: 0.03253259761940432 (1301)
- from: 0.023452513206559486 (3282)
- year: 0.017705653134683606 (4271)
- left: 0.017705653134683606 (7401)
- old: 0.016202492534486197 (3947)
- no: 0.015934150938959293 (35870)
- (: 0.013377069004515935 (9594)
- ): 0.013213660965061205 (10569)
- and: 0.006667000212304387 (31978)
- .: 0.0026295952664700945 (82185)
- the: 0.002560171938956033 (67588)
- with: 0.0021667440016646246 (23954)
- of: 0.0021574777925553413 (41955)
