Texto: 
• absent clavicles
• multiple wormian bones
• platyspondyly
• widened pubic symphysis
• squared iliac bones
cleidocranial dysplasia
cleidocranial dyplasia
3 y.o. boy with a questionable bone dysplasia.


Keywords by value: 
- cleidocranial: 0.4793047782481682 (6)
- platyspondyly: 0.26201197559375977 (2)
- •: 0.25274425025740127 (8449)
- squared: 0.24893245597736735 (3)
- dyplasia: 0.24893245597736735 (3)
- bones: 0.2326472432983921 (274)
- wormian: 0.23245421004943218 (5)
- dysplasia: 0.21761940086740028 (406)
- clavicles: 0.20702010165058476 (12)
- symphysis: 0.19297758322291234 (24)
- pubic: 0.17688109399326754 (62)
- widened: 0.16380157437687515 (45)
- questionable: 0.1556946573355556 (56)
- iliac: 0.13747230749567604 (209)
- absent: 0.11946873018096629 (200)
- boy: 0.09370070257825713 (395)
- y.o: 0.07956062685763549 (586)
- bone: 0.06849789295031838 (2205)
- 3: 0.06454759763569483 (8405)
- multiple: 0.05805825817675061 (1682)
- a: 0.012793541994148427 (549576)
- with: 0.003774328260964185 (23954)
- .: 0.002290292651441695 (82185)
