Texto: 
confused man with bilateral upper and lower extremity weakness.
supportive
• bilateral thalamic infarcts
• left occipital lobe infarction 
• brainstem infarct
• bilateral cerebellar infarcts
basilar artery thrombosis, cerebral infarction
basilar artery thrombosis
top of the basilar embolization syndrome
69 year old man with sudden onset of aphasia and decreasing level of consciousness.


Keywords by value: 
- basilar: 0.236041320193693 (187)
- infarcts: 0.1612635339926453 (105)
- thrombosis: 0.12870259463694894 (328)
- infarction: 0.12254415595888034 (301)
- •: 0.10996591941023774 (8449)
- bilateral: 0.10914830154286546 (2204)
- thalamic: 0.10394994151000585 (75)
- decreasing: 0.09558285252596532 (31)
- 69: 0.09441282841195354 (104)
- aphasia: 0.09441282841195354 (42)
- artery: 0.08928175410905961 (1331)
- confused: 0.0886722510223322 (46)
- brainstem: 0.08403801286370786 (69)
- top: 0.08037564770823226 (1345)
- consciousness: 0.07610844928926827 (98)
- man: 0.07090988923122804 (4104)
- occipital: 0.06995095941516136 (226)
- embolization: 0.0698111669651758 (243)
- sudden: 0.06926287672826167 (155)
- infarct: 0.06651996321263547 (647)
- supportive: 0.06629062844829595 (159)
- cerebellar: 0.06465999489549867 (289)
- weakness: 0.05567739215839271 (434)
- extremity: 0.05482735034460417 (530)
- cerebral: 0.05193765792568545 (595)
- onset: 0.04732317940219561 (524)
- level: 0.04320857943240231 (1166)
- syndrome: 0.042875553977800726 (1256)
- lobe: 0.040339041191640945 (1492)
- upper: 0.03617685097138102 (1489)
- lower: 0.03371687840989233 (1849)
- left: 0.016773776653910784 (7401)
- year: 0.016773776653910784 (4271)
- old: 0.015349729769513237 (3947)
- and: 0.006316105464288366 (31978)
- of: 0.006131778989367812 (41955)
- ,: 0.004749299395040129 (45533)
- with: 0.0041054096873645515 (23954)
- the: 0.0024254260474320315 (67588)
- .: 0.0012455977578016235 (82185)
