Texto: 
noncontributory
surgical resection.
avidly enhancing mass involving the posterior nasal cavity and pterygopalatine fossa and extending into the oral pharynx with erosion of the clivus.
juvenile nasopharyngeal angiofibroma
• juvenile nasopharyngeal angiofibroma
• angiomatous polyp
19 year old with congestion and possible nasal mass.


Keywords by value: 
- angiofibroma: 0.26282813167452085 (23)
- nasopharyngeal: 0.252133900683844 (35)
- juvenile: 0.19815469534497132 (90)
- nasal: 0.1800234444806777 (273)
- angiomatous: 0.16418949224039123 (7)
- pterygopalatine: 0.1580685970818427 (6)
- pharynx: 0.12491658393191613 (101)
- avidly: 0.1238252372428193 (21)
- clivus: 0.12278714864346968 (34)
- polyp: 0.10349520649755468 (245)
- congestion: 0.09907734767248566 (77)
- erosion: 0.09182359050289858 (208)
- noncontributory: 0.08717062878024262 (113)
- 19: 0.08383661916522014 (1027)
- cavity: 0.07958180018580152 (221)
- oral: 0.07660814183739388 (1487)
- fossa: 0.07410211980215169 (300)
- •: 0.06668146177003778 (8449)
- involving: 0.06379589923411264 (400)
- possible: 0.061233664231576 (472)
- extending: 0.061121681890208446 (456)
- enhancing: 0.05702028793371828 (642)
- resection: 0.056700333096174865 (574)
- mass: 0.05057280880627934 (5255)
- into: 0.04326226314807887 (1299)
- posterior: 0.041907203163881884 (1753)
- surgical: 0.03821748447343518 (1704)
- year: 0.020342665303679036 (4271)
- old: 0.018615629720473502 (3947)
- and: 0.01148993653609905 (31978)
- the: 0.008824422427891008 (67588)
- with: 0.0049789011102080736 (23954)
- of: 0.002478804272297626 (41955)
- .: 0.002265927836000826 (82185)
