Texto: 
noncontributory
radical nephrectomy
images reveal a 5.9 x 5 x 4 cm mass arising from the upper pole of the right kidney that appears to contain a central low-attenuation poorly enhancing presumed scar.
renal oncocytoma
>oncocytoma
>renal cell carcinoma (rcc)
>angiomyolipoma
>metanephric adenoma
>renal cyst
>xanthogranulomatous pyelonephritis
6 cm right renal mass found incidentally on ct scan


Keywords by value: 
- >: 0.25810613769714225 (1162)
- oncocytoma: 0.16840672381651564 (38)
- renal: 0.1556045787550345 (1899)
- metanephric: 0.11256400095222133 (7)
- 5.9: 0.1020617709437373 (25)
- low-attenuation: 0.10027717949439816 (10)
- xanthogranulomatous: 0.09868080804503716 (14)
- rcc: 0.08743933312489507 (37)
- x: 0.0854262525862872 (21286)
- radical: 0.08105731092676927 (48)
- angiomyolipoma: 0.07805995117934625 (91)
- pyelonephritis: 0.07555874284056671 (87)
- nephrectomy: 0.07341252288506632 (80)
- presumed: 0.07341252288506632 (54)
- contain: 0.07153293729915755 (298)
- cm: 0.06945321569142382 (1802)
- scar: 0.06755772117086223 (242)
- poorly: 0.0631989018912898 (119)
- noncontributory: 0.0620760538283546 (113)
- pole: 0.06029146237901546 (245)
- incidentally: 0.058695090929654456 (149)
- reveal: 0.05764974439197337 (1096)
- adenoma: 0.05406809623948503 (638)
- arising: 0.05359702673842396 (227)
- appears: 0.048192860921170436 (329)
- kidney: 0.04561187053106076 (1021)
- central: 0.04260047510393877 (709)
- found: 0.04080341840078958 (642)
- enhancing: 0.04060535655885999 (642)
- 6: 0.0386684872935587 (5312)
- 5: 0.03788121852188126 (8237)
- carcinoma: 0.03669587378811919 (1515)
- scan: 0.036246537279287554 (1175)
- 4: 0.0360753318966522 (7367)
- mass: 0.036013969907501955 (5255)
- cell: 0.034973344114871005 (1988)
- cyst: 0.034793502061001555 (3901)
- upper: 0.03124364402073816 (1489)
- right: 0.02732217300334596 (8044)
- images: 0.024837331696202336 (1966)
- that: 0.022363344372103383 (3273)
- from: 0.019188419896275944 (3282)
- ct: 0.018110661415030954 (27172)
- a: 0.012018175812684887 (549576)
- on: 0.010968045641900426 (91641)
- (: 0.010944874640058493 (9594)
- ): 0.010811177153231896 (10569)
- to: 0.006470728915802823 (40381)
- the: 0.004189372263746236 (67588)
- of: 0.0017652091029998248 (41955)
- .: 0.0005378717590507012 (82185)
