Texto: 
decreased o2 saturation
increased respiratory rate
chest wall: left breast reconstruction with saline implant
pulmonary signs on ct:
filling defects in pulmonary vessels
cardiac signs on ct:
septal bowing (predictor of short term death)
rv dilation
increased ratio of pulmonary art: aorta
decrease in size of left atrium and pulmonary veins (decreased pulmonary venous return) 
dilatation of ivc, hepatic veins, coronary sinus, azygous vein 
increased ratio of right to left ventricle rv:lv
pulmonary embolism, right heart strain
pulmonary embolism
this 76 y.o. woman, s/p abdominal surgery, now has sudden onset of chest pain and sob. with decreased o2 saturation of 76% on room air


Keywords by value: 
- pulmonary: 0.14208009895561335 (1648)
- rv: 0.11420746267867388 (4214)
- saturation: 0.08181022422842663 (74)
- o2: 0.07973163282176182 (157)
- 76: 0.07848023377889796 (118)
- ratio: 0.07704034113919966 (2143)
- embolism: 0.06798031602824167 (226)
- veins: 0.06647366837811639 (166)
- art: 0.06603553856428092 (6152)
- decreased: 0.0619696683591356 (680)
- predictor: 0.05858602041896259 (5)
- increased: 0.050987433702430626 (1255)
- lv: 0.049129509770135915 (3240)
- signs: 0.048900421690830156 (450)
- azygous: 0.04654045504559498 (62)
- saline: 0.04617905860192967 (47)
- :: 0.04594613073132785 (11095)
- bowing: 0.04457978791700239 (47)
- implant: 0.04375228633724677 (174)
- strain: 0.04276561270306573 (98)
- sob: 0.040543715670548 (89)
- reconstruction: 0.040197702545191935 (70)
- atrium: 0.039090936900276645 (93)
- coronary: 0.039090936900276645 (157)
- septal: 0.03785882390737257 (144)
- death: 0.037486388655085634 (98)
- ivc: 0.0370149475359771 (145)
- return: 0.03517790287995414 (232)
- chest: 0.03324762601719543 (1824)
- short: 0.0327481843998736 (517)
- dilation: 0.0327481843998736 (157)
- sudden: 0.03209743067895054 (155)
- defects: 0.031911945493859714 (191)
- term: 0.03179059874413064 (1017)
- decrease: 0.03179059874413064 (853)
- room: 0.029868738759868604 (199)
- aorta: 0.029821332903683297 (345)
- dilatation: 0.029774201865599346 (233)
- s/p: 0.029141543147251314 (261)
- hepatic: 0.0290121492016749 (501)
- respiratory: 0.02884276638132659 (258)
- filling: 0.027969431026685636 (291)
- vessels: 0.027969431026685636 (276)
- rate: 0.027079036507933685 (5034)
- cardiac: 0.026462087747568867 (446)
- ventricle: 0.02603569363884901 (556)
- breast: 0.02563055238886628 (1038)
- sinus: 0.025407796501158035 (907)
- venous: 0.02521776925574902 (857)
- vein: 0.02513766928466762 (782)
- heart: 0.024138858934217678 (585)
- now: 0.02374890723334673 (1220)
- air: 0.023506200215869646 (1776)
- left: 0.023319640713973532 (7401)
- size: 0.023291673751046925 (636)
- onset: 0.021930253869310166 (524)
- wall: 0.02012324487998981 (1236)
- y.o: 0.02005186530558293 (586)
- ct: 0.019435831762472246 (27172)
- on: 0.017655878350376294 (91641)
- abdominal: 0.01736519705790338 (1376)
- surgery: 0.01686991109235996 (1277)
- %: 0.01620586205972364 (2175)
- woman: 0.01604799144299924 (987)
- right: 0.014660678196917345 (8044)
- ,: 0.013205369049623775 (45533)
- has: 0.013046341223530716 (2768)
- (: 0.011745719125916432 (9594)
- ): 0.011602238896151303 (10569)
- pain: 0.008484619248217357 (5051)
- this: 0.007814123685480756 (5602)
- in: 0.006851987481955366 (113220)
- of: 0.0066302976063895855 (41955)
- to: 0.003472098442625905 (40381)
- and: 0.002926975702962902 (31978)
- with: 0.0019025069282908901 (23954)
- .: 0.0005772282292251427 (82185)
