Texto: 
intracranial pressure >100 mmhg. in phenobarbitol coma.
no intracerebral blood flow.
brain death
brain death
patient involved in a motor vehicle collision while riding bicycle without a helmet


Keywords by value: 
- death: 0.2881766127859708 (98)
- phenobarbitol: 0.24115331672807463 (3)
- helmet: 0.23216325196395649 (6)
- bicycle: 0.2068216827071962 (9)
- intracerebral: 0.190858381964509 (16)
- riding: 0.18516083331469793 (25)
- coma: 0.16817285060879225 (941)
- collision: 0.1671807037864616 (44)
- mmhg: 0.16264376597882105 (51)
- brain: 0.16070947020642262 (978)
- 100: 0.1348658985511323 (291)
- vehicle: 0.12435114115671939 (282)
- intracranial: 0.11285974177780321 (292)
- involved: 0.11201280647224723 (225)
- motor: 0.11151544849393788 (384)
- pressure: 0.1048729034319481 (419)
- >: 0.08872398483339264 (1162)
- flow: 0.08825168365182863 (681)
- while: 0.0840202887453848 (538)
- blood: 0.07288784601591561 (1000)
- without: 0.0628754114486925 (1213)
- no: 0.026888879709493812 (35870)
- patient: 0.026768497841137124 (8535)
- in: 0.026337326883765933 (113220)
- a: 0.02478748761366258 (549576)
- .: 0.0033280815091262135 (82185)
