Texto: 
tension pneumothorax
extreme shortness of breath


Keywords by value: 
- tension: 0.9199469263270281
- extreme: 0.9199469263270281
- pneumothorax: 0.6685828965388736
- shortness: 0.5991937664813622
- breath: 0.532519593041558
- of: 0.01941730013299807
