Texto: 
tension pneumothorax
extreme shortness of breath


Keywords by value: 
- tension: 0.9199469263270281 (1122)
- extreme: 0.9199469263270281 (97)
- pneumothorax: 0.6685828965388736 (309)
- shortness: 0.5991937664813622 (211)
- breath: 0.532519593041558 (438)
- of: 0.01941730013299807 (41955)
