Texto: 
scars from previous breast augmentation surgery.  no palpable breast masses.
no treatment.
routine annual screening mammograms.
multiple small round high density nodules in the upper outer quadrant of the left breast.
mild bilateral surgery-related scarring.
silicone granulomas of the breast (based on review of old films and surgical history)
differential diagnosis for single or multiple small well-defined breast mass(es) not associated with calcifications or fat density:
1.	cyst(s)
2.	fibroadenoma(s)
3.	single papilloma/papillomatosis
4.	carcinoma (especially mucinous or papillary)
5.	hamartoma
6.	silicone granuloma(s)
53 y.o. female with history of previous complication related to silicone breast implant s/p implant removal.


Keywords by value: 
- breast: 0.1513227813038665 (1038)
- silicone: 0.1333781252626804 (73)
- implant: 0.08610449951170164 (174)
- surgery-related: 0.07052414739173199 (1)
- papilloma/papillomatosis: 0.07052414739173199 (1)
- s: 0.05881842401075009 (414481)
- es: 0.057648644092259185 (58537)
- single: 0.055418564647846905 (287)
- previous: 0.05309360317877274 (523)
- augmentation: 0.04941168875480992 (19)
- scars: 0.04579580776486546 (24)
- density: 0.04498610170975935 (574)
- granulomas: 0.043866511310330356 (43)
- mammograms: 0.04331456833843474 (37)
- fibroadenoma: 0.04331456833843474 (49)
- mucinous: 0.04101311175882049 (86)
- scarring: 0.039895016219819224 (57)
- hamartoma: 0.03737906958059973 (115)
- 53: 0.03688660643660426 (157)
- outer: 0.03631081843960354 (111)
- well-defined: 0.0351734225293592 (88)
- papillary: 0.03470545287590633 (172)
- (: 0.034673362859705306 (9594)
- annual: 0.034263351446505934 (116)
- ): 0.034249809221438644 (10569)
- granuloma: 0.03360318325700191 (365)
- complication: 0.03352436488545781 (401)
- 6.: 0.03321663463883545 (583)
- small: 0.0314972045500979 (1623)
- review: 0.029628245084879642 (222)
- round: 0.029532435556505914 (1271)
- 5.: 0.0294849576723474 (784)
- screening: 0.029160275431426772 (242)
- multiple: 0.028796896055668302 (1682)
- s/p: 0.02867527845689529 (261)
- nodules: 0.028340150923222014 (303)
- films: 0.028218011146175705 (268)
- related: 0.028218011146175705 (331)
- especially: 0.028137608459347693 (230)
- routine: 0.02741157355319998 (253)
- removal: 0.026950248418401504 (264)
- 4.: 0.026915839763206384 (926)
- based: 0.026069522898135685 (378)
- calcifications: 0.02541731003706202 (461)
- palpable: 0.024228968340798324 (406)
- quadrant: 0.024059007471888435 (508)
- or: 0.02403654597512898 (60128)
- 3.: 0.023390993697125818 (1190)
- masses: 0.023108739183968698 (522)
- 2.: 0.021739553134402064 (1513)
- differential: 0.021703678634823437 (536)
- 1.: 0.021353513330380807 (1783)
- fat: 0.020791298583053067 (1111)
- y.o: 0.019731035460693602 (586)
- carcinoma: 0.019375421360126932 (1515)
- history: 0.018883432603313335 (2881)
- high: 0.018708368488614527 (1383)
- cyst: 0.01837096908820882 (3901)
- mild: 0.018002027631449095 (1287)
- surgery: 0.0165999925148822 (1277)
- bilateral: 0.01659054183451555 (2204)
- upper: 0.016496644042949746 (1489)
- associated: 0.016131700495261615 (1317)
- diagnosis: 0.01569775464624336 (1487)
- surgical: 0.014369774162011628 (1704)
- female: 0.014054082171582669 (1301)
- treatment: 0.013836935676807096 (1790)
- no: 0.013767106411260832 (35870)
- from: 0.010131485705233699 (3282)
- not: 0.009878549373935484 (5583)
- mass: 0.009507688055580516 (5255)
- :: 0.009042198527925321 (11095)
- left: 0.007648842154183318 (7401)
- old: 0.006999476774898037 (3947)
- for: 0.005832865189141721 (12260)
- on: 0.0057911280989234246 (91641)
- of: 0.00372812162553563 (41955)
- to: 0.00341654486754389 (40381)
- in: 0.0033711778411220396 (113220)
- the: 0.003317982832887019 (67588)
- .: 0.0022719703102301618 (82185)
- with: 0.0018720668174382357 (23954)
- and: 0.0014400720458577476 (31978)
