Texto: 
cold right lower leg
she was treated with fibrinolysis (ukidan), pta, and stenting
• the preliminary angiography shows occlusion of the common iliac right artery and the poplitea also.
• we proceeds, through iliac crossover, positioning a 4 f multihole straight catheter inside the iliac thrombus: bolus of 300.000 u. of ukidan and beginning of fibrinolysis therapy with pomp infusion
• after 24 hs (60.000 u./h ukidan) partial reopening of the vascular light: we proceeds to direct positioning a self expandable stent [memotherm] dilated with 10mm ball
• we proceed therefore to positioning another 4 f multihole straight catheter inside the popliteo thrombus: bolus of 300.000 u. of ukidan and beginning of new fibrinolysis therapy with pomp infusion
• good final result after 48 hs
arterial thrombus seen on angiogram
arterial occlusion iliac and popliteal arteries
• arterial occlusion
• arterial stenosis
52 y.o. woman with history of atrial fibrillation suddenly she feels pain to the right lower leg


Keywords by value: 
- ukidan: 0.20265559595325283
- fibrinolysis: 0.14004088350700952
- multihole: 0.10132779797662642
- 300.000: 0.10132779797662642
- pomp: 0.10132779797662642
- iliac: 0.09796877085898753
- positioning: 0.0979314518627129
- proceeds: 0.09336058900467302
- u.: 0.09336058900467302
- hs: 0.08870007052067112
- arterial: 0.0859849335340844
- we: 0.07755224673155497
- bolus: 0.07486130265485577
- thrombus: 0.07440877161441782
- occlusion: 0.07347657814424065
- inside: 0.06689409368290238
- infusion: 0.06432922527699192
- •: 0.06304080724811043
- beginning: 0.0611380558908048
- straight: 0.052494519332380904
- f: 0.05125068502617134
- poplitea: 0.05066389898831321
- crossover: 0.05066389898831321
- 60.000: 0.05066389898831321
- u./h: 0.05066389898831321
- reopening: 0.05066389898831321
- expandable: 0.05066389898831321
- memotherm: 0.05066389898831321
- popliteo: 0.05066389898831321
- catheter: 0.04719526692705936
- leg: 0.038622957570216054
- preliminary: 0.03803617153235792
- proceed: 0.03803617153235792
- pta: 0.03688289167338004
- 10mm: 0.035496902841099076
- suddenly: 0.035496902841099076
- feels: 0.03344704684145119
- self: 0.03289928718740335
- stenting: 0.031939206241063306
- fibrillation: 0.031116787599450243
- popliteal: 0.02975823140367881
- cold: 0.029608946999062368
- ball: 0.029608946999062368
- stent: 0.02763324849847142
- she: 0.027572254499473245
- 4: 0.02736749316297753
- final: 0.026498998876870877
- therapy: 0.026260239037248424
- 52: 0.026165738775432084
- ]: 0.02569950001214261
- [: 0.02562534251308567
- atrial: 0.025131420502736677
- angiography: 0.024676608315617573
- 48: 0.02402752549274059
- angiogram: 0.023755098832426887
- direct: 0.023197672016407867
- therefore: 0.023197672016407867
- light: 0.02291496946358734
- lower: 0.02209036861337773
- another: 0.021114108433700218
- good: 0.021014155889379132
- arteries: 0.020329906693884948
- after: 0.020321852903554052
- partial: 0.0196399754163721
- :: 0.01948749682742526
- stenosis: 0.019238265993283717
- 24: 0.019094580348424997
- result: 0.018840138833034262
- dilated: 0.017845352911446143
- new: 0.01711372400460091
- vascular: 0.016102317631745383
- right: 0.015545374295007184
- treated: 0.01470029216140149
- artery: 0.01462373558682873
- y.o: 0.014174594440153449
- through: 0.013948028841499245
- shows: 0.013502147699591257
- common: 0.012852110413542513
- woman: 0.011344269813154633
- seen: 0.009704756408435001
- also: 0.009681721802702018
- (: 0.008303008347630581
- ): 0.008201582667969025
- to: 0.007363243249017004
- history: 0.006782842170730365
- ,: 0.006223219896949135
- of: 0.006026058661964919
- pain: 0.005997748089257096
- was: 0.0056797558747913035
- the: 0.005561752832904486
- and: 0.005172672578512024
- a: 0.00455861841170806
- on: 0.004160293174513954
- with: 0.0033621889681002795
- .: 0.0004080406447970836
