Texto: 
no neurological deficit.
surgical
image one: vertebral artery flow is reversed. image 2/3: lao and ap views of aortogram. abrupt cutoff of left subclavian artery at origin. bovine arch. image 4: delayed images show subclavian steal. image 5: companion case of partial steal/ vertebral artery reversal.
subclavian steal
subclavian stenosis and steal
inominate artery stenosis and steal
asvd, trauma, emboli, congenital, surgical, neoplastic.
70 y/o female with dizziness.


Keywords by value: 
- steal: 0.3195166639493574
- subclavian: 0.20284516873083674
- image: 0.12414833331616748
- artery: 0.11835023219107901
- steal/: 0.10250602818565696
- inominate: 0.10250602818565696
- cutoff: 0.09444617724891341
- asvd: 0.09444617724891341
- bovine: 0.08638632631216986
- lao: 0.08379163385502789
- aortogram: 0.07987916598733935
- vertebral: 0.07864642838168043
- stenosis: 0.07784786704258992
- reversed: 0.07573178291828433
- 2/3: 0.07573178291828433
- reversal: 0.06418234369723452
- abrupt: 0.061501836038957404
- companion: 0.060208514700466426
- emboli: 0.05378911258069852
- dizziness: 0.05327223162057254
- :: 0.052570921673984417
- deficit: 0.05126510670584006
- neoplastic: 0.05084729264507188
- 70: 0.04774404910062982
- origin: 0.0455544026048324
- arch: 0.04471750144640113
- neurological: 0.0429944722273226
- surgical: 0.04177259930817334
- views: 0.04095597208420937
- delayed: 0.040441631910060234
- partial: 0.03973669444707843
- ap: 0.03633905778653997
- congenital: 0.03633905778653997
- flow: 0.03283783577742461
- show: 0.030501813191763094
- 5: 0.02907163281911818
- 4: 0.027685719827663317
- y/o: 0.027518942207205122
- trauma: 0.027174520718115453
- one: 0.026927109108263302
- case: 0.02173842363799152
- female: 0.020427445016835275
- images: 0.01906120804592272
- ,: 0.015738957297516707
- at: 0.01346236224222829
- left: 0.011117503131080404
- no: 0.010005164543067465
- is: 0.00653826486493867
- and: 0.006279383920891341
- of: 0.004064086074348433
- .: 0.0037150677311176337
- with: 0.0013605136754638342
