Texto: 
gross deformity about the wrist with tenderness to touch.
orif by orthopedics.
there is a fracture through the growth plate with dorsal displacment of the epiphysis relative to the proximal long bone and associated soft tissue swelling.
salter harris fracture type 1
fracture
salter harris 1 (epiphyseal) fracture.
9 year old boy who fell off a play structure - now with pain in his right wrist.


Keywords by value: 
- salter: 0.1568349580988543
- harris: 0.15445108475667266
- fracture: 0.12345612768617965
- displacment: 0.11126535949871989
- wrist: 0.10816394447975111
- play: 0.08277985892776324
- orif: 0.07612906693075364
- epiphyseal: 0.07371960574631989
- orthopedics: 0.07093057896219332
- epiphysis: 0.06422443888933434
- touch: 0.0631619973229525
- dorsal: 0.05958370281249198
- plate: 0.05867012233990742
- fell: 0.056001789113070646
- gross: 0.05576145610415408
- relative: 0.05576145610415408
- 1: 0.05570757172492347
- off: 0.05346388408534858
- structure: 0.05316499302514803
- growth: 0.05089934241290821
- deformity: 0.05040712310844159
- 9: 0.04838787253737684
- about: 0.04512407542608564
- long: 0.04035919877853046
- now: 0.0400152820507075
- boy: 0.0397907093140544
- type: 0.03946060586776589
- swelling: 0.03899740909563195
- tenderness: 0.03560153866961141
- proximal: 0.03514442714667144
- his: 0.03373820585817715
- through: 0.03324598655371053
- who: 0.030520115193721945
- bone: 0.02908814632136808
- soft: 0.028505846082103423
- tissue: 0.02774549573222731
- associated: 0.02762277482065345
- -: 0.025092170667237856
- by: 0.01949138223623116
- there: 0.017420761047465597
- pain: 0.01429600229494157
- year: 0.013097332455793352
- right: 0.01235111930288242
- old: 0.01198540543646924
- to: 0.01170049612172565
- a: 0.010865747995030171
- (: 0.009895366112929595
- ): 0.009774488933058973
- is: 0.007702613402530488
- the: 0.00757530327143155
- in: 0.005772564796441848
- with: 0.004808390798214646
- and: 0.0024658767908523073
- .: 0.002431475075160704
- of: 0.001595942476684773
