Texto: 
fever, leukocytosis and diarrhea.
abdominal exam limited.
n/a
abdominal ct demonstrates diffuse colonic wall thickening and a shaggy endoluminal contour.  mucosal and submucosal edema results in "accordian pattern" or "target sign."
pseudomembranous colitis
pseudomembranous colitis
inflammatory bowel disease
typhlitis
ischemic colitis
radiation colitis
other infectious colitis
22 year old male oif patient s/p blast injury and several weeks of antibiotic therapy.
ct findings in this patient were consistent with a diagnosis of pesudomembranous colitis.  while the "accordian sign", produced by diffuse bowel wall thickening from mucosal and submucosal  edema, is not pathgnomonic for pseudo membranous colitis, it is highly suggestive of the diagnosis.  in this case, imaging findings were confirmed with fecal cultures.


Keywords by value: 
- colitis: 0.24862642630643825 (203)
- accordian: 0.11692282023179376 (4)
- pseudomembranous: 0.09470559191674184 (17)
- submucosal: 0.08203516730764156 (42)
- mucosal: 0.0667999875257916 (156)
- pesudomembranous: 0.06678423048459468 (1)
- pathgnomonic: 0.06678423048459468 (1)
- typhlitis: 0.056282000476110663 (5)
- shaggy: 0.05459151902676059 (9)
- oif: 0.05459151902676059 (5)
- endoluminal: 0.05321029511165487 (7)
- pseudo: 0.05204248693114534 (448)
- membranous: 0.04861835720581915 (44)
- ``: 0.04773034176435948 (0)
- '': 0.04681248868141461 (0)
- fecal: 0.04626869865806279 (27)
- sign: 0.04485525002672835 (3330)
- blast: 0.04447787458181862 (844)
- thickening: 0.04388825105595988 (530)
- bowel: 0.04060535655885999 (1076)
- leukocytosis: 0.03984977547331125 (36)
- diffuse: 0.03919708212689871 (824)
- target: 0.039029975589673124 (66)
- wall: 0.03750241091270828 (1236)
- edema: 0.036620052870171074 (980)
- produced: 0.03656465437425927 (99)
- colonic: 0.03527754045914262 (145)
- diarrhea: 0.03358705900979255 (92)
- cultures: 0.033308165274014395 (107)
- antibiotic: 0.03312778157178926 (445)
- abdominal: 0.032362412698819926 (1376)
- ischemic: 0.03152695510461345 (166)
- contour: 0.03138401204170145 (144)
- highly: 0.031174530743743045 (117)
- diagnosis: 0.029730595920915454 (1487)
- were: 0.02939827782863517 (1679)
- 22: 0.028875546348644237 (392)
- infectious: 0.027832233844423016 (227)
- suggestive: 0.027657064015477153 (200)
- findings: 0.027558135390756966 (1669)
- limited: 0.0273184262964021 (232)
- s/p: 0.027154619750847816 (261)
- results: 0.026132897037459444 (268)
- pattern: 0.024745775295994532 (355)
- confirmed: 0.024343936387021193 (298)
- n/a: 0.023448535207265808 (371)
- inflammatory: 0.022449363213575938 (519)
- fever: 0.021903504746605806 (569)
- radiation: 0.02124432764819952 (533)
- several: 0.02081130936153324 (511)
- injury: 0.020637943499157575 (916)
- while: 0.02036855484736601 (538)
- weeks: 0.018373316340160217 (793)
- ct: 0.018110661415030954 (27172)
- therapy: 0.017307884820004643 (1469)
- consistent: 0.015873471733569722 (1064)
- imaging: 0.015167225942845475 (1530)
- other: 0.014921504156836731 (2604)
- this: 0.014562685050214137 (5602)
- it: 0.014551881701007702 (53878)
- exam: 0.014221469242041956 (2159)
- case: 0.014162912370206598 (2053)
- demonstrates: 0.014141069709493834 (1423)
- patient: 0.012978665619945273 (8535)
- male: 0.011706102559753585 (2906)
- by: 0.010779325024582384 (2984)
- disease: 0.01058134500920988 (3336)
- ,: 0.010254169148382099 (45533)
- from: 0.009594209948137972 (3282)
- in: 0.009577209775914886 (113220)
- not: 0.009354686907135874 (5583)
- is: 0.008519557248253418 (65037)
- or: 0.00758729355275536 (60128)
- year: 0.007243221736916021 (4271)
- and: 0.006818522944402214 (31978)
- old: 0.006628292400471626 (3947)
- a: 0.006009087906342444 (549576)
- for: 0.00552354658062663 (12260)
- of: 0.002647813654499737 (41955)
- .: 0.0021514870362028047 (82185)
- the: 0.002094686131873118 (67588)
- with: 0.0017727905468165111 (23954)
