Texto: 
laboratory and nuclear medicine findings consistent with paget disease of skull
none required
• thickened left frontal skull on ct scan
• thick trabecula in middle table (diploic space)
• loss of marrow fat signal on mr in frontal bone
• increased calvarial activity on nuclear bone scan
paget disease
• osteoblastic metastatic disease
• hyperostosis frontalis
• osteoma
• fibrous dysplasia
• paget disease
50 year old woman with known disease presents now with trigeminal neuralgia


Keywords by value: 
- paget: 0.17992332835673844
- •: 0.17852062233370874
- nuclear: 0.11161516903043658
- trabecula: 0.09768235614301757
- skull: 0.09213591623778909
- frontalis: 0.09121620900673921
- disease: 0.08840111020352559
- diploic: 0.08013432625542402
- neuralgia: 0.08013432625542402
- calvarial: 0.07730972434005427
- hyperostosis: 0.07084357720377592
- osteoblastic: 0.0694090368834341
- frontal: 0.0679567578350217
- trigeminal: 0.06771876609071863
- osteoma: 0.06427656716054594
- table: 0.06397871276294854
- scan: 0.060563834441341224
- thick: 0.05676943143898946
- bone: 0.05375784003695873
- medicine: 0.05130815809074357
- thickened: 0.048505212686812176
- marrow: 0.047585729349597344
- fibrous: 0.04372438301591231
- dysplasia: 0.042697477385376006
- 50: 0.04115187362840259
- activity: 0.040582868718753655
- laboratory: 0.03986192070701349
- middle: 0.03955897429927136
- required: 0.03893323432642106
- now: 0.036976146705084145
- space: 0.03577920262122322
- mr: 0.034369613568942206
- known: 0.03422849474004835
- fat: 0.03289762434027384
- loss: 0.03139828066415746
- signal: 0.028519928231300996
- on: 0.02748953211514284
- metastatic: 0.0272292329571657
- none: 0.026831892492506414
- consistent: 0.02652276289659751
- increased: 0.0264618326810083
- woman: 0.024986113259353245
- findings: 0.02302325235177164
- presents: 0.022096763234277544
- ct: 0.01513042599230434
- left: 0.012102598345226768
- year: 0.012102598345226768
- old: 0.011075121479269045
- in: 0.010668284307348225
- (: 0.009143819319542537
- ): 0.009032122684978544
- with: 0.00444319656037556
- of: 0.0029494633113414793
- and: 0.002278595009268588
