Texto: 
n/a
follow-up and possible surgical excision
• multiple t2 hyperintense lesions in the basal ganglia and cerebellum.
• bilateral optic gliomas.
optic gliomas in a patient with neurofibromatosis 1.
• optic gliomas
• optic meningiomas
• optic neuritis
• demyelinating disease
• vasculitis
• low grade astrocytomas
6 year old boy for follow-up


Keywords by value: 
- optic: 0.3531880374647166 (368)
- gliomas: 0.30200703180099386 (56)
- •: 0.22385919308512683 (8449)
- astrocytomas: 0.10580619046554167 (27)
- meningiomas: 0.10222278518943181 (53)
- follow-up: 0.09928703540863364 (523)
- neuritis: 0.09668430432686326 (41)
- demyelinating: 0.09444924820268458 (44)
- neurofibromatosis: 0.08430667610257853 (93)
- ganglia: 0.07808691370493182 (121)
- vasculitis: 0.07808691370493182 (125)
- cerebellum: 0.07591375415176183 (122)
- basal: 0.0695631696096138 (202)
- hyperintense: 0.06335107615898518 (240)
- excision: 0.06262947726009452 (255)
- grade: 0.05812208558841018 (661)
- n/a: 0.055271547274269396 (371)
- boy: 0.05187003178439234 (395)
- possible: 0.051392539622929855 (472)
- 6: 0.04557357431026561 (5312)
- t2: 0.04318908515625628 (1171)
- low: 0.042431572372614274 (6753)
- lesions: 0.04084929475614192 (1314)
- bilateral: 0.03703245945204364 (2204)
- 1: 0.036309399427851906 (15898)
- multiple: 0.032139392919272654 (1682)
- surgical: 0.03207538875449024 (1704)
- disease: 0.024941741807423288 (3336)
- year: 0.017073308379873475 (4271)
- old: 0.015623832086825974 (3947)
- patient: 0.015296284480649784 (8535)
- in: 0.015049901076437675 (113220)
- for: 0.013019788368619912 (12260)
- a: 0.007082139318189308 (549576)
- and: 0.006428893061864944 (31978)
- the: 0.0024687372268504607 (67588)
- with: 0.0020893602873194596 (23954)
- .: 0.0019017608623578361 (82185)
