Texto: 
physical exam suspicious for varicocele.  no abnormal enlargement of testis.
patient referred to urology.
findings demonstrate multiple dilated blood vessels adjacent to the left testis.  the vessels are 3+mm in diameter and dilate with the valsalva maneuver.
varicocele
varicocele
21 year old male with left testicular pain.
this case demonstrates a varicocele on the left side, the more common location for such entities.


Keywords by value: 
- varicocele: 0.33381107977861035 (53)
- testis: 0.14660846510766967 (72)
- 3+mm: 0.12416223132347182 (1)
- dilate: 0.10868881880701955 (413)
- vessels: 0.09690816947274178 (276)
- entities: 0.08269125978591631 (19)
- valsalva: 0.0812816336090574 (25)
- maneuver: 0.08000034095827252 (36)
- urology: 0.07449518168099066 (91)
- testicular: 0.06175636091722794 (295)
- suspicious: 0.05795828250949411 (134)
- 21: 0.05446138779701873 (409)
- diameter: 0.05063609294208695 (229)
- enlargement: 0.04775448459838163 (295)
- referred: 0.0454159358233189 (346)
- dilated: 0.043733681782980684 (410)
- location: 0.041981798407097086 (803)
- side: 0.04169642960231086 (2155)
- left: 0.0403988141946302 (7401)
- adjacent: 0.038054031607524894 (562)
- such: 0.03762440549071623 (696)
- abnormal: 0.03432524282133678 (1526)
- blood: 0.03285086017618732 (1000)
- common: 0.031496721295160526 (1580)
- more: 0.030101074779044595 (1268)
- physical: 0.02952824323353857 (1030)
- demonstrate: 0.02769650903285973 (3313)
- exam: 0.026439914647176595 (2159)
- case: 0.02633104835024325 (2053)
- demonstrates: 0.02629043945990403 (1423)
- findings: 0.025617421630844503 (1669)
- multiple: 0.02534938033069393 (1682)
- male: 0.021763458280105258 (2906)
- for: 0.020538257708245498 (12260)
- are: 0.016406674260980306 (8518)
- pain: 0.014698706584939925 (5051)
- this: 0.013537143849494832 (5602)
- year: 0.013466271398210067 (4271)
- old: 0.01232302249101767 (3947)
- no: 0.01211893170005355 (35870)
- patient: 0.012064675083329408 (8535)
- to: 0.01203008756177426 (40381)
- on: 0.010195648061484902 (91641)
- the: 0.009735865119973649 (67588)
- in: 0.005935172255496548 (113220)
- a: 0.005585912701670441 (549576)
- ,: 0.003812817824187146 (45533)
- .: 0.0034999542631186467 (82185)
- with: 0.0032958922842222464 (23954)
- and: 0.002535338108904485 (31978)
- of: 0.0016408986027885695 (41955)
