Texto: 
sagging of the brain, thickened linear pachymeningeal enhancement, effacement of the basal cisterns, and small bilateral subdural fluid collections.
intracranial hypotension
• intracranial hypotension
• meningitis
45 female with worsening has over past 6 weeks.
no trauma or procedures. worse with cough, sneeze, going from standing to sitting positions.


Keywords by value: 
- hypotension: 0.18041377536242717
- sagging: 0.15199169696493964
- sneeze: 0.15199169696493964
- pachymeningeal: 0.12809007004907944
- intracranial: 0.12453488747895526
- positions: 0.11064867502014013
- going: 0.09719766540721642
- cisterns: 0.09069259245650145
- sitting: 0.09069259245650145
- effacement: 0.08083420756761046
- subdural: 0.07975627037827711
- procedures: 0.07975627037827711
- collections: 0.07924156411707571
- standing: 0.07849721632629625
- meningitis: 0.07643951360849338
- 45: 0.06806868919846407
- basal: 0.0671644396230754
- thickened: 0.06606744486652004
- worse: 0.06526000866507005
- linear: 0.06245795815648772
- worsening: 0.058008275351737894
- cough: 0.0564526703242771
- •: 0.05403497764123751
- past: 0.04681378399907645
- brain: 0.0443336469534959
- 6: 0.04400207174784266
- fluid: 0.04187308801041126
- weeks: 0.04181513373967497
- trauma: 0.040293254857895325
- enhancement: 0.03949118562281097
- over: 0.03751107914034418
- bilateral: 0.035755478091628344
- small: 0.0339409531789848
- female: 0.03028897019737644
- has: 0.027667240870590998
- ,: 0.02333707461355926
- from: 0.021835098502658832
- or: 0.017267633602822543
- no: 0.014835243977651758
- to: 0.007363243249017004
- the: 0.004767216713918131
- with: 0.004034626761720336
- of: 0.004017372441309946
- and: 0.0031036035471072145
- .: 0.002448243868782502
