Texto: 
intramedullary mass which enhances with contrast administration
ependymoma cervical spinal cord
ependymoma
astrocytoma
ganglioglioma
metastatic disease
myelitis
multiple sclerosis
presented with upper extremity weakness and neck pain


Keywords by value: 
- ependymoma: 0.2833396916435379 (232)
- myelitis: 0.2215668548114919 (357)
- intramedullary: 0.1958947370129754 (43)
- ganglioglioma: 0.18634551074252728 (66)
- enhances: 0.14949610855018403 (121)
- administration: 0.13139482462604332 (208)
- astrocytoma: 0.12290185921012207 (413)
- cord: 0.12026570074834819 (753)
- weakness: 0.11754116122327349 (434)
- extremity: 0.11574662850527546 (530)
- cervical: 0.11500338542931958 (1130)
- sclerosis: 0.11367834197875351 (540)
- spinal: 0.11332504482887355 (1010)
- neck: 0.09293493100068453 (1226)
- presented: 0.08627250500082996 (764)
- metastatic: 0.07967071865244778 (1079)
- upper: 0.07637335205069327 (1489)
- contrast: 0.07084354395584834 (1844)
- multiple: 0.06665948161034328 (1682)
- which: 0.05907942915713143 (2234)
- disease: 0.051731020045026076 (3336)
- mass: 0.04401707433139128 (5255)
- pain: 0.03865215435299017 (5051)
- with: 0.008666976006658498 (23954)
- and: 0.006667000212304387 (31978)
