Texto: 
normal neurologic examination
detachable platinum coils placed
• ct - hyperdense mass in the suprasellar cistern
• angio - giant right internal carotid terminus aneurysm
giant aneurysm
• pituitary adenoma
• meningioma
• metastatic disease
• aneurysm
74 year old hypertensive man who presents with acute onset headache.


Keywords by value: 
- aneurysm: 0.20678198663530425 (855)
- •: 0.19187930835868014 (8449)
- giant: 0.16796073706832984 (159)
- terminus: 0.16576267843686843 (2)
- platinum: 0.157487880312212 (5)
- detachable: 0.15161681760911444 (4)
- angio: 0.14334201948445802 (1352)
- coils: 0.11118821620367395 (37)
- hypertensive: 0.1031493532300599 (62)
- 74: 0.09966719982126881 (128)
- suprasellar: 0.09503337429809848 (91)
- cistern: 0.09320455473300283 (163)
- pituitary: 0.08740650879210697 (251)
- hyperdense: 0.08718823758564274 (126)
- carotid: 0.078202281678738 (322)
- -: 0.07476442688605565 (21459)
- neurologic: 0.07282641534297983 (446)
- adenoma: 0.07282641534297983 (638)
- placed: 0.07059045202641806 (549)
- meningioma: 0.06706304768275663 (444)
- headache: 0.05989766199113873 (758)
- internal: 0.058466854517934104 (516)
- onset: 0.05504941277398265 (524)
- examination: 0.054212715009685004 (634)
- who: 0.0454687430437082 (941)
- metastatic: 0.04390019191053245 (1079)
- acute: 0.0430587618184999 (1548)
- man: 0.04124350700183672 (4104)
- presents: 0.035625393785876036 (1354)
- disease: 0.02850484777991233 (3336)
- normal: 0.02733902968569594 (4858)
- ct: 0.02439395211004169 (27172)
- mass: 0.024254306264236008 (5255)
- year: 0.019512352434141116 (4271)
- right: 0.01840064712470238 (8044)
- old: 0.017855808099229684 (3947)
- in: 0.0085999434722501 (113220)
- the: 0.0028214139735433835 (67588)
- with: 0.0023878403283650964 (23954)
- .: 0.0007244803285172709 (82185)
