Texto: 
normal neurologic examination
detachable platinum coils placed
• ct - hyperdense mass in the suprasellar cistern
• angio - giant right internal carotid terminus aneurysm
giant aneurysm
• pituitary adenoma
• meningioma
• metastatic disease
• aneurysm
74 year old hypertensive man who presents with acute onset headache.


Keywords by value: 
- aneurysm: 0.20678198663530425
- •: 0.19187930835868014
- giant: 0.16796073706832984
- terminus: 0.16576267843686843
- platinum: 0.157487880312212
- detachable: 0.15161681760911444
- angio: 0.14334201948445802
- coils: 0.11118821620367395
- hypertensive: 0.1031493532300599
- 74: 0.09966719982126881
- suprasellar: 0.09503337429809848
- cistern: 0.09320455473300283
- pituitary: 0.08740650879210697
- hyperdense: 0.08718823758564274
- carotid: 0.078202281678738
- -: 0.07476442688605565
- neurologic: 0.07282641534297983
- adenoma: 0.07282641534297983
- placed: 0.07059045202641806
- meningioma: 0.06706304768275663
- headache: 0.05989766199113873
- internal: 0.058466854517934104
- onset: 0.05504941277398265
- examination: 0.054212715009685004
- who: 0.0454687430437082
- metastatic: 0.04390019191053245
- acute: 0.0430587618184999
- man: 0.04124350700183672
- presents: 0.035625393785876036
- disease: 0.02850484777991233
- normal: 0.02733902968569594
- ct: 0.02439395211004169
- mass: 0.024254306264236008
- year: 0.019512352434141116
- right: 0.01840064712470238
- old: 0.017855808099229684
- in: 0.0085999434722501
- the: 0.0028214139735433835
- with: 0.0023878403283650964
- .: 0.0007244803285172709
