Texto: 
transposition of the great vessels
previous history of repair of transposition of the great arteries.


Keywords by value: 
- transposition: 0.7813211333131201
- great: 0.5820794175758532
- arteries: 0.22108773529599882
- vessels: 0.2150150010176458
- repair: 0.21386817985088355
- previous: 0.207396887417081
- history: 0.07376340860669271
- of: 0.029125950199497107
- the: 0.017281160587953225
- .: 0.002218721006084142
