Texto: 
unremarkable
multiple bilateral solid renal masses.  many of the masses contain macroscopic fat.
angiomyolipomas in tuberous sclerosis
multiple angiomyolipomas, renal cysts, renal cell carcinoma.
follow-up for known history of tuberous sclerosis.


Keywords by value: 
- angiomyolipomas: 0.33013341745212366 (22)
- tuberous: 0.2543051113401723 (111)
- renal: 0.20817369319930293 (1899)
- sclerosis: 0.1659089315365592 (540)
- masses: 0.15614012962141013 (522)
- macroscopic: 0.15020059151202747 (31)
- contain: 0.1275992935606594 (298)
- multiple: 0.09728681099887941 (1682)
- many: 0.09492468961911954 (247)
- solid: 0.09211747709476702 (476)
- cysts: 0.09047184548192884 (578)
- unremarkable: 0.07646125455897462 (465)
- follow-up: 0.07513613490383086 (523)
- known: 0.0730824617422654 (769)
- fat: 0.0702408735913955 (1111)
- carcinoma: 0.06545750459502342 (1515)
- cell: 0.062384884096796926 (1988)
- bilateral: 0.0560491278193093 (2204)
- history: 0.03189769020829955 (2881)
- for: 0.0197056256389923 (12260)
- ,: 0.014632976514447968 (45533)
- in: 0.011389114328115 (113220)
- of: 0.006297502745837213 (41955)
- .: 0.0038377876861995976 (82185)
- the: 0.0037364671541520486 (67588)
