Texto: 
necrotizing enterocolitis
preemie with abdominal distention and fevers.


Keywords by value: 
- preemie: 0.9024856937118392 (2)
- enterocolitis: 0.6311138008930387 (44)
- necrotizing: 0.5540974474974892 (69)
- distention: 0.5074470202130155 (85)
- fevers: 0.4513253592066815 (128)
- abdominal: 0.23732435979134614 (1376)
- and: 0.02000100063691316 (31978)
- with: 0.013000464009987748 (23954)
- .: 0.003944392899705142 (82185)
