Texto: 
pain on weight bearing
widening of the left femoral physis with posteromedial slippage of the proximal femoral epiphysis.
slipped capital femoral epiphysis
slipped capital femoral epiphysis
10 year old white female with left hip pain.
- salter harris i fracture through the femoral epiphysis
- often occurs during growth spurts in overweight    adolescents (m>f 2.4:1)
- bilateral 20-40%

classifications:
preslip: physis blurring with femoral neck demineralization
acute slip: line of klein fails to intersect the femoral head, smaller appearing epiphysis due to the slip
chronic slip: sclerosis at metaphysis

loder classification: stable vs. unstable based on weightbearing status

complications include avascular necrosis (10-15%), chondrolysis, osteoarthritis, limb-length discrepancy


Keywords by value: 
- epiphysis: 0.18458204877643333 (130)
- femoral: 0.17918886705910733 (704)
- slip: 0.16591556585996323 (88)
- capital: 0.08813610392280782 (50)
- slipped: 0.0852648983040054 (50)
- physis: 0.08113317760372996 (462)
- spurts: 0.069413530897374 (1)
- 2.4:1: 0.069413530897374 (1)
- preslip: 0.069413530897374 (1)
- klein: 0.069413530897374 (1)
- loder: 0.069413530897374 (2)
- limb-length: 0.06395567908194136 (3)
- chondrolysis: 0.05849782726650872 (4)
- intersect: 0.05674079142938896 (11)
- slippage: 0.05409140373945815 (12)
- 20-40: 0.05303997545107608 (9)
- classifications: 0.05303997545107608 (8)
- overweight: 0.05211254997346676 (10)
- weightbearing: 0.051282939613956316 (19)
- blurring: 0.050532465757229354 (14)
- demineralization: 0.050532465757229354 (12)
- discrepancy: 0.049847336804555095 (13)
- adolescents: 0.04758212363564344 (20)
- posteromedial: 0.04582508779852368 (26)
- 10-15: 0.04582508779852368 (24)
- salter: 0.04507461394179671 (70)
- fails: 0.044724600063286206 (26)
- :: 0.04449900850356949 (11095)
- harris: 0.04438948498912246 (78)
- -: 0.043269176189961345 (21459)
- unstable: 0.03979778195490501 (58)
- bearing: 0.03893163317368983 (112)
- classification: 0.038454273946788756 (86)
- avascular: 0.03704444535270226 (162)
- f: 0.03510873698643233 (129824)
- m: 0.03471495414726177 (191659)
- widening: 0.033894952105902744 (114)
- metaphysis: 0.03347378135825718 (128)
- osteoarthritis: 0.033392184609945794 (154)
- smaller: 0.03261960306696529 (121)
- %: 0.03139088241489776 (2175)
- appearing: 0.02990739045001239 (209)
- growth: 0.02925710233182913 (284)
- i: 0.02781350153723236 (513494)
- stable: 0.02773396534836225 (297)
- line: 0.027655224534704113 (1551)
- occurs: 0.027616147453270026 (258)
- hip: 0.026802144662294948 (773)
- complications: 0.026662777913480765 (280)
- necrosis: 0.026559848137359877 (442)
- vs: 0.026491968270872423 (362)
- based: 0.025658979230448506 (378)
- sclerosis: 0.024167836483672007 (540)
- weight: 0.02411768334756587 (988)
- status: 0.024018325363635067 (390)
- 10: 0.02268208053816465 (1995)
- >: 0.02235564972179972 (1162)
- white: 0.022315781202456832 (558)
- often: 0.021468295657635056 (654)
- during: 0.020590624015148093 (674)
- proximal: 0.020201127415015868 (840)
- neck: 0.019757819976523483 (1226)
- through: 0.019109897782841487 (1208)
- head: 0.01908347488640863 (1929)
- chronic: 0.018952674274858267 (888)
- include: 0.01887522431519911 (1283)
- due: 0.017954938212227083 (1041)
- fracture: 0.017740742758053374 (2836)
- acute: 0.01661322306383067 (1548)
- pain: 0.016434774291822593 (5051)
- bilateral: 0.01632927345916885 (2204)
- left: 0.015056775894061649 (7401)
- female: 0.013832758042896328 (1301)
- on: 0.011399858462447687 (91641)
- (: 0.011375775216438748 (9594)
- ): 0.011236814049028427 (10569)
- at: 0.009116245297886873 (83424)
- ,: 0.008526301276135035 (45533)
- year: 0.0075283879470308245 (4271)
- old: 0.006889248794190981 (3947)
- to: 0.006725482022724193 (40381)
- the: 0.005442885224552197 (67588)
- in: 0.00331808842630122 (113220)
- with: 0.002763878175351726 (23954)
- of: 0.0027520582865666558 (41955)
- .: 0.0008385717188349514 (82185)
