Texto: 
eye exam: papilledema
gait exam: ataxia
surgery followed by radiation.
chemotherapy pending.
• ct non-calcified cerebellar mass.

• mri right cerebellar hemisphere and vermian mass.
    irregular enhancement following contrast.
    hydrocephalus.
medulloblastoma
• pnet (primitive neuroectodermal tumor
• ependymoma
• glioma
• infarction
22 year old woman with 6 week history of progressively more severe headaches and a gait ataxia.
most medullobastomas in adults occur in the lateral cerebellum rather than the usual midline location in children.  adults may also have variant subtypes of cerebellar pnet, including "desmoplastic medulloblastoma" - which is also more commonly lateral in the hemisphere, rather than midline in the vermis.


Keywords by value: 
- cerebellar: 0.09214049272608563 (289)
- pnet: 0.08629887107066854 (50)
- medulloblastoma: 0.08275618037094067 (86)
- •: 0.0783507175797944 (8449)
- ataxia: 0.07611705303195232 (89)
- medullobastomas: 0.07346265353305415 (1)
- adults: 0.07268618546188317 (108)
- hemisphere: 0.0724935050885319 (203)
- rather: 0.06769880388100223 (121)
- gait: 0.066320608616917 (182)
- midline: 0.05510216812230868 (381)
- vermian: 0.05427444442477044 (14)
- non-calcified: 0.05348019292640106 (13)
- desmoplastic: 0.052755098118154146 (14)
- neuroectodermal: 0.0503577475143893 (23)
- subtypes: 0.04809163321869229 (30)
- primitive: 0.046311849049541796 (34)
- vermis: 0.045119342019202854 (33)
- papilledema: 0.04432509052083348 (65)
- usual: 0.04155730856231169 (947)
- progressively: 0.03830008932325326 (70)
- than: 0.03731748091530456 (1107)
- more: 0.03561960515520277 (1268)
- cerebellum: 0.03542641860415552 (122)
- variant: 0.0339215524633604 (148)
- glioma: 0.03210561494755492 (411)
- ependymoma: 0.031875715309898016 (232)
- 22: 0.03176310098350866 (392)
- exam: 0.0312872323324923 (2159)
- pending: 0.03081270509624786 (263)
- lateral: 0.03077780076040917 (4830)
- children: 0.03076295370469366 (243)
- hydrocephalus: 0.030615457228865318 (250)
- eye: 0.029870081725932595 (547)
- infarction: 0.02910423704023408 (301)
- irregular: 0.028402888770886495 (401)
- also: 0.028076993227835856 (2071)
- headaches: 0.027220352825593985 (322)
- commonly: 0.026871095362130344 (359)
- occur: 0.026717055239846153 (868)
- including: 0.025711822008274366 (392)
- chemotherapy: 0.02552454820950721 (419)
- location: 0.024839230724199107 (803)
- week: 0.0241834618194019 (1278)
- followed: 0.023873965594823094 (433)
- radiation: 0.023368760413019468 (533)
- severe: 0.021910915000550035 (682)
- 6: 0.021267668011457286 (5312)
- following: 0.020210647974176234 (761)
- mass: 0.019807683449126076 (5255)
- enhancement: 0.019087406384358633 (898)
- :: 0.01883791359984442 (11095)
- in: 0.01755821792251062 (113220)
- ``: 0.017501125313598476 (0)
- surgery: 0.017291658869668956 (1277)
- '': 0.01716457918318536 (0)
- tumor: 0.01660193584675676 (2333)
- woman: 0.01644919122907422 (987)
- most: 0.01644029284773397 (1722)
- mri: 0.0163606321242885 (1820)
- contrast: 0.015939797390065878 (1844)
- may: 0.015619403074151031 (2139)
- have: 0.015420317319709097 (1751)
- -: 0.015264403822569696 (21459)
- which: 0.013292871560354573 (2234)
- by: 0.011857257527040622 (2984)
- ct: 0.009960863778267024 (27172)
- history: 0.009835121147559028 (2881)
- year: 0.007967543910607623 (4271)
- right: 0.007513597575920139 (8044)
- old: 0.007291121640518788 (3947)
- (: 0.006019681052032171 (9594)
- is: 0.00468575648653938 (65037)
- the: 0.00460830949012086 (67588)
- ,: 0.004511834425288123 (45533)
- a: 0.003304998348488344 (549576)
- and: 0.003000150095536974 (31978)
- .: 0.0026624652073009704 (82185)
- of: 0.0019417300132998072 (41955)
- with: 0.0009750348007490811 (23954)
