Texto: 
see above
neg for hiv
antibiotics following stereotactic drainage.
• ring enhancing lesion right thalamus.
• ring is low signal on t2 images.
• central necrosis.
• restricted diffusion on adc map and dwi images.
thalamic abscess due to streptococcus intermedius
• abscess
• metastatic lesion
• glioma
• tumefactive ms
35 year old previously healthy man presents to er with headache, decline in mental status, and right hemiplegia.

no history of drug abuse.


Keywords by value: 
- •: 0.1510375278646639 (8449)
- ring: 0.09569473102428692 (2836)
- intermedius: 0.07627243101419877 (13)
- thalamic: 0.07138730922976307 (75)
- stereotactic: 0.07011790542665672 (24)
- streptococcus: 0.0689695900073275 (25)
- decline: 0.0689695900073275 (46)
- thalamus: 0.06843402660285963 (49)
- hemiplegia: 0.06792126016407894 (29)
- map: 0.06650218744532735 (62)
- tumefactive: 0.06650218744532735 (35)
- abscess: 0.06510448781046427 (839)
- neg: 0.06303613837964324 (895)
- adc: 0.06146923322002639 (68)
- abuse: 0.059823744846463134 (66)
- hiv: 0.05708410819350336 (93)
- ms: 0.05502437568574867 (3435)
- dwi: 0.05468496752952341 (124)
- drug: 0.0528277304231709 (190)
- mental: 0.048038610682701176 (588)
- restricted: 0.04738212652265214 (148)
- 35: 0.04738212652265214 (305)
- glioma: 0.046417756550681824 (411)
- healthy: 0.046417756550681824 (154)
- diffusion: 0.04608537153238267 (197)
- previously: 0.04325026205124455 (213)
- drainage: 0.04305748685429947 (252)
- lesion: 0.04194108978314349 (3600)
- necrosis: 0.040639767631863916 (442)
- images: 0.03950033474576757 (1966)
- er: 0.039496194662023636 (89441)
- antibiotics: 0.038671281417716884 (336)
- above: 0.03773420068226285 (359)
- status: 0.03675093158050185 (390)
- headache: 0.03536127033211805 (758)
- central: 0.03387507658867421 (709)
- enhancing: 0.03228859678174409 (642)
- see: 0.030725508569021547 (2684)
- following: 0.029220213938568055 (761)
- t2: 0.02913962371988376 (1171)
- low: 0.028628530757426503 (6753)
- due: 0.027473218710275176 (1041)
- signal: 0.027145473858708177 (1276)
- metastatic: 0.02591698076645892 (1079)
- man: 0.024348576422771075 (4104)
- right: 0.02172606527976908 (8044)
- presents: 0.021031858982023203 (1354)
- on: 0.017443156924468146 (91641)
- history: 0.014219452261531125 (2881)
- year: 0.011519340593649575 (4271)
- old: 0.010541380685087405 (3947)
- no: 0.01036679699643135 (35870)
- to: 0.010290797793806898 (40381)
- for: 0.008784435525815846 (12260)
- is: 0.0067745876913822365 (65037)
- ,: 0.0065231341088502984 (45533)
- in: 0.005077075061930783 (113220)
- and: 0.004337566403185987 (31978)
- .: 0.002993936779294264 (82185)
- with: 0.0014096888685528886 (23954)
- of: 0.001403660250578174 (41955)
