Texto: 
negative
chemotherapy and radiation
multifocal enhancing lesions involving both cerebral hemispheres with little or no edema. no restricted diffusion.
intravascular b cell lymphoma
vasculitis
metastatic disease
ms
57 year old woman presents with a first time seizure
the ct of chest, abdomen, and pelvis failed to find any other sites of inveolvment.


Keywords by value: 
- inveolvment: 0.15465821796432452
- intravascular: 0.10124554361829956
- find: 0.0981867122648824
- failed: 0.08372749396722716
- 57: 0.08169535685275132
- sites: 0.08169535685275132
- little: 0.08142335358019054
- multifocal: 0.08063176699632266
- ms: 0.08012321371784453
- hemispheres: 0.07987436047237162
- vasculitis: 0.07671696785045932
- b: 0.07066713475762197
- restricted: 0.06899502634000224
- diffusion: 0.0671067690734695
- seizure: 0.06629062844829595
- pelvis: 0.05447528783494085
- chemotherapy: 0.0537358909673836
- involving: 0.052603636210584094
- cerebral: 0.05193765792568545
- first: 0.05030672692606758
- radiation: 0.04919739034319888
- any: 0.04720763215916304
- enhancing: 0.04701672864710104
- negative: 0.044774037918857444
- abdomen: 0.04441025022624029
- lymphoma: 0.04284559007700852
- edema: 0.04240216648125071
- time: 0.04234388117963706
- cell: 0.04049545108037695
- lesions: 0.04013264046217452
- both: 0.038284210362914406
- metastatic: 0.03773876146694895
- chest: 0.03587243859750033
- woman: 0.034629876271735194
- other: 0.03455506225793769
- presents: 0.03062533851768291
- no: 0.03019102283171235
- disease: 0.024504167389749195
- ct: 0.020970239533193734
- or: 0.017570574543222937
- year: 0.016773776653910784
- old: 0.015349729769513237
- ,: 0.009498598790080259
- to: 0.00749242295514011
- a: 0.00695789125997546
- and: 0.006316105464288366
- with: 0.0041054096873645515
- of: 0.004087852659578541
- the: 0.0024254260474320315
- .: 0.0018683966367024354
