Texto: 
negative
chemotherapy and radiation
multifocal enhancing lesions involving both cerebral hemispheres with little or no edema. no restricted diffusion.
intravascular b cell lymphoma
vasculitis
metastatic disease
ms
57 year old woman presents with a first time seizure
the ct of chest, abdomen, and pelvis failed to find any other sites of inveolvment.


Keywords by value: 
- inveolvment: 0.15465821796432452 (1)
- intravascular: 0.10124554361829956 (29)
- find: 0.0981867122648824 (2248)
- failed: 0.08372749396722716 (62)
- 57: 0.08169535685275132 (143)
- sites: 0.08169535685275132 (111)
- little: 0.08142335358019054 (75)
- multifocal: 0.08063176699632266 (81)
- ms: 0.08012321371784453 (3435)
- hemispheres: 0.07987436047237162 (89)
- vasculitis: 0.07671696785045932 (125)
- b: 0.07066713475762197 (78355)
- restricted: 0.06899502634000224 (148)
- diffusion: 0.0671067690734695 (197)
- seizure: 0.06629062844829595 (414)
- pelvis: 0.05447528783494085 (479)
- chemotherapy: 0.0537358909673836 (419)
- involving: 0.052603636210584094 (400)
- cerebral: 0.05193765792568545 (595)
- first: 0.05030672692606758 (475)
- radiation: 0.04919739034319888 (533)
- any: 0.04720763215916304 (1117)
- enhancing: 0.04701672864710104 (642)
- negative: 0.044774037918857444 (803)
- abdomen: 0.04441025022624029 (845)
- lymphoma: 0.04284559007700852 (867)
- edema: 0.04240216648125071 (980)
- time: 0.04234388117963706 (1157)
- cell: 0.04049545108037695 (1988)
- lesions: 0.04013264046217452 (1314)
- both: 0.038284210362914406 (1020)
- metastatic: 0.03773876146694895 (1079)
- chest: 0.03587243859750033 (1824)
- woman: 0.034629876271735194 (987)
- other: 0.03455506225793769 (2604)
- presents: 0.03062533851768291 (1354)
- no: 0.03019102283171235 (35870)
- disease: 0.024504167389749195 (3336)
- ct: 0.020970239533193734 (27172)
- or: 0.017570574543222937 (60128)
- year: 0.016773776653910784 (4271)
- old: 0.015349729769513237 (3947)
- ,: 0.009498598790080259 (45533)
- to: 0.00749242295514011 (40381)
- a: 0.00695789125997546 (549576)
- and: 0.006316105464288366 (31978)
- with: 0.0041054096873645515 (23954)
- of: 0.004087852659578541 (41955)
- the: 0.0024254260474320315 (67588)
- .: 0.0018683966367024354 (82185)
