Texto: 
n/a
patient is currently receiving prenatal care and counseling in expectation for delivery.
real time gray scale sonographic images in the axial and coronal planes demonstrate a cleft within the right cerebral hemisphere.

single shot fast spin echo sequences in the coronal and axial planes demonstrate a cleft within the right cerebral hemisphere.  note that there is a focal area of polymicrogyria in the right temporal lobe.
open lip schizencephaly
open lip schizencephaly
porencephalic cyst
17-year-old aaf with first prenatal ultrasound at 31 weeks.  subsequently a prenatal pelvic mri was acquired 1 week after initial imaging findings.
the patient had her first prenatal ultrasound late in her pregnancy.  incidentally, a cleft was detected on ultrasound which prompted further imaging by mr.  no other developmental anomalies were demonstrated.


Keywords by value: 
- prenatal: 0.13550747895097404
- cleft: 0.09133855893777648
- schizencephaly: 0.08570918897518333
- lip: 0.08424811658749014
- planes: 0.07158387472318761
- hemisphere: 0.0634979606614878
- expectation: 0.05928738133873396
- porencephalic: 0.05632778200947729
- 17-year-old: 0.05632778200947729
- ultrasound: 0.05551363324831321
- open: 0.05544873849856312
- coronal: 0.051941942364068856
- polymicrogyria: 0.04753965935016388
- aaf: 0.04753965935016388
- counseling: 0.04410897592501253
- shot: 0.04366646043730133
- cerebral: 0.043218197106044826
- first: 0.04186107204066938
- real: 0.04085140583283429
- spin: 0.0405651232550731
- fast: 0.03952059154966673
- prompted: 0.03882489680656947
- her: 0.03750965924795526
- receiving: 0.03608990812451538
- scale: 0.03564739263680417
- axial: 0.03560279527106382
- acquired: 0.03344096291510393
- detected: 0.0329303162829367
- 31: 0.03273565754511071
- anomalies: 0.03264024089133441
- echo: 0.03245306986495968
- late: 0.03245306986495968
- delivery: 0.03200512135126412
- gray: 0.03051671120975812
- sonographic: 0.030238610142369282
- imaging: 0.029227355101541643
- developmental: 0.02898781998180954
- demonstrate: 0.02870733053040935
- subsequently: 0.028276467163191196
- incidentally: 0.028276467163191196
- pregnancy: 0.026816458886597356
- sequences: 0.02604740402778111
- pelvic: 0.02560037026689995
- single: 0.02528219190139001
- temporal: 0.024977305676015596
- currently: 0.024716589744613555
- note: 0.024073471003662705
- within: 0.023797538808555934
- n/a: 0.02259274925079625
- care: 0.022497643409260967
- week: 0.021182594294366627
- initial: 0.02066848279765918
- further: 0.019835358699271957
- mr: 0.01981897424778419
- right: 0.019743760053512777
- area: 0.019721432438936256
- demonstrated: 0.018302335638372025
- focal: 0.01781382192801753
- weeks: 0.017702757349643418
- time: 0.01761752720612637
- lobe: 0.01678339670017178
- cyst: 0.01676183310967958
- in: 0.0153794609540239
- 1: 0.014841798306275232
- a: 0.01447444532184676
- was: 0.014427409083411486
- other: 0.014376923713156558
- mri: 0.014330480692807443
- were: 0.01416267399043738
- had: 0.013458757804676702
- findings: 0.013276182013065399
- after: 0.012905118267220456
- patient: 0.012504991692210043
- images: 0.01196542986824346
- which: 0.01164339114775583
- that: 0.010773581960283381
- by: 0.010385919001787407
- there: 0.00928259530266415
- at: 0.008450825933077612
- is: 0.008208624501966797
- no: 0.006280614238713883
- the: 0.00605471319869894
- for: 0.005321957289362884
- on: 0.005283876002667358
- and: 0.003941803045231061
- .: 0.002332086312964354
- ,: 0.001975985879688229
- with: 0.0008540450809481002
- of: 0.00085039270655466
