Texto: 
no visual field defect.
papilledema.
surgical drainage of cystic portion of tumor.  radiation therapy pending for residual/remaining tumor.
calcified, cystic mass in the sella and supra sellar cistern.  lower calcified sellar portion of mass enhances in-homogeneously and the cysts enhance in a ring-like fashion.
craniopharyngioma
• meningioma
• dermoid cyst
• cystic pituitary adenoma
• craniopharyngioma
• epidermoid cyst
• hypothalamic glioma
22 year old woman who presents with a first time seizure.
previous history of a "mood disorder".


Keywords by value: 
- sellar: 0.14473185179938783
- •: 0.10446762343972586
- craniopharyngioma: 0.10055686628484684
- residual/remaining: 0.09795020471073887
- in-homogeneously: 0.09795020471073887
- cystic: 0.08215442357505862
- calcified: 0.08151164327006767
- mood: 0.07804176616376048
- supra: 0.0763289808323465
- ring-like: 0.07353659829589199
- portion: 0.06878236994131304
- fashion: 0.06263849548465059
- hypothalamic: 0.06263849548465059
- papilledema: 0.05910012069444464
- sella: 0.05470775695395413
- cyst: 0.05103046968946895
- cistern: 0.050744702021301547
- field: 0.048718906945813156
- pituitary: 0.04758798812014713
- enhance: 0.04592652440935865
- epidermoid: 0.04522873661781387
- enhances: 0.04484883256505521
- tumor: 0.044271828924684696
- dermoid: 0.04328374997931526
- visual: 0.0430430666817466
- glioma: 0.0428074865967399
- disorder: 0.04265316312828804
- 22: 0.04235080131134488
- seizure: 0.04198406468392077
- pending: 0.041083606794997146
- drainage: 0.03970857121007618
- adenoma: 0.039649937242289025
- cysts: 0.03719398092034852
- previous: 0.036870557763036625
- meningioma: 0.03651210373838972
- defect: 0.035541636958888075
- first: 0.031860927053176134
- radiation: 0.031158347217359293
- time: 0.02681779141377014
- mass: 0.02641024459883477
- therapy: 0.02538489773600681
- who: 0.024755204546018914
- ``: 0.023334833751464636
- '': 0.022886105577580477
- woman: 0.02193225497209896
- lower: 0.021354022992931807
- surgical: 0.019958019669460595
- presents: 0.019396047727865844
- a: 0.013219993393953376
- history: 0.013113494863412038
- year: 0.010623391880810164
- old: 0.009721495520691719
- no: 0.009560490563375578
- in: 0.009364382892005665
- for: 0.008101201651585723
- of: 0.005177946702132819
- and: 0.004000200127382633
- .: 0.0031555143197641135
- the: 0.00307220632674724
- ,: 0.0030078896168587487
- with: 0.001300046400998775
