Texto: 
no visual field defect.
papilledema.
surgical drainage of cystic portion of tumor.  radiation therapy pending for residual/remaining tumor.
calcified, cystic mass in the sella and supra sellar cistern.  lower calcified sellar portion of mass enhances in-homogeneously and the cysts enhance in a ring-like fashion.
craniopharyngioma
• meningioma
• dermoid cyst
• cystic pituitary adenoma
• craniopharyngioma
• epidermoid cyst
• hypothalamic glioma
22 year old woman who presents with a first time seizure.
previous history of a "mood disorder".


Keywords by value: 
- sellar: 0.14473185179938783 (135)
- •: 0.10446762343972586 (8449)
- craniopharyngioma: 0.10055686628484684 (100)
- residual/remaining: 0.09795020471073887 (1)
- in-homogeneously: 0.09795020471073887 (1)
- cystic: 0.08215442357505862 (1209)
- calcified: 0.08151164327006767 (261)
- mood: 0.07804176616376048 (11)
- supra: 0.0763289808323465 (418)
- ring-like: 0.07353659829589199 (12)
- portion: 0.06878236994131304 (507)
- fashion: 0.06263849548465059 (25)
- hypothalamic: 0.06263849548465059 (46)
- papilledema: 0.05910012069444464 (65)
- sella: 0.05470775695395413 (206)
- cyst: 0.05103046968946895 (3901)
- cistern: 0.050744702021301547 (163)
- field: 0.048718906945813156 (213)
- pituitary: 0.04758798812014713 (251)
- enhance: 0.04592652440935865 (1462)
- epidermoid: 0.04522873661781387 (215)
- enhances: 0.04484883256505521 (121)
- tumor: 0.044271828924684696 (2333)
- dermoid: 0.04328374997931526 (441)
- visual: 0.0430430666817466 (597)
- glioma: 0.0428074865967399 (411)
- disorder: 0.04265316312828804 (319)
- 22: 0.04235080131134488 (392)
- seizure: 0.04198406468392077 (414)
- pending: 0.041083606794997146 (263)
- drainage: 0.03970857121007618 (252)
- adenoma: 0.039649937242289025 (638)
- cysts: 0.03719398092034852 (578)
- previous: 0.036870557763036625 (523)
- meningioma: 0.03651210373838972 (444)
- defect: 0.035541636958888075 (623)
- first: 0.031860927053176134 (475)
- radiation: 0.031158347217359293 (533)
- time: 0.02681779141377014 (1157)
- mass: 0.02641024459883477 (5255)
- therapy: 0.02538489773600681 (1469)
- who: 0.024755204546018914 (941)
- ``: 0.023334833751464636 (0)
- '': 0.022886105577580477 (0)
- woman: 0.02193225497209896 (987)
- lower: 0.021354022992931807 (1849)
- surgical: 0.019958019669460595 (1704)
- presents: 0.019396047727865844 (1354)
- a: 0.013219993393953376 (549576)
- history: 0.013113494863412038 (2881)
- year: 0.010623391880810164 (4271)
- old: 0.009721495520691719 (3947)
- no: 0.009560490563375578 (35870)
- in: 0.009364382892005665 (113220)
- for: 0.008101201651585723 (12260)
- of: 0.005177946702132819 (41955)
- and: 0.004000200127382633 (31978)
- .: 0.0031555143197641135 (82185)
- the: 0.00307220632674724 (67588)
- ,: 0.0030078896168587487 (45533)
- with: 0.001300046400998775 (23954)
