Texto: 
n/a
none needed
patient a:  left wrist radiographs show, spaced, dense, tranverse, lines, in the metaphysis and distal diaphysis.

patient b: left ankle radiographs show, spaced, dense, tranverse, lines, in the metaphysis and distal diaphysis.
growth arrest lines
• growth arrest lines
• heavy metal poisoning
• idiopathic
there are two different patients:
patient a:  12 y/o male with left hand pain.

patient b:  13 y/o female twisted left ankle.
growth arrest lines or growth disturbance lines, as the name describes, are the result of a temporary slowdown of normal longitudinal growth during a period of illness.  these lines become radiographically visible following a subsequent period of normal growth.  transverse lines of increased radiographic density in the metaphyses of long bones have been recognized for over 80 years.


Keywords by value: 
- lines: 0.24761287156806247
- growth: 0.14667047353193288
- tranverse: 0.11599366347324339
- arrest: 0.10753070909171099
- spaced: 0.09775294819535009
- diaphysis: 0.060473825247241986
- slowdown: 0.05799683173662169
- metaphysis: 0.05593645042761397
- ankle: 0.05356034599477958
- dense: 0.05311045961651274
- b: 0.053000351068216475
- period: 0.05256890603107186
- poisoning: 0.040180711992528206
- disturbance: 0.040180711992528206
- twisted: 0.0397561164587284
- metaphyses: 0.0397561164587284
- temporary: 0.03935727026256764
- name: 0.03898122806625219
- :: 0.03718009263127187
- heavy: 0.0368200170993309
- metal: 0.0368200170993309
- radiographs: 0.0356088268579228
- recognized: 0.03499349251644748
- show: 0.0345152096643635
- describes: 0.034240792837646535
- illness: 0.031283390877763675
- y/o: 0.031139855655521586
- radiographically: 0.031060354353581565
- •: 0.030927914834129364
- distal: 0.030569455117710878
- longitudinal: 0.029419164487584304
- different: 0.02783257200852583
- become: 0.02678017299738979
- visible: 0.026610748680926534
- 80: 0.02644557814716945
- wrist: 0.025973578773098128
- idiopathic: 0.02562853617196298
- 13: 0.025392706357666033
- left: 0.025160664980866176
- needed: 0.02448531725762984
- bones: 0.023723896520559718
- hand: 0.02310666786781199
- 12: 0.023009200198172906
- transverse: 0.022542412461513138
- patient: 0.022541892918852315
- subsequent: 0.021885399327696127
- result: 0.02156700103255238
- ,: 0.021371847277680583
- radiographic: 0.021337923630189035
- n/a: 0.02036320162736241
- long: 0.019383036255478443
- density: 0.01849757471618394
- normal: 0.017626479665777645
- during: 0.017204008223182948
- years: 0.01650817853301633
- two: 0.016100863405368458
- following: 0.015955774716454922
- are: 0.015327287796442128
- been: 0.015294703220157836
- these: 0.014630557183933158
- patients: 0.014549832890565958
- over: 0.014313438093026069
- none: 0.013945523071763201
- increased: 0.013753189353945103
- a: 0.01304604611245399
- have: 0.01217393472608613
- female: 0.011557633364788378
- male: 0.010165825907154428
- as: 0.008503799380882419
- there: 0.008366549713585452
- in: 0.008317050594873452
- pain: 0.006865843207439044
- or: 0.0065889654537086015
- for: 0.004796764135807336
- of: 0.004598834242025859
- the: 0.004547673838935059
- and: 0.0023685395491081372
- .: 0.001634847057114631
- with: 0.0007697643163808535
