Texto: 
back tenderness.  mild anemia. blood in urine
nephrectomy, radiation, and chemotherapy
• lytic destructive lesion l4.
• lytic lesion with soft tissue mass left parietal and occipital bones.
metastatic renal cell carcinoma
• thyroid cancer
• melanoma
• multiple myeloma
48 year old man presents with pelvic and back pain.
no prior medical or surgical problems.  two weeks later, he developed a painless lump on the back of his head.


Keywords by value: 
- back: 0.1057149875755304
- •: 0.09793839697474299
- lytic: 0.09562714592969405
- destructive: 0.06408298712315702
- l4: 0.0631789788534117
- lump: 0.06233596284346754
- myeloma: 0.0620671352782055
- nephrectomy: 0.060565331380179714
- melanoma: 0.05451463909641238
- painless: 0.05367162308646822
- anemia: 0.05313962790623328
- 48: 0.05225986794671078
- urine: 0.05155213177171694
- occipital: 0.04984005858330247
- problems: 0.049446325245060326
- parietal: 0.045634155625537305
- bones: 0.04507540338906347
- pelvic: 0.04384063408206617
- thyroid: 0.04377890556155889
- lesion: 0.04351388065001137
- developed: 0.04112581856043393
- later: 0.03856773301241155
- chemotherapy: 0.03828682231426082
- cancer: 0.035114565804559565
- radiation: 0.03505314061952921
- medical: 0.03286637250082505
- tenderness: 0.03248640403602042
- renal: 0.032093444368225865
- his: 0.03078611284558665
- two: 0.030591640470200073
- weeks: 0.030315971961264357
- head: 0.030295016382173703
- carcinoma: 0.03027409587519833
- he: 0.029802341775412744
- blood: 0.029155138406366243
- cell: 0.028853008894768578
- mild: 0.028128168174139212
- prior: 0.027426409652529543
- metastatic: 0.02688886754520113
- soft: 0.026011584549919378
- tissue: 0.025317764855657423
- man: 0.02526164803862499
- multiple: 0.022497575043490863
- surgical: 0.022452772128143172
- presents: 0.021820553693849075
- mass: 0.014855762586844557
- pain: 0.013045102094134184
- or: 0.012519034362046344
- left: 0.011951315865911435
- year: 0.011951315865911435
- old: 0.010936682460778183
- no: 0.010755551883797525
- ,: 0.010151627456898276
- on: 0.009048637654567851
- and: 0.006750337714958192
- in: 0.005267465376753187
- a: 0.004957497522732516
- .: 0.003106209408517799
- with: 0.0029251044022472437
- the: 0.0017281160587953226
- of: 0.0014562975099748554
