Texto: 
back tenderness.  mild anemia. blood in urine
nephrectomy, radiation, and chemotherapy
• lytic destructive lesion l4.
• lytic lesion with soft tissue mass left parietal and occipital bones.
metastatic renal cell carcinoma
• thyroid cancer
• melanoma
• multiple myeloma
48 year old man presents with pelvic and back pain.
no prior medical or surgical problems.  two weeks later, he developed a painless lump on the back of his head.


Keywords by value: 
- back: 0.1057149875755304 (949)
- •: 0.09793839697474299 (8449)
- lytic: 0.09562714592969405 (298)
- destructive: 0.06408298712315702 (46)
- l4: 0.0631789788534117 (215)
- lump: 0.06233596284346754 (103)
- myeloma: 0.0620671352782055 (100)
- nephrectomy: 0.060565331380179714 (80)
- melanoma: 0.05451463909641238 (139)
- painless: 0.05367162308646822 (102)
- anemia: 0.05313962790623328 (134)
- 48: 0.05225986794671078 (260)
- urine: 0.05155213177171694 (195)
- occipital: 0.04984005858330247 (226)
- problems: 0.049446325245060326 (144)
- parietal: 0.045634155625537305 (288)
- bones: 0.04507540338906347 (274)
- pelvic: 0.04384063408206617 (382)
- thyroid: 0.04377890556155889 (1100)
- lesion: 0.04351388065001137 (3600)
- developed: 0.04112581856043393 (313)
- later: 0.03856773301241155 (5196)
- chemotherapy: 0.03828682231426082 (419)
- cancer: 0.035114565804559565 (830)
- radiation: 0.03505314061952921 (533)
- medical: 0.03286637250082505 (618)
- tenderness: 0.03248640403602042 (608)
- renal: 0.032093444368225865 (1899)
- his: 0.03078611284558665 (10739)
- two: 0.030591640470200073 (791)
- weeks: 0.030315971961264357 (793)
- head: 0.030295016382173703 (1929)
- carcinoma: 0.03027409587519833 (1515)
- he: 0.029802341775412744 (91634)
- blood: 0.029155138406366243 (1000)
- cell: 0.028853008894768578 (1988)
- mild: 0.028128168174139212 (1287)
- prior: 0.027426409652529543 (948)
- metastatic: 0.02688886754520113 (1079)
- soft: 0.026011584549919378 (1339)
- tissue: 0.025317764855657423 (1668)
- man: 0.02526164803862499 (4104)
- multiple: 0.022497575043490863 (1682)
- surgical: 0.022452772128143172 (1704)
- presents: 0.021820553693849075 (1354)
- mass: 0.014855762586844557 (5255)
- pain: 0.013045102094134184 (5051)
- or: 0.012519034362046344 (60128)
- left: 0.011951315865911435 (7401)
- year: 0.011951315865911435 (4271)
- old: 0.010936682460778183 (3947)
- no: 0.010755551883797525 (35870)
- ,: 0.010151627456898276 (45533)
- on: 0.009048637654567851 (91641)
- and: 0.006750337714958192 (31978)
- in: 0.005267465376753187 (113220)
- a: 0.004957497522732516 (549576)
- .: 0.003106209408517799 (82185)
- with: 0.0029251044022472437 (23954)
- the: 0.0017281160587953226 (67588)
- of: 0.0014562975099748554 (41955)
