Texto: 
• right cn vi (abducens) palsy
transsphenoidal surgical resection
• partially calcified mass involving the right posterior clinoid process and dorsum sella
• mass is hyperintense on t2 mri sequences
• mass is hyopintense on t1 mri sequences
• there is peripheral enhancement
chondrosarcoma of the skull base
• meningioma
• chordoma
• osteosarcoma
18 year old girl with a 6 month history of headache and visual problems


Keywords by value: 
- •: 0.17908735446810148
- transsphenoidal: 0.1259359774852357
- hyopintense: 0.1259359774852357
- clinoid: 0.10294400730760568
- sequences: 0.10195698148017178
- abducens: 0.09622966974695231
- vi: 0.08929384380721372
- dorsum: 0.08177822815154547
- chordoma: 0.07995203712997567
- sella: 0.07033854465508388
- palsy: 0.06768544257229683
- cn: 0.06565729598271987
- osteosarcoma: 0.06351529387856396
- chondrosarcoma: 0.06103176630994992
- problems: 0.056510085994354656
- mri: 0.05609359585470342
- partially: 0.05586062350754384
- visual: 0.055341085733674196
- 18: 0.05299389928665597
- calcified: 0.05240034210218636
- skull: 0.05199098130560956
- mass: 0.05093404315489562
- hyperintense: 0.05068086092718814
- base: 0.04782083261187667
- process: 0.04700093549763878
- meningioma: 0.04694413337792964
- peripheral: 0.0441704760287731
- girl: 0.04291967758556854
- involving: 0.042834389485761334
- headache: 0.041928363393797116
- t1: 0.03869279337463205
- resection: 0.03807022365028884
- month: 0.036623064868580135
- 6: 0.03645885944821249
- t2: 0.03455126812500503
- enhancement: 0.032721268087471944
- posterior: 0.028137693552892123
- right: 0.02576090597458333
- surgical: 0.025660311003592194
- is: 0.024098176216488243
- on: 0.020682600353297945
- there: 0.01816736509235698
- history: 0.016860207681529762
- year: 0.013658646703898781
- old: 0.01249906566946078
- (: 0.01031945323205515
- ): 0.010193395601618643
- a: 0.005665711454551446
- and: 0.005143114449491956
- the: 0.003949979562960737
- of: 0.0033286800227996694
- with: 0.0016714882298555676
