Texto: 
palpable mass in the periumbilical region
continued chemotherapy, poor prognosis.
• periumbilical subcutaneous nodule
• normal size abdominal aorta with calcification
sister mary joseph node
• umbilical hernia
• metastatic mass or lymph node
• cutaneous cyst
70 y/o man with history of colon problems.  patient says "i feel a lump".


Keywords by value: 
- periumbilical: 0.20420302282149147 (25)
- mary: 0.14249774111239566 (811)
- •: 0.13745739926279718 (8449)
- node: 0.1372015314220375 (437)
- feel: 0.11106336445927188 (86)
- says: 0.10835896656756559 (16)
- sister: 0.10394994151000585 (26)
- umbilical: 0.09749862957798272 (73)
- lump: 0.0874890706574983 (103)
- cutaneous: 0.08711176881151649 (338)
- subcutaneous: 0.07800123809648205 (140)
- joseph: 0.0775626187595449 (88)
- 70: 0.07203488109919587 (283)
- prognosis: 0.07111130682752179 (166)
- problems: 0.0693983512211373 (144)
- poor: 0.06746851095421925 (300)
- hernia: 0.06562008085495914 (956)
- continued: 0.06455649099853046 (217)
- aorta: 0.06435129731847447 (345)
- i: 0.06197043324962297 (513494)
- nodule: 0.061793221039333435 (649)
- lymph: 0.06051828787622187 (1772)
- colon: 0.058876015961795425 (798)
- calcification: 0.05441729155187945 (906)
- chemotherapy: 0.0537358909673836 (419)
- palpable: 0.05313370250175071 (406)
- size: 0.05026098019962757 (636)
- region: 0.04234388117963706 (1007)
- mass: 0.04170038620868647 (5255)
- y/o: 0.041519807540695446 (688)
- cyst: 0.04028721291273864 (3901)
- metastatic: 0.03773876146694895 (1079)
- abdominal: 0.037472267335475706 (1376)
- ``: 0.036844474344417844 (0)
- '': 0.03613595617512707 (0)
- man: 0.03545494461561402 (4104)
- normal: 0.023501972887703525 (4858)
- history: 0.02070551820538743 (2881)
- or: 0.017570574543222937 (60128)
- patient: 0.015027928612568209 (8535)
- in: 0.007392933862109735 (113220)
- a: 0.00695789125997546 (549576)
- ,: 0.004749299395040129 (45533)
- with: 0.0041054096873645515 (23954)
- the: 0.0024254260474320315 (67588)
- of: 0.0020439263297892707 (41955)
- .: 0.0018683966367024354 (82185)
