Texto: 
not available
surgery and radiation therapy
• intradural extramedullary mass at l1-2.
• mass enhances following contrast administration
diffuse large cell lymphoma arising in angiomatous meningioma
• ependymoma
• meningioma
• schwannoma or neurofibroma
• metastatic lesion
65 year old man presents with bilateral leg weakness
this is a very unusual case.  the patient has a combined tumor with two distinct cell types: both lymphoma and meningioma.
the diagnosis was based on microscopic examination as well as multiple immunostains and immunohistochemical tests.


Keywords by value: 
- meningioma: 0.11331342539500258 (444)
- •: 0.10806995528247502 (8449)
- angiomatous: 0.08870007052067112 (7)
- immunostains: 0.08870007052067112 (4)
- l1-2: 0.07896101465415155 (8)
- immunohistochemical: 0.07896101465415155 (7)
- extramedullary: 0.06633328719819626 (39)
- intradural: 0.06344461560876057 (51)
- microscopic: 0.06262324820666694 (41)
- distinct: 0.058366078226242867 (115)
- lymphoma: 0.056142497342287025 (867)
- neurofibroma: 0.05445955149495148 (198)
- combined: 0.0542663662269471 (81)
- cell: 0.05306300486394221 (1988)
- tests: 0.05139900002428522 (98)
- types: 0.05012840376681598 (147)
- 65: 0.047943994538219833 (199)
- unusual: 0.04751019766485377 (132)
- enhances: 0.046395344032815734 (121)
- schwannoma: 0.04486050043943042 (243)
- ependymoma: 0.0439665038757214 (232)
- administration: 0.04077770419428931 (208)
- arising: 0.040659813387769896 (227)
- leg: 0.038622957570216054 (693)
- based: 0.03745621106053978 (378)
- weakness: 0.03647829141411936 (434)
- very: 0.03565270825812792 (654)
- available: 0.033019759182066635 (447)
- radiation: 0.03223277298347513 (533)
- examination: 0.03053359810890305 (634)
- diffuse: 0.029735717475578332 (824)
- as: 0.029714425422853512 (55990)
- two: 0.0281302441105288 (791)
- following: 0.02787675582644998 (761)
- mass: 0.02732094268844976 (5255)
- therapy: 0.026260239037248424 (1469)
- both: 0.025082758513633577 (1020)
- metastatic: 0.024725395443863107 (1079)
- surgery: 0.023850563958164078 (1277)
- bilateral: 0.023836985394418895 (2204)
- man: 0.023229101644712633 (4104)
- tumor: 0.02289922185759553 (2333)
- diagnosis: 0.022554245181384137 (1487)
- well: 0.02221932129849024 (2228)
- contrast: 0.021985927434573622 (1844)
- case: 0.021488556699623802 (2053)
- large: 0.021477499216449192 (2420)
- multiple: 0.02068742532734792 (1682)
- presents: 0.020064876959861217 (1354)
- lesion: 0.020006381908051204 (3600)
- has: 0.018444827247060664 (2768)
- not: 0.014193318065999256 (5583)
- at: 0.013307622446340608 (83424)
- :: 0.012991664551616839 (11095)
- or: 0.011511755735215028 (60128)
- was: 0.011359511749582607 (7680)
- this: 0.011047554176024517 (5602)
- year: 0.010989715738769135 (4271)
- old: 0.010056719504163847 (3947)
- patient: 0.009845884263406757 (8535)
- a: 0.00911723682341612 (549576)
- on: 0.008320586349027909 (91641)
- is: 0.006463112395226732 (65037)
- and: 0.006207207094214429 (31978)
- in: 0.004843646323451206 (113220)
- the: 0.0031781444759454206 (67588)
- with: 0.002689751174480224 (23954)
- .: 0.0016321625791883344 (82185)
