Texto: 
• large, non-tender mass back of head.
• no neurologic deficit.
resection of mass.
• large mass posterior parietal and occipital bones.
• minimal to no enhancement of mass.
• associated thrombosis of underlying superior sagittal sinus.
meningioma, intraossous
• meningioma
• hemangiopericytoma
• dural metastasis (e.g. breast ca)
• chondrosarcoma
• ewing sarcoma
42 year old woman with painless, slowly enlarging occipital mass
patient developed a csf leak and scalp infection shortly after surgery treated with lumbar drain and antibiotics.


Keywords by value: 
- •: 0.16670365442509447 (8449)
- intraossous: 0.08640820471709099 (2)
- occipital: 0.084834142269451 (226)
- meningioma: 0.06991679439266117 (444)
- mass: 0.06321601100784918 (5255)
- ewing: 0.05565956899479137 (124)
- leak: 0.054538712445240015 (141)
- hemangiopericytoma: 0.054276025077257345 (51)
- shortly: 0.05174760324877734 (58)
- scalp: 0.051346110397895994 (92)
- drain: 0.05004941021056582 (462)
- slowly: 0.0493737356816049 (70)
- non-tender: 0.0481389253491288 (82)
- e.g: 0.0481389253491288 (105)
- deficit: 0.04690211890108771 (260)
- enlarging: 0.04627245005650973 (96)
- 42: 0.04603066015142935 (189)
- painless: 0.045677977094866574 (102)
- chondrosarcoma: 0.04544918767762228 (144)
- dural: 0.04407116584579353 (704)
- ca: 0.04233230337250021 (36988)
- sarcoma: 0.04047748010500258 (836)
- large: 0.03975622195385276 (2420)
- thrombosis: 0.03902153135269197 (328)
- underlying: 0.0389598598879651 (213)
- parietal: 0.038837579255776425 (288)
- lumbar: 0.038656753975259715 (548)
- bones: 0.038362045437500825 (274)
- neurologic: 0.037962705870276725 (446)
- csf: 0.037962705870276725 (332)
- sagittal: 0.036259006941557224 (452)
- minimal: 0.03579234011064678 (368)
- developed: 0.03500069664717781 (313)
- antibiotics: 0.03414591869862235 (336)
- metastasis: 0.034029226875531136 (332)
- breast: 0.03353785046628247 (1038)
- sinus: 0.03324637201747274 (907)
- back: 0.029990067397313587 (949)
- superior: 0.02902918826653395 (703)
- resection: 0.028350166548087433 (574)
- treated: 0.027211179107275097 (646)
- infection: 0.026425708234817095 (920)
- head: 0.025782992665679745 (1929)
- enhancement: 0.02436690176726634 (898)
- surgery: 0.022074458131492287 (1277)
- associated: 0.02145172938199683 (1317)
- woman: 0.020998967526477726 (987)
- posterior: 0.020953601581940942 (1753)
- after: 0.01880852343201279 (1714)
- no: 0.01830732235540004 (35870)
- year: 0.010171332651839518 (4271)
- old: 0.009307814860236751 (3947)
- patient: 0.009112680116131786 (8535)
- ,: 0.008639682942041087 (45533)
- (: 0.007684699215360218 (9594)
- ): 0.007590826511843671 (10569)
- and: 0.005744968268049525 (31978)
- of: 0.004957608544595252 (41955)
- to: 0.004543277749393471 (40381)
- a: 0.0042191468278574605 (549576)
- .: 0.003021237114667768 (82185)
- with: 0.0024894505551040368 (23954)
