Texto: 
mass in ruq on pe.  
nontender abdominal exam.
baby is well nourished.

afp 193
axial ct images (non-con, hepatic arterial phase, portal phase, venous phase, and ten minute delayed) demonstrate a single 3 cm mass in the right anterior lobe.  the mass is heterogenously hypo attenuating on the non contrast images.  it demonstrates heterogenous, predominately peripheral enhancement with some inner enhancment on arterial and portal phase images.  on the venous phase and ten minute delayed images, the mass is iso-attentuating to the liver.
hepatoblastoma
hepatocellular carcinoma
hepatoblastoma
mesenchymal hamartoma
hemangioendothelioma
hepatic adenoma
abdominal mass found on well baby exam at 3 months.  patient was sent to tertiary facility to evaluate.


Keywords by value: 
- phase: 0.1582570030854235
- hepatoblastoma: 0.10256587922791263
- ten: 0.09330939631606824
- minute: 0.08944920012657241
- portal: 0.0708351229989006
- iso-attentuating: 0.069413530897374
- baby: 0.06553634761903898
- 193: 0.06076304043542038
- non-con: 0.06076304043542038
- arterial: 0.058903064704451516
- hepatic: 0.05619676144576397
- delayed: 0.05477134400417606
- enhancment: 0.05303997545107608
- hemangioendothelioma: 0.05303997545107608
- hypo: 0.05211254997346676
- images: 0.051630358801554456
- heterogenously: 0.050532465757229354
- attenuating: 0.049847336804555095
- venous: 0.04884701761349809
- tertiary: 0.048090300967435336
- mass: 0.04678980342313246
- mesenchymal: 0.045440913277504526
- predominately: 0.04317570010859287
- afp: 0.0414186642714731
- nourished: 0.04056658880186498
- hepatocellular: 0.03876927658154229
- ruq: 0.037859726289244305
- hamartoma: 0.03679042281555091
- facility: 0.03679042281555091
- inner: 0.0361890607778771
- nontender: 0.03452520964663924
- heterogenous: 0.03452520964663924
- sent: 0.0342489000418261
- abdominal: 0.03363652343499394
- 3: 0.03151142561742582
- well: 0.030442219731789778
- pe: 0.030226651035794673
- exam: 0.02956273921180375
- on: 0.028499646156119215
- adenoma: 0.028098380722881986
- non: 0.02781350153723236
- single: 0.027272915673153004
- evaluate: 0.0271986319547801
- peripheral: 0.024345931669402496
- liver: 0.02319859457348601
- found: 0.021204926098048128
- some: 0.020432505935958734
- axial: 0.0192030824887234
- carcinoma: 0.01907029661429816
- months: 0.018377490509370608
- lobe: 0.018104923999397907
- cm: 0.01804689856548808
- enhancement: 0.018035344615142015
- anterior: 0.0173290773524625
- demonstrate: 0.01548387512860662
- it: 0.015124790429393832
- contrast: 0.015061225880377208
- demonstrates: 0.014697804737426661
- is: 0.013282459331922652
- ,: 0.012789451914202552
- to: 0.01008822303408629
- ct: 0.009411839790488527
- at: 0.009116245297886873
- was: 0.007781712773336116
- right: 0.007099462276459974
- patient: 0.006744818353672346
- in: 0.00663617685260244
- the: 0.006531462269462636
- (: 0.005687887608219374
- ): 0.005618407024514213
- and: 0.00425218123776894
- a: 0.003122833085185837
- .: 0.002515715156504854
- with: 0.000921292725117242
