Texto: 
rf – 88.9

uric acid – 5.5
hands / wrist – marginal erosions and subchondral cyst formation at all metacarpophalangeal and proximal interphalangeal joints; ulnar styloid process marginal erosion ; periarticular osteopenia

elbow – periarticular osteopenia, joint space narrowing, bony erosion proximal ulna, lack of osteophytes, joint effusion

feet: marginal erosions and subchondral cyst formation at metatarsophalangeal joints – most notably the 4th / 5th rays
rheumatoid arthritis
44 year old female with hand, elbow, and foot swelling


Keywords by value: 
- –: 0.22358750723200568
- marginal: 0.1952317185731964
- periarticular: 0.13420920898239708
- osteopenia: 0.11547374005247535
- erosions: 0.11018560418745997
- subchondral: 0.10429732752744575
- elbow: 0.10253021341168012
- 88.9: 0.10250602818565696
- erosion: 0.10036531985200542
- /: 0.09814880404260252
- joints: 0.0909358987332109
- formation: 0.08202910216911542
- rays: 0.07832647537542631
- metacarpophalangeal: 0.07695690519337532
- metatarsophalangeal: 0.07695690519337532
- uric: 0.07361176481602905
- notably: 0.07026662443868276
- rf: 0.06956168697570095
- styloid: 0.06889705425663178
- interphalangeal: 0.06826836563720998
- 5.5: 0.06767193198154078
- joint: 0.06426579662888561
- ulna: 0.059906474160893626
- proximal: 0.05966379492341896
- osteophytes: 0.059612081044797226
- acid: 0.05824251086274626
- cyst: 0.053403979907583776
- ulnar: 0.052302678028258
- hands: 0.05140778220109371
- 5th: 0.05112416065313837
- 44: 0.05098490261771144
- feet: 0.05084729264507188
- 4th: 0.05005417345871684
- ;: 0.04710281833610683
- rheumatoid: 0.04693482477738336
- wrist: 0.04590679038966181
- lack: 0.045212380683829
- arthritis: 0.042450377326081215
- foot: 0.041073426688703604
- hand: 0.040839692045435146
- narrowing: 0.0398424034203488
- bony: 0.03973669444707843
- process: 0.03825657540505482
- effusion: 0.03775783628145815
- swelling: 0.033102451906757355
- space: 0.03286694194275157
- all: 0.028103761505015007
- at: 0.02692472448445658
- most: 0.022939943508466
- female: 0.020427445016835275
- ,: 0.01888674875702005
- :: 0.013142730418496104
- year: 0.011117503131080404
- old: 0.010173658103049472
- and: 0.008372511894521789
- the: 0.0016075498221351837
- with: 0.0013605136754638342
- of: 0.0013546953581161445
