Texto: 
rf – 88.9

uric acid – 5.5
hands / wrist – marginal erosions and subchondral cyst formation at all metacarpophalangeal and proximal interphalangeal joints; ulnar styloid process marginal erosion ; periarticular osteopenia

elbow – periarticular osteopenia, joint space narrowing, bony erosion proximal ulna, lack of osteophytes, joint effusion

feet: marginal erosions and subchondral cyst formation at metatarsophalangeal joints – most notably the 4th / 5th rays
rheumatoid arthritis
44 year old female with hand, elbow, and foot swelling


Keywords by value: 
- –: 0.22358750723200568 (572)
- marginal: 0.1952317185731964 (32)
- periarticular: 0.13420920898239708 (31)
- osteopenia: 0.11547374005247535 (65)
- erosions: 0.11018560418745997 (92)
- subchondral: 0.10429732752744575 (128)
- elbow: 0.10253021341168012 (228)
- 88.9: 0.10250602818565696 (1)
- erosion: 0.10036531985200542 (208)
- /: 0.09814880404260252 (9607)
- joints: 0.0909358987332109 (243)
- formation: 0.08202910216911542 (928)
- rays: 0.07832647537542631 (70)
- metacarpophalangeal: 0.07695690519337532 (11)
- metatarsophalangeal: 0.07695690519337532 (10)
- uric: 0.07361176481602905 (44)
- notably: 0.07026662443868276 (17)
- rf: 0.06956168697570095 (2037)
- styloid: 0.06889705425663178 (25)
- interphalangeal: 0.06826836563720998 (28)
- 5.5: 0.06767193198154078 (39)
- joint: 0.06426579662888561 (1154)
- ulna: 0.059906474160893626 (229)
- proximal: 0.05966379492341896 (840)
- osteophytes: 0.059612081044797226 (54)
- acid: 0.05824251086274626 (111)
- cyst: 0.053403979907583776 (3901)
- ulnar: 0.052302678028258 (166)
- hands: 0.05140778220109371 (111)
- 5th: 0.05112416065313837 (161)
- 44: 0.05098490261771144 (202)
- feet: 0.05084729264507188 (112)
- 4th: 0.05005417345871684 (138)
- ;: 0.04710281833610683 (2912)
- rheumatoid: 0.04693482477738336 (171)
- wrist: 0.04590679038966181 (388)
- lack: 0.045212380683829 (253)
- arthritis: 0.042450377326081215 (476)
- foot: 0.041073426688703604 (532)
- hand: 0.040839692045435146 (547)
- narrowing: 0.0398424034203488 (329)
- bony: 0.03973669444707843 (304)
- process: 0.03825657540505482 (446)
- effusion: 0.03775783628145815 (600)
- swelling: 0.033102451906757355 (562)
- space: 0.03286694194275157 (822)
- all: 0.028103761505015007 (11660)
- at: 0.02692472448445658 (83424)
- most: 0.022939943508466 (1722)
- female: 0.020427445016835275 (1301)
- ,: 0.01888674875702005 (45533)
- :: 0.013142730418496104 (11095)
- year: 0.011117503131080404 (4271)
- old: 0.010173658103049472 (3947)
- and: 0.008372511894521789 (31978)
- the: 0.0016075498221351837 (67588)
- with: 0.0013605136754638342 (23954)
- of: 0.0013546953581161445 (41955)
