Texto: 
lle pain and swelling.
anticoagulation
non-compressible popliteal vein.
dvt
•dvt
•muscle strain
•venous insufficiency
•bakers cyst
30 year old white male.  s/p left tibia ex-fix.  lle pain/swelling x1 day.
lle trauma, surgery and immobilization contributed to the patient’s dvt.


Keywords by value: 
- lle: 0.401101446948008
- dvt: 0.22423046747838965
- •dvt: 0.18365663383263536
- •venous: 0.18365663383263536
- •bakers: 0.18365663383263536
- ex-fix: 0.18365663383263536
- pain/swelling: 0.18365663383263536
- •muscle: 0.16921606757096985
- x1: 0.16921606757096985
- non-compressible: 0.15477550130930431
- contributed: 0.1246313558314642
- strain: 0.10958688255160592
- popliteal: 0.10787358883833567
- immobilization: 0.09575022330813315
- insufficiency: 0.09455942301980089
- anticoagulation: 0.08991059903408818
- tibia: 0.08177436032801551
- s/p: 0.07467520431483149
- 30: 0.06846019450948072
- vein: 0.06441527754196077
- swelling: 0.05930855966627359
- white: 0.0590438377648337
- day: 0.0565199964448527
- ’: 0.05320889040928033
- s: 0.05105765973155389
- trauma: 0.048687682953290186
- cyst: 0.047841065333877136
- surgery: 0.043229147174172394
- male: 0.03219178203932235
- pain: 0.021741836823556973
- year: 0.019918859776519054
- left: 0.019918859776519054
- old: 0.01822780410129697
- patient: 0.01784566522742475
- to: 0.00889725225922888
- and: 0.0075003752388424355
- ,: 0.0056397930316101534
- .: 0.004437442012168284
- the: 0.0028801934313255374
