Texto: 
n/a
treatment is supportive to include analgesics and hydration.
diffuse serpentine t1 intermediate signal and t2 hyperintense lesions in both femurs.
bone infarcts, sickle cell disease
• bone infarcts due to sickle cell disease
• trauma 
• bone infarcts due to steroid use 
• collagen vascular disease 
• hemophilia 
• bone infarcts due to gaucher disease 
• infection (osteomyelitis)
• radiation therapy
• diffuse metastatic disease
20 year old man with leg pain.


Keywords by value: 
- infarcts: 0.2327094034830578 (105)
- •: 0.17852062233370874 (8449)
- sickle: 0.11952338890492147 (123)
- bone: 0.10751568007391746 (2205)
- disease: 0.08840111020352559 (3336)
- due: 0.08659280327669011 (1041)
- hemophilia: 0.08244219406294244 (20)
- gaucher: 0.0764927810345154 (16)
- hydration: 0.07431746132658301 (55)
- femurs: 0.07431746132658301 (22)
- serpentine: 0.07305058210434272 (23)
- analgesics: 0.0718990406080677 (26)
- diffuse: 0.06549385874367886 (824)
- intermediate: 0.0623252927323528 (64)
- collagen: 0.06157309753651988 (73)
- cell: 0.058436473710923705 (1988)
- steroid: 0.057107004186864915 (321)
- osteomyelitis: 0.05027001693047983 (273)
- supportive: 0.047829947108264166 (159)
- hyperintense: 0.044907091960799624 (240)
- use: 0.04275239386130763 (3806)
- leg: 0.04253414314694679 (693)
- n/a: 0.03917983097922894 (371)
- 20: 0.03889259792603818 (2416)
- radiation: 0.035496851260282736 (533)
- vascular: 0.03546586415093287 (1123)
- t1: 0.03428475362309169 (949)
- infection: 0.03144324777307351 (920)
- t2: 0.030615047705700657 (1171)
- include: 0.03034371503835806 (1283)
- trauma: 0.02958238964250543 (1386)
- lesions: 0.02895646210561959 (1314)
- therapy: 0.028919503749881177 (1469)
- signal: 0.028519928231300996 (1276)
- both: 0.027622784692229382 (1020)
- metastatic: 0.0272292329571657 (1079)
- man: 0.025581415735316446 (4104)
- treatment: 0.02189388556456819 (1790)
- to: 0.02162370169331576 (40381)
- pain: 0.013210229968743476 (5051)
- year: 0.012102598345226768 (4271)
- old: 0.011075121479269045 (3947)
- (: 0.009143819319542537 (9594)
- ): 0.009032122684978544 (10569)
- is: 0.007117604789680071 (65037)
- in: 0.0053341421536741125 (113220)
- and: 0.004557190018537176 (31978)
- ,: 0.003426709690092245 (45533)
- with: 0.0014810655201251866 (23954)
- .: 0.0013480836492663142 (82185)
