Texto: 
non-contributory.
pa and lateral chest radiograph demonstrate a lul nodule.
axial ct images demonstrate a spiculated lul mass and a prominent lymph node in the aorticopulmonary window.
non-small cell lung cancer
metastatic process.
primary lung cancer.
organized scar.
localized infectious process.
history of smoking.
the ap window node was found positive for adenocarcinoma.


Keywords by value: 
- lul: 0.20163126020983746 (262)
- window: 0.15949411009866477 (129)
- aorticopulmonary: 0.13100598779687989 (3)
- node: 0.12613689179122803 (437)
- organized: 0.10674667494564964 (18)
- process: 0.10613114467208756 (446)
- non-small: 0.09386751855504043 (33)
- cancer: 0.09061823433434726 (830)
- spiculated: 0.08394516953745602 (43)
- lung: 0.07984384258834665 (1511)
- scar: 0.07191628382704687 (242)
- smoking: 0.06960820570381021 (113)
- localized: 0.06712190441627379 (121)
- demonstrate: 0.0634339400430013 (3313)
- adenocarcinoma: 0.05954120071876192 (301)
- infectious: 0.05925572366877158 (227)
- pa: 0.05764147433720735 (30924)
- nodule: 0.056809896761967835 (649)
- prominent: 0.05656856010589183 (252)
- lymph: 0.05563778078942978 (1772)
- non-contributory: 0.050903809809788335 (287)
- ap: 0.05040578983294254 (13322)
- positive: 0.044723961133614785 (589)
- radiograph: 0.04390239764389294 (1777)
- found: 0.04343589700729213 (642)
- primary: 0.04082877843380155 (748)
- axial: 0.03933534638819147 (1143)
- cell: 0.037229688896475585 (1988)
- metastatic: 0.03469531296154984 (1079)
- chest: 0.03297950000092772 (1824)
- lateral: 0.029784968477815327 (4830)
- images: 0.026439740192731518 (1966)
- ct: 0.019279091183742627 (27172)
- a: 0.019190312991222643 (549576)
- mass: 0.019168725918509103 (5255)
- history: 0.019035718350114247 (2881)
- was: 0.015939960035704626 (7680)
- for: 0.011759808849076049 (12260)
- in: 0.006796729518391208 (113220)
- and: 0.005806742120394144 (31978)
- .: 0.005153158465743815 (82185)
- the: 0.004459654345278252 (67588)
- of: 0.001879093561257878 (41955)
