Texto: 
non-contributory.
pa and lateral chest radiograph demonstrate a lul nodule.
axial ct images demonstrate a spiculated lul mass and a prominent lymph node in the aorticopulmonary window.
non-small cell lung cancer
metastatic process.
primary lung cancer.
organized scar.
localized infectious process.
history of smoking.
the ap window node was found positive for adenocarcinoma.


Keywords by value: 
- lul: 0.20163126020983746
- window: 0.15949411009866477
- aorticopulmonary: 0.13100598779687989
- node: 0.12613689179122803
- organized: 0.10674667494564964
- process: 0.10613114467208756
- non-small: 0.09386751855504043
- cancer: 0.09061823433434726
- spiculated: 0.08394516953745602
- lung: 0.07984384258834665
- scar: 0.07191628382704687
- smoking: 0.06960820570381021
- localized: 0.06712190441627379
- demonstrate: 0.0634339400430013
- adenocarcinoma: 0.05954120071876192
- infectious: 0.05925572366877158
- pa: 0.05764147433720735
- nodule: 0.056809896761967835
- prominent: 0.05656856010589183
- lymph: 0.05563778078942978
- non-contributory: 0.050903809809788335
- ap: 0.05040578983294254
- positive: 0.044723961133614785
- radiograph: 0.04390239764389294
- found: 0.04343589700729213
- primary: 0.04082877843380155
- axial: 0.03933534638819147
- cell: 0.037229688896475585
- metastatic: 0.03469531296154984
- chest: 0.03297950000092772
- lateral: 0.029784968477815327
- images: 0.026439740192731518
- ct: 0.019279091183742627
- a: 0.019190312991222643
- mass: 0.019168725918509103
- history: 0.019035718350114247
- was: 0.015939960035704626
- for: 0.011759808849076049
- in: 0.006796729518391208
- and: 0.005806742120394144
- .: 0.005153158465743815
- the: 0.004459654345278252
- of: 0.001879093561257878
