Texto: 
there were some findings
adult medulloblastoma
this patient had some problem ...


Keywords by value: 
- ...: 0.4511934201920285 (43)
- some: 0.4324880423111265 (974)
- medulloblastoma: 0.4137809018547033 (86)
- problem: 0.38936530813124715 (219)
- adult: 0.35690991090110347 (253)
- were: 0.16169052805749343 (1679)
- had: 0.15365415160339235 (2121)
- findings: 0.15156974464916328 (1669)
- there: 0.10597629637208239 (3976)
- this: 0.08009476777617774 (5602)
- patient: 0.071382660909699 (8535)
