Texto: 
there were some findings
adult medulloblastoma
this patient had some problem ...


Keywords by value: 
- ...: 0.4511934201920285
- some: 0.4324880423111265
- medulloblastoma: 0.4137809018547033
- problem: 0.38936530813124715
- adult: 0.35690991090110347
- were: 0.16169052805749343
- had: 0.15365415160339235
- findings: 0.15156974464916328
- there: 0.10597629637208239
- this: 0.08009476777617774
- patient: 0.071382660909699
