Texto: 
blind in both eyes
n/a
axial mr images demonstrate encephalomalacia of the lateral lenticular nuclei bilaterally
methanol toxicity, putamen (basal ganglia)
• methanol toxicity
• ethylene glycol
• carbon monoxide
• no2 toxicity
this 46 y.o. man had a toxic ingestion many years prior


Keywords by value: 
- toxicity: 0.37389406749439263 (24)
- methanol: 0.28623367812129935 (12)
- no2: 0.16921606757096985 (2)
- ethylene: 0.15477550130930431 (14)
- glycol: 0.1501266773235916 (6)
- lenticular: 0.13788112180479745 (11)
- •: 0.1305845292996573 (8449)
- encephalomalacia: 0.13022018888552 (19)
- putamen: 0.12867627279898414 (26)
- monoxide: 0.12867627279898414 (19)
- carbon: 0.12344055554313195 (31)
- blind: 0.11145380252430773 (68)
- nuclei: 0.11145380252430773 (41)
- ingestion: 0.10842917731921403 (51)
- toxic: 0.10435116529575372 (175)
- eyes: 0.09575022330813315 (89)
- 46: 0.0942720621420439 (157)
- ganglia: 0.09110139932242045 (121)
- basal: 0.0811570312112161 (202)
- many: 0.07317111491473796 (247)
- n/a: 0.06448347181998096 (371)
- bilaterally: 0.05847302580258132 (732)
- mr: 0.056566655665550705 (2711)
- years: 0.05227589868788505 (760)
- y.o: 0.05138290484555625 (586)
- axial: 0.05080815575141399 (1143)
- prior: 0.0457106827542159 (948)
- both: 0.04546249980596086 (1020)
- man: 0.04210274673104165 (4104)
- demonstrate: 0.04096775294443834 (3313)
- lateral: 0.03847225095051146 (4830)
- had: 0.03841353790084809 (2121)
- images: 0.034151331082278205 (1966)
- this: 0.020023691944044436 (5602)
- (: 0.015049202630080426 (9594)
- ): 0.014865368585693855 (10569)
- in: 0.00877910896125531 (113220)
- a: 0.00826249587122086 (549576)
- ,: 0.0056397930316101534 (45533)
- the: 0.0028801934313255374 (67588)
- of: 0.0024271625166247587 (41955)
- .: 0.0007395736686947141 (82185)
