Texto: 
decrease level of consciousness
• antihypertensive therapy
• intubation and supportive measures
• ct-- high attenuation lesion in the central pons.
• mri--pontine lesion with minimal signal intensity change on t1 and t2 scans.
• no contrast enhancement.
pontine hypertensive hemorrhage
• metastatic disease
• avm
• vasculitis
• hypertensive vascular disease
53 year old woman with history of uncontrolled hypertension.


Keywords by value: 
- •: 0.20739895829945576
- pontine: 0.1711701808944855
- hypertensive: 0.14865642083155692
- --: 0.11544615575719837
- antihypertensive: 0.10597177222841761
- uncontrolled: 0.09083031021104764
- intubation: 0.08012092049970623
- pons: 0.0718190116359143
- 53: 0.06780626183199312
- vasculitis: 0.06430687010994385
- consciousness: 0.06379678837482781
- avm: 0.059861563170636
- scans: 0.0585181840737503
- decrease: 0.0575035830224716
- supportive: 0.05556714443460102
- measures: 0.05377151654047013
- lesion: 0.05119280076471926
- attenuation: 0.050523839270971156
- hypertension: 0.04954089782794394
- minimal: 0.04947764662354114
- change: 0.04898119838935063
- intensity: 0.04542162759381325
- hemorrhage: 0.04182730270847111
- central: 0.04134751995382293
- vascular: 0.04120298923417201
- disease: 0.04108051591810895
- t1: 0.03983081670918005
- level: 0.03621895628892547
- t2: 0.03556748189338753
- high: 0.03439038325112964
- enhancement: 0.03368365832533876
- therapy: 0.03359765876824431
- signal: 0.03313344603342321
- metastatic: 0.03163396181788368
- woman: 0.02902798452189568
- mri: 0.02887170374874441
- contrast: 0.028129054217763315
- ct: 0.01757799490282416
- history: 0.017356096142751225
- year: 0.014060371606954628
- old: 0.012866685247974333
- no: 0.0126535904515265
- on: 0.010645456064197471
- in: 0.006197018090297867
- and: 0.0052943825215358365
- with: 0.0034412992967614627
- of: 0.0034265823764114242
- .: 0.0020882080057262513
- the: 0.002033077716229791
