Texto: 
none available
fluroscopic ercp images after contrast infusion into the common bile duct demonstrate multifocal areas of stricture and dilatation in the intrahepatic and extrahepatic ducts.
primary sclerosing cholangitis
primary sclerosing cholangitis
secondary sclerosing cholangitis due to 
 - inflammatory bowel disease 
 - bacterial/aids cholangitis
 - chronic obstruction from stones 
 - chemotherapy related
 - ischemia
diffuse cholangiocarcinoma
with pain, jaundice, pruritus and elevated liver function tests


Keywords by value: 
- cholangitis: 0.33161556433050304
- sclerosing: 0.2229846312473354
- -: 0.13468591608149733
- bacterial/aids: 0.12963997682303674
- fluroscopic: 0.10102365110163507
- pruritus: 0.10102365110163507
- ercp: 0.08418347015600268
- extrahepatic: 0.08290389108262576
- infusion: 0.0823035676337985
- cholangiocarcinoma: 0.07914016499237282
- jaundice: 0.07502862290091457
- primary: 0.07445247832046166
- intrahepatic: 0.07399012926541525
- ducts: 0.07211022674321106
- multifocal: 0.06758839292338811
- stricture: 0.06737370469660645
- bile: 0.06716210561642852
- tests: 0.06576048532518844
- stones: 0.06465702670838089
- ischemia: 0.05840193143393981
- duct: 0.05761292094140569
- dilatation: 0.05385627690395175
- function: 0.05327296430994541
- related: 0.05187134401870534
- chemotherapy: 0.04504332036971861
- obstruction: 0.04431470659690346
- inflammatory: 0.0435781756498827
- liver: 0.043326786924010645
- elevated: 0.04263700531410387
- areas: 0.04228451722420686
- available: 0.04224586836529114
- bowel: 0.03941108136595234
- diffuse: 0.03804422677022522
- chronic: 0.03539690636627941
- secondary: 0.03513279362512952
- due: 0.03353348754342411
- common: 0.032886282528770544
- none: 0.031172345689823626
- into: 0.02990185835234863
- demonstrate: 0.02891841384313295
- contrast: 0.028129054217763315
- after: 0.026000017685429446
- images: 0.024106821940431677
- disease: 0.020540257959054474
- from: 0.018624054605209005
- pain: 0.01534717893427551
- ,: 0.007962060750508452
- and: 0.007941573782303755
- to: 0.00628041335945568
- in: 0.006197018090297867
- the: 0.004066155432459582
- with: 0.0017206496483807314
- of: 0.0017132911882057121
- .: 0.0005220520014315628
