Texto: 
not available
surgery, chemotherapy, and radiation
• large heterogeneous mass in the right parietal lobe with extension across the splenium of the corpus callosum.
• mass enhances and has central regions of necrosis as well as perilesional edema.
glioblastoma multiforme (who grade 4 astrocytoma)
• metastatic disease
• tumefactive ms
• ependymoma
• astrocytoma (glioblastoma)
38 year old woman presents with headache and disorientation


Keywords by value: 
- glioblastoma: 0.1306845711053663 (88)
- •: 0.1305845292996573 (8449)
- disorientation: 0.09355662336509253 (8)
- astrocytoma: 0.09217639440759155 (413)
- perilesional: 0.0891336548773351 (13)
- splenium: 0.08578418186598943 (17)
- tumefactive: 0.07666224386058568 (35)
- multiforme: 0.06896348364245056 (63)
- across: 0.06343087752662693 (80)
- ms: 0.06343087752662693 (3435)
- 38: 0.06323386870729421 (203)
- callosum: 0.060898633682266445 (135)
- corpus: 0.0584770588608112 (162)
- enhances: 0.05606104070631901 (121)
- regions: 0.054308939521223176 (176)
- ependymoma: 0.053126192183163355 (232)
- parietal: 0.050704617361708115 (288)
- necrosis: 0.04684862102006534 (442)
- grade: 0.04520606656876348 (661)
- heterogeneous: 0.043641599399930626 (406)
- chemotherapy: 0.04254091368251201 (419)
- extension: 0.04236565723863407 (611)
- headache: 0.0407636866328583 (758)
- available: 0.03989887567833051 (447)
- central: 0.03905043551194388 (709)
- radiation: 0.03894793402169911 (533)
- as: 0.035904930719281324 (55990)
- edema: 0.03356838179765682 (980)
- 4: 0.03306905423859785 (7367)
- mass: 0.033012805748543456 (5255)
- lobe: 0.03193507427671575 (1492)
- who: 0.03094400568252364 (941)
- metastatic: 0.02987651949466792 (1079)
- surgery: 0.028819431449448263 (1277)
- woman: 0.027415318715123697 (987)
- well: 0.02684834656900904 (2228)
- large: 0.025951978219876104 (2420)
- presents: 0.024245059659832303 (1354)
- has: 0.022287499590198302 (2768)
- (: 0.020065603506773902 (9594)
- ): 0.019820491447591806 (10569)
- disease: 0.019399132516884778 (3336)
- not: 0.0171502593297491 (5583)
- year: 0.013279239851012703 (4271)
- right: 0.012522662626533565 (8044)
- old: 0.012151869400864646 (3947)
- ,: 0.007519724042146871 (45533)
- and: 0.0075003752388424355 (31978)
- in: 0.00585273930750354 (113220)
- the: 0.005760386862651075 (67588)
- with: 0.003250116002496937 (23954)
- of: 0.0032362166888330116 (41955)
- .: 0.0009860982249262854 (82185)
