Texto: 
<li>pain in the right lower quadrant.
<li>afebrile
<li>wbc 9.8
<li>hemoglobin 12.8 (low)
<li>hematocrit 37.8 (low)
<li>essentially normal metabolic panel
patient initially underwent colonoscopy which was positive for adenocarcinoma of the ascending colon. the patient subsequently underwent a right hemicolectomy which was positive for moderately differentiated adenocarcinoma of the ascending colon and cecum.
<li>soft tissue mass in the region of the cecum and ascending colon. 
<li>the appendix is not visualized
<li>multiple dilated loops of small bowel with wall enhancement
<li> fluid within the perirectal and right pericolic gutter
colon adenocarcinoma
<li>adenocarcinoma
<li>colitis
<li>ruptured appendix
patient presented to the emergency department with right lower quadrant pain for three days.


Keywords by value: 
- li: 0.38433052668848944 (26276)
- <: 0.27840812894495637 (613)
- >: 0.23966998500448922 (1162)
- adenocarcinoma: 0.09588453102761661 (301)
- ascending: 0.0892482841435566 (115)
- colon: 0.08716708856681402 (798)
- cecum: 0.06292501961577113 (78)
- 37.8: 0.05724362612965259 (1)
- appendix: 0.05404620875076591 (190)
- perirectal: 0.05274267041173087 (3)
- 12.8: 0.04679273059436622 (10)
- 9.8: 0.042975934069027784 (18)
- pericolic: 0.0422917748764445 (11)
- gutter: 0.0422917748764445 (14)
- hemicolectomy: 0.04110786866349674 (13)
- quadrant: 0.0390568303115072 (508)
- underwent: 0.03808046799322363 (413)
- positive: 0.036011501172521 (589)
- hemoglobin: 0.0337961072163784 (63)
- hematocrit: 0.032670966169144396 (60)
- panel: 0.032670966169144396 (59)
- colonoscopy: 0.03238231836024288 (76)
- moderately: 0.0317122908522219 (64)
- essentially: 0.03110497878721655 (58)
- low: 0.030859325361901294 (6753)
- colitis: 0.030444052200788357 (203)
- differentiated: 0.02965599468777363 (114)
- ruptured: 0.02887058812661998 (119)
- metabolic: 0.027405185544363043 (145)
- loops: 0.027211335134300175 (146)
- afebrile: 0.0256362595682527 (137)
- subsequently: 0.02515503896985191 (152)
- lower: 0.02495924765407614 (1849)
- department: 0.02488254417050755 (160)
- right: 0.023419005431439394 (8044)
- initially: 0.022584287949773896 (232)
- visualized: 0.022460598372042114 (265)
- emergency: 0.021011614272599195 (302)
- which: 0.02071616347068245 (2234)
- wbc: 0.020227758769972806 (388)
- dilated: 0.020162931211633952 (410)
- three: 0.018705352132122797 (473)
- bowel: 0.017402295668082855 (1076)
- days: 0.017006975949168685 (624)
- patient: 0.016686855797072492 (8535)
- wall: 0.01607246181973212 (1236)
- fluid: 0.01577038379612892 (1076)
- region: 0.01567273524181372 (1007)
- presented: 0.015125698928716944 (764)
- enhancement: 0.014873303676123611 (898)
- for: 0.014203405493039905 (12260)
- pain: 0.013553352825074477 (5051)
- soft: 0.013512511454503573 (1339)
- tissue: 0.013152085639302558 (1668)
- was: 0.012834773015762167 (7680)
- small: 0.012782956392085187 (1623)
- multiple: 0.011687051970644603 (1682)
- within: 0.010585268885623908 (1927)
- (: 0.009381321120050138 (9594)
- ): 0.009266723274198767 (10569)
- normal: 0.008698782172721437 (4858)
- the: 0.008079503651510599 (67588)
- not: 0.00801830306325932 (5583)
- mass: 0.007717279265893277 (5255)
- in: 0.0054726913005227916 (113220)
- is: 0.0036512388206800367 (65037)
- and: 0.0035066689428354244 (31978)
- of: 0.0030260727479997 (41955)
- to: 0.0027731695353440666 (40381)
- a: 0.002575323388432476 (549576)
- with: 0.0015195347544141526 (23954)
- .: 0.001152582340822931 (82185)
