Texto: 
swelling
ttp over distal radius
pain with wrist rotation
patient was treated conservatively with short-term casting.
there is a buckle fracture of the lateral and volar aspect of the distal radial metaphysis. minimal volar angulation is present. no other fractures are evident. soft tissue swelling is present adjacent to the fracture.
torus fracture/buckle fracture of the distal radius
complete fracture
greenstick fracture
torus fracture
10 year-old girl presented to clinic with wrist pain after a fall from her skateboard.


Keywords by value: 
- fracture: 0.15904054096043144 (2836)
- torus: 0.1470722133295285 (24)
- volar: 0.12987486018734515 (46)
- radius: 0.11069751905395733 (107)
- wrist: 0.09289374055319802 (388)
- skateboard: 0.0874026360334895 (8)
- fracture/buckle: 0.0847774177827341 (5)
- greenstick: 0.0826324582910405 (13)
- distal: 0.08199806784515389 (1134)
- short-term: 0.07662274507026415 (12)
- buckle: 0.07185256732781516 (31)
- swelling: 0.06698378503485017 (562)
- casting: 0.05946256833262277 (49)
- angulation: 0.058416127320664 (82)
- ttp: 0.05700266482840443 (609)
- conservatively: 0.05594206368729505 (62)
- metaphysis: 0.050013767441160734 (128)
- rotation: 0.04830574379593135 (393)
- radial: 0.04609033675312455 (244)
- evident: 0.04600286641797728 (167)
- present: 0.04541197068074543 (4525)
- clinic: 0.04492124882591039 (1161)
- fall: 0.04422673668962577 (368)
- minimal: 0.03958211729883292 (368)
- fractures: 0.03806810115270913 (616)
- year-old: 0.036926642608214315 (556)
- complete: 0.0353808933410124 (705)
- girl: 0.03534561683517409 (357)
- 10: 0.0338896968040813 (1995)
- adjacent: 0.03178630875452079 (562)
- aspect: 0.03157990511156891 (641)
- her: 0.030228372452763948 (13092)
- treated: 0.030092362777457166 (646)
- presented: 0.02740420747085187 (764)
- over: 0.025595795178117206 (1978)
- pain: 0.024555486294840816 (5051)
- soft: 0.02448149134110059 (1339)
- tissue: 0.023828484570030513 (1668)
- other: 0.023172218220028806 (2604)
- lateral: 0.021725506419112358 (4830)
- after: 0.02080001414834356 (1714)
- is: 0.019845556884166785 (65037)
- there: 0.014961359487823397 (3976)
- from: 0.014899243684167203 (3282)
- are: 0.013704398500348255 (8518)
- was: 0.011626794378984551 (7680)
- no: 0.0101228723612212 (35870)
- patient: 0.010077552128428093 (8535)
- to: 0.010048661375129088 (40381)
- a: 0.009331760042790618 (549576)
- the: 0.006505848691935332 (67588)
- with: 0.004129559156113755 (23954)
- of: 0.00411189885169371 (41955)
- .: 0.002505849606871502 (82185)
- and: 0.0021177530086143345 (31978)
