Texto: 
not available.
hyperechoic bilateral renal pyramids with cortical thinning.
medullary nephrocalcinosis
hyperparathyroidism
medullary sponge kidney
distal renal tubular acidosis
hypercalcemic states
non-contributory.


Keywords by value: 
- medullary: 0.32847905781233316 (309)
- hypercalcemic: 0.32489484973626215 (3)
- pyramids: 0.2470584437740496 (15)
- nephrocalcinosis: 0.23929220319641129 (37)
- sponge: 0.23929220319641129 (38)
- acidosis: 0.22078726231848678 (33)
- renal: 0.20539804395664554 (1899)
- thinning: 0.20311395222732517 (47)
- hyperparathyroidism: 0.17939140334720668 (96)
- hyperechoic: 0.17088894566785978 (131)
- states: 0.16078911513479027 (173)
- tubular: 0.1591694606806008 (175)
- non-contributory: 0.12624144832827508 (287)
- cortical: 0.12460299402303247 (525)
- kidney: 0.12041533820200039 (1021)
- available: 0.11490876195359188 (447)
- distal: 0.09293114355784107 (1134)
- bilateral: 0.08295270917257776 (2204)
- not: 0.049392746869677415 (5583)
- with: 0.00468016704359559 (23954)
- .: 0.004259944331681553 (82185)
