Texto: 
left parotid mass
contrast enhanced axial ct images demonstrates an ill-defined hypodense mass with rim enhancement in the left parotid gland.  it measures approximately 2.4 x 1.2 x 4.0 cm in the a-p,transverse and craniocaudad dimensions, respectively.
warthin  tumor
warthin's tumor
pleomorphic adenoma
abscess
lymphoma
mucoepidermoid carcinoma
adenoid cystic carcionoma
with left parotid swelling


Keywords by value: 
- parotid: 0.29098930752062535
- warthin: 0.23412529849128141
- carcionoma: 0.13537285405677588
- mucoepidermoid: 0.11706264924564071
- craniocaudad: 0.11449347124851975
- 4.0: 0.10551019623630829
- adenoid: 0.1007154950287786
- a-p: 0.09785132408000097
- dimensions: 0.09699643584020845
- x: 0.09396887784491591
- 1.2: 0.08969218699135587
- 2.4: 0.08865018104166696
- respectively: 0.08206163543093119
- ill-defined: 0.0804422396233704
- pleomorphic: 0.08013642064556711
- hypodense: 0.07588064244875305
- tumor: 0.06640774338702704
- enhanced: 0.06094105207919948
- measures: 0.06094105207919948
- gland: 0.06065614485654448
- rim: 0.060283689878344544
- adenoma: 0.059474905863433535
- transverse: 0.05710744490249996
- left: 0.04780526346364574
- swelling: 0.047446847733018875
- abscess: 0.04503060406890445
- approximately: 0.04406363044259305
- cystic: 0.04107721178752931
- lymphoma: 0.0407033105731581
- axial: 0.04064652460113119
- carcinoma: 0.040365461166931106
- mass: 0.03961536689825215
- cm: 0.0381992686302831
- enhancement: 0.038174812768717266
- it: 0.032014139742216945
- contrast: 0.031879594780131755
- 's: 0.03140077697278408
- demonstrates: 0.031110353360886432
- images: 0.02732106486582257
- ct: 0.019921727556534048
- an: 0.019694414404745498
- in: 0.014046574338008497
- ,: 0.009023668850576245
- the: 0.00460830949012086
- with: 0.0039001392029963246
- and: 0.003000150095536974
- .: 0.0011833178699115425
