Texto: 
negative
none
• extraconal lesion medial aspect of right orbit
• appears to be vascular 
• calcified nidus within lesion
• enhances with contrast
• seen on late arterial and venous phase of digital angiogram
• contains a fluid-contrast level.
orbital venous varix, right side
• cavernous angioma
• venous varix
• metastatic disease
• avm
• cavernous sinus fistula
72 y.o. woman with right orbital pain and intermittent proptosis.


Keywords by value: 
- •: 0.23293456577776714
- varix: 0.1788728066656832
- venous: 0.12574806561312687
- fluid-contrast: 0.11912862735089863
- orbital: 0.10954985105861466
- cavernous: 0.10712130162288869
- extraconal: 0.0894364033328416
- nidus: 0.07510029575601374
- digital: 0.07362462964837871
- angioma: 0.06768724235400242
- 72: 0.0654760339245186
- proptosis: 0.0644927994071885
- contains: 0.061716529485366746
- late: 0.060082034749992935
- orbit: 0.05817106645202228
- fistula: 0.056628994738949015
- angiogram: 0.055856583741111875
- avm: 0.05500792291355741
- enhances: 0.05454587744398607
- phase: 0.05432064700499672
- arterial: 0.05054519741530637
- calcified: 0.04956789117774386
- intermittent: 0.04956789117774386
- lesion: 0.047042033135147425
- appears: 0.04298282190266552
- sinus: 0.042231877968141054
- side: 0.04000603380762258
- vascular: 0.0378622063232932
- medial: 0.03693647991337908
- right: 0.03655263685582771
- aspect: 0.03627421533085618
- negative: 0.034488110288849655
- y.o: 0.033329451791712164
- level: 0.03328228415739098
- metastatic: 0.029069045994812033
- none: 0.02864485820145955
- woman: 0.02667436415525549
- contrast: 0.025848320091998722
- seen: 0.022819292095509328
- within: 0.02202880281602813
- disease: 0.018874831638050055
- be: 0.017807523288431475
- pain: 0.01410281307473966
- on: 0.00978231097791119
- to: 0.005771190654634949
- a: 0.0053594567813324496
- and: 0.004865108263032931
- ,: 0.003658244128611992
- with: 0.0031622750294564793
- of: 0.0031487513729186066
- .: 0.0014391703823248491
