Texto: 
normal
surgical removal
mixed signal intensity, enhancing mass in the fourth ventricle.  no invasion of the cerebellum or spinal metastatic disease.
subependymoma (who gr 1) fourth ventricle
• choroid plexus papilloma
• ependymoma
• medulloblastoma
• subpendymoma
• meningioma
37 year old man who had a ct scan of the brain performed after an mva.


Keywords by value: 
- fourth: 0.13552089169974685 (147)
- subpendymoma: 0.13315362694109104 (3)
- •: 0.12844379931113833 (8449)
- ventricle: 0.10499640385503042 (556)
- subependymoma: 0.09906442133978224 (19)
- gr: 0.09906442133978224 (9046)
- medulloblastoma: 0.08139952167633509 (86)
- who: 0.07304814456202302 (941)
- choroid: 0.07149460865103263 (217)
- papilloma: 0.07038901388389275 (167)
- 37: 0.07038901388389275 (248)
- cerebellum: 0.06969131528686331 (122)
- mva: 0.06969131528686331 (219)
- plexus: 0.06806687425990872 (209)
- invasion: 0.06745964029793577 (140)
- ependymoma: 0.06270632519979938 (232)
- mixed: 0.06152333427769724 (201)
- removal: 0.05522591889016702 (264)
- meningioma: 0.053870316991066806 (444)
- intensity: 0.050633945514414774 (622)
- spinal: 0.050160265743927644 (1010)
- enhancing: 0.043933664473520644 (642)
- brain: 0.04215330366070102 (978)
- scan: 0.039217564925130795 (1175)
- performed: 0.03905866116766097 (901)
- signal: 0.03693564475857015 (1276)
- metastatic: 0.03526408858387033 (1079)
- 1: 0.03333321914688044 (15898)
- man: 0.03313003021459015 (4104)
- had: 0.030227046217060793 (2121)
- surgical: 0.029446258528712355 (1704)
- after: 0.028983626272282008 (1714)
- disease: 0.022897336741241052 (3336)
- normal: 0.021960859911460674 (4858)
- ct: 0.019595141858885952 (27172)
- mass: 0.019482967327009257 (5255)
- an: 0.019371555152208685 (75109)
- or: 0.016418405720716518 (60128)
- year: 0.01567385687332647 (4271)
- old: 0.014343190112495978 (3947)
- no: 0.014105641814816426 (35870)
- (: 0.011841995512194435 (9594)
- ): 0.011697339214972215 (10569)
- in: 0.006908151313774672 (113220)
- the: 0.006799145149358646 (67588)
- a: 0.006501636095386907 (549576)
- ,: 0.004437869926512908 (45533)
- of: 0.0038197967474750305 (41955)
- .: 0.0017458788244596529 (82185)
