Texto: 
forearm is physically deformed.
frontal and lateral radiographs demonstrate a monteggia classification forearm fracture with fracture of the ulna and dislocation about the radiohumeral joint.
monteggia fracture
12yo girl s/p trauma to arm.
monteggia fractures make up approximately 0.4% of forearm fractures.  the majority of these fractures are adequately treated with closed reduction.


Keywords by value: 
- monteggia: 0.4130019276308417 (5)
- forearm: 0.2524764824876156 (78)
- fractures: 0.16453162362611573 (616)
- radiohumeral: 0.14941556650790674 (1)
- 12yo: 0.13766730921028056 (2)
- physically: 0.11643403855781669 (7)
- fracture: 0.11456310153929385 (2836)
- deformed: 0.10594184858482984 (16)
- adequately: 0.1004262146791582 (25)
- 0.4: 0.09702501645098614 (60)
- ulna: 0.08732130131926868 (229)
- classification: 0.08277445408885037 (86)
- closed: 0.07840446918542496 (115)
- make: 0.07740717257486676 (164)
- majority: 0.07119318486652947 (116)
- reduction: 0.06827163866414326 (194)
- dislocation: 0.06813098098931791 (323)
- s/p: 0.060752708595117146 (261)
- arm: 0.06066231290061948 (609)
- about: 0.05583148315430935 (330)
- girl: 0.05092165137270844 (357)
- joint: 0.046837783983764085 (1154)
- radiographs: 0.045868997308510726 (624)
- frontal: 0.045496473465819615 (673)
- approximately: 0.0448104716365353 (626)
- treated: 0.04335340400142134 (646)
- trauma: 0.03961031833488015 (1386)
- up: 0.03894656188227497 (7615)
- these: 0.03769228291453966 (1129)
- %: 0.033785102260101826 (2175)
- demonstrate: 0.0333296973107295 (3313)
- lateral: 0.031299458400416105 (4830)
- are: 0.01974362495812884 (8518)
- is: 0.009530352176012299 (65037)
- to: 0.0072384425159828176 (40381)
- the: 0.007029624645947075 (67588)
- a: 0.006722030539298327 (549576)
- and: 0.0061020001943124895 (31978)
- of: 0.0059239220744739885 (41955)
- with: 0.003966243257284398 (23954)
- .: 0.0030084352624869725 (82185)
