Texto: 
bilateral hearing loss
orofacial cleft
mental retardation
agenesis of the corpus callosum
bilateral colobomas
orofacial cleft
mandibular  and maxillary hypoplasia
charge synrome
other syndromic malformations of the brain and face
3 year old girl with known charge syndrome.


Keywords by value: 
- orofacial: 0.45207786789571786 (2)
- charge: 0.3957387761691481 (302)
- colobomas: 0.22603893394785893 (1)
- synrome: 0.22603893394785893 (1)
- cleft: 0.21390397563205774 (181)
- syndromic: 0.18009638345483187 (11)
- retardation: 0.14797425605751474 (23)
- mandibular: 0.1356194333166753 (122)
- agenesis: 0.12959790534033166 (80)
- malformations: 0.122370952721332 (88)
- maxillary: 0.11980471019422989 (127)
- hypoplasia: 0.11940090616940578 (85)
- callosum: 0.11242824679803036 (135)
- hearing: 0.10795764712765145 (181)
- corpus: 0.10795764712765145 (162)
- face: 0.10744988745339043 (729)
- bilateral: 0.10634962714433045 (2204)
- mental: 0.10223601760677428 (588)
- girl: 0.07703531874332815 (357)
- known: 0.06933464319138 (769)
- brain: 0.06593209034109646 (978)
- loss: 0.06360164544790871 (858)
- syndrome: 0.06266427119832414 (1256)
- 3: 0.051307064787347166 (8405)
- other: 0.05050355253083201 (2604)
- year: 0.02451551972494653 (4271)
- old: 0.022434220432365502 (3947)
- and: 0.00923123106319069 (31978)
- the: 0.007089706907878246 (67588)
- of: 0.0059745538870763296 (41955)
- with: 0.003000107079227942 (23954)
- .: 0.0009102445153165711 (82185)
