Texto: 
non-contributory
none to date
• isodense subdural hematomas.
• the venticles are compressed and obviously much smaller than would be expected in a 92 year old man.
• the cerebral cortical sulci are also obliterated.
• there is no midline shift because the bilateral extra-axial collections are approximately equal in volume
bilateral subacute (isodense) subdural hematomas
• subdural empyema
• lymphoma
• intracranial hypotension
92 year old man presents with confusion.  on coumadin for "irregular heart beat" according to son.


Keywords by value: 
- subdural: 0.15592798927887883 (174)
- 92: 0.13443382202045578 (112)
- •: 0.12324831978844061 (8449)
- isodense: 0.12167013578212005 (39)
- hematomas: 0.12093328583104161 (61)
- venticles: 0.09905076880861234 (1)
- obviously: 0.07568625710434451 (8)
- beat: 0.07568625710434451 (35)
- obliterated: 0.0721081252940239 (11)
- son: 0.0721081252940239 (1055)
- coumadin: 0.060835067891060024 (41)
- hypotension: 0.05878651107315043 (46)
- compressed: 0.05847865743058734 (55)
- empyema: 0.05847865743058734 (67)
- confusion: 0.057602685054523164 (43)
- sulci: 0.054872952710586204 (55)
- according: 0.05342781363393347 (67)
- collections: 0.05164056987404934 (75)
- extra-axial: 0.05115548929129419 (85)
- equal: 0.050243966315874314 (129)
- subacute: 0.049266310394642514 (130)
- date: 0.04824415558334222 (300)
- expected: 0.04675907948099972 (151)
- bilateral: 0.046602645602571775 (2204)
- smaller: 0.04654707403937743 (121)
- shift: 0.045543196507513956 (173)
- man: 0.04541419872112357 (4104)
- volume: 0.0453527520320783 (189)
- much: 0.04444613505173962 (140)
- intracranial: 0.040578783560558454 (292)
- are: 0.03926541143358208 (8518)
- irregular: 0.03829602980344247 (401)
- midline: 0.037147529071219335 (381)
- non-contributory: 0.0354610809910885 (287)
- cortical: 0.03500084101770575 (525)
- would: 0.03416816717328191 (470)
- because: 0.033590093444787056 (430)
- heart: 0.03336044549335701 (585)
- cerebral: 0.03326344384004574 (595)
- approximately: 0.029705818275905425 (626)
- lymphoma: 0.027440434094263885 (867)
- than: 0.025157852302452516 (1107)
- none: 0.023817073111325915 (942)
- ``: 0.023597022894739517 (0)
- '': 0.023143252831261157 (0)
- year: 0.021485511669054262 (4271)
- old: 0.019661451614882124 (3947)
- presents: 0.01961398084840366 (1354)
- also: 0.018928310041237656 (2071)
- be: 0.014806255318471113 (14541)
- there: 0.014288938836685266 (3976)
- no: 0.009667911805660696 (35870)
- to: 0.009597036144786207 (40381)
- in: 0.0094696006773091 (113220)
- for: 0.00819222638924399 (12260)
- on: 0.008133606880510428 (91641)
- (: 0.008116423890380454 (9594)
- ): 0.008017277439475338 (10569)
- is: 0.0063178739144351195 (65037)
- the: 0.004660088248436825 (67588)
- a: 0.00445617754852361 (549576)
- and: 0.002022573098114814 (31978)
- .: 0.0019943559605250715 (82185)
- with: 0.0013146536639313453 (23954)
