Texto: 
moderate, non-focal ruq tenderness to palpation
elevated ast, alt
leukocytosis
cholecystectomy
•us of ruq shows gb wall to be ill-defined with dirty shadowing.
•ct shows intraluminal and intramural gas.
emphysematous cholecystitis
• gas gangrene
• periocholecystic abscess
• perforated viscus
56 y/o man with 1+ week of right upper quadrant pain


Keywords by value: 
- ruq: 0.17484309959032826
- periocholecystic: 0.16028215316302724
- gas: 0.1480213198401181
- •us: 0.1476794771528464
- dirty: 0.12770470826797167
- •ct: 0.12770470826797167
- gangrene: 0.12247412513248476
- viscus: 0.11841696965404458
- gb: 0.11668405729396596
- non-focal: 0.1136467103000902
- 1+: 0.10492719974987408
- emphysematous: 0.09969661661438715
- intramural: 0.0990585926178186
- perforated: 0.09670928840909122
- leukocytosis: 0.09563946113594698
- intraluminal: 0.08809502746207958
- ill-defined: 0.08775517049822225
- •: 0.08547351008704843
- shows: 0.08543177089923196
- ast: 0.08438420280128837
- alt: 0.08438420280128837
- cholecystectomy: 0.08303678512576616
- shadowing: 0.08252458736273532
- cholecystitis: 0.08252458736273532
- 56: 0.08178236928054887
- moderate: 0.061094496520159934
- quadrant: 0.05467956243611008
- week: 0.05276391669687687
- elevated: 0.05271484293380114
- palpation: 0.05185343782451003
- abscess: 0.049124295347895766
- tenderness: 0.047252951325120605
- wall: 0.04500289309524993
- y/o: 0.04302961872399346
- upper: 0.03749237282488579
- man: 0.03674421532890908
- be: 0.023959213151707803
- pain: 0.018974693955104267
- right: 0.016393303802007576
- to: 0.015529749397926772
- ,: 0.009844002382446813
- with: 0.004254697312359627
- of: 0.004236501847199579
- and: 0.0032728910133130625
- .: 0.0012908922217216828
