Texto: 
hr-120 bpm

lab:
tsh <0.01 (0.35-4.94) mciu/ml
ft4 >6.00 (0.70-1.48) ng/dl
cxr:
cardiomegaly
symmetric narrowing of the tracheal air column

tc-99m pertechnetate thyroid study:
diffuse enlargment of the thyroid with diffuse marked increased pertechnetate uptake.
graves disease with thyroid storm
>>graves disease with severe thyrotoxicosis (thyroid storm)
>>severe subacute thyroiditis (painless)
>>factitious thyrotoxicosis
new onset "racing heart", shortness of breath. new onset of mental agitation and disorientation.
this study demonstrates the utility of pertechnetate scanning in "emergency" evaluation of severe thyrotoxicosis. while no iodine uptake value can be determined, this study clearly demonstrates dramatic diffuse pertechnetate uptake and allows the clinician to treat the patient for graves' disease rather than subacute or painless thyroiditis.


Keywords by value: 
- pertechnetate: 0.17038513363727556 (24)
- >: 0.13706325932882724 (1162)
- thyrotoxicosis: 0.12932211861734402 (17)
- graves: 0.11068515561034699 (63)
- storm: 0.099394213952171 (7)
- thyroid: 0.09661551572206098 (1100)
- thyroiditis: 0.07422801682043244 (72)
- uptake: 0.07024103637298369 (484)
- hr-120: 0.06079667878597585 (1)
- 6.00: 0.06079667878597585 (2)
- subacute: 0.06047864310514737 (130)
- painless: 0.059223859957482174 (102)
- study: 0.05817168324537846 (612)
- 0.35-4.94: 0.05601635340280381 (2)
- 0.70-1.48: 0.05601635340280381 (2)
- racing: 0.05601635340280381 (15)
- severe: 0.05439951310481388 (682)
- diffuse: 0.053524291456041 (824)
- factitious: 0.05123602801963178 (6)
- mciu/ml: 0.0496971069760855 (5)
- 0.01: 0.04843971692923064 (13)
- agitation: 0.04645570263645974 (8)
- disorientation: 0.04645570263645974 (8)
- enlargment: 0.044916781592913464 (11)
- utility: 0.04310737287244801 (14)
- new: 0.041072937611042186 (569)
- ft4: 0.040136456209741427 (25)
- ng/dl: 0.039799972318917756 (35)
- bpm: 0.03806676936525634 (37)
- dramatic: 0.03806676936525634 (37)
- clinician: 0.03781595802614685 (51)
- onset: 0.03720581001276069 (524)
- iodine: 0.03711400841021622 (59)
- tracheal: 0.03627703698260058 (126)
- allows: 0.03627703698260058 (40)
- scanning: 0.036082755072485435 (45)
- column: 0.03553073639887484 (68)
- cardiomegaly: 0.03439225536191313 (57)
- tc-99m: 0.03368063993960119 (89)
- value: 0.03341535524423708 (226)
- treat: 0.0332864439820843 (2548)
- tsh: 0.032007801062557656 (97)
- determined: 0.030750411015702805 (97)
- clearly: 0.030321915973585516 (92)
- ': 0.02991849385853994 (1949)
- ``: 0.028967379829404373 (0)
- disease: 0.028898018094118016 (3336)
- lab: 0.028833030591288705 (1574)
- '': 0.028410337958375765 (0)
- rather: 0.028013298157656095 (121)
- mental: 0.02749796335630481 (588)
- symmetric: 0.026916300263658252 (386)
- demonstrates: 0.025746499333147394 (1423)
- cxr: 0.024869188076724672 (258)
- shortness: 0.02479422481991844 (211)
- narrowing: 0.023630666856206878 (329)
- :: 0.02338499619291031 (11095)
- marked: 0.022999168969824183 (416)
- <: 0.022745279500012348 (613)
- emergency: 0.02231578343434673 (302)
- breath: 0.02203529350516792 (438)
- heart: 0.020476411371784648 (585)
- air: 0.019939742252082525 (1776)
- (: 0.019927220034313395 (9594)
- ): 0.019683798403125657 (10569)
- while: 0.01854240855070561 (538)
- evaluation: 0.017118888247081434 (786)
- than: 0.015441716240815681 (1107)
- increased: 0.014417136426204522 (1255)
- can: 0.013367050706683238 (6061)
- this: 0.01325706501122942 (5602)
- be: 0.009087977402371925 (14541)
- or: 0.006907053441129018 (60128)
- no: 0.005934097591060703 (35870)
- patient: 0.005907530558044055 (8535)
- for: 0.005028332059604932 (12260)
- of: 0.004820846929571935 (41955)
- the: 0.004767216713918131 (67588)
- ,: 0.003733931938169481 (45533)
- to: 0.0029452972996068015 (40381)
- in: 0.0029061877940707234 (113220)
- and: 0.002482882837685772 (31978)
- with: 0.0024207760570322014 (23954)
- .: 0.001224121934391251 (82185)
