Texto: 
mass floor of the mouth on right.  swelling cheeks and neck. fever
intubation
antibiotics
• low density mass floor of mouth and base of tongue.
• bilateral adenopathy.
• facial edema.
• bilateral cervical adenopathy.
ludwig angina
• cellulitis
• abscess
66 y.o. woman with difficulty swallowing


Keywords by value: 
- floor: 0.1780809347679269
- mouth: 0.1780809347679269
- •: 0.17411270573287643
- ludwig: 0.14290566917219236
- adenopathy: 0.14092159740260157
- cheeks: 0.12256099715981997
- angina: 0.11723355137367587
- intubation: 0.10089301099963006
- tongue: 0.09638149095041247
- cellulitis: 0.09403423714228017
- swallowing: 0.08904046738396346
- 66: 0.08511130960722947
- bilateral: 0.07680806404868311
- difficulty: 0.07046079870130079
- facial: 0.06880837029893147
- base: 0.061989968200580864
- antibiotics: 0.05943919180871298
- cervical: 0.05750169271465979
- fever: 0.05354190049170307
- swelling: 0.0527187197033543
- density: 0.0520672473492585
- abscess: 0.05003400452100495
- neck: 0.04646746550034227
- y.o: 0.04567369319605
- edema: 0.044757842396875754
- mass: 0.04401707433139128
- low: 0.04400311209011851
- woman: 0.0365537582868316
- right: 0.016696883502044752
- on: 0.013405389117878298
- and: 0.006667000212304387
- of: 0.006472433377666023
- .: 0.004601791716322665
- the: 0.002560171938956033
- with: 0.0021667440016646246
