Texto: 
mass left eac.  no hearing loss
pending
1.7 cm soft tissue mass arising from the roof of the left external auditory canal.  no bone erosion.
adenoid cystic carcinoma
• squamous cell carcinoma
• infection
• osteoma
• sebaceous cyst
48 year old woman with painless mass left external auditory canal


Keywords by value: 
- auditory: 0.1835575360522668 (94)
- eac: 0.15325228761144438 (548)
- external: 0.13712207070469484 (281)
- canal: 0.12811258206393253 (437)
- •: 0.11826523408270852 (8449)
- sebaceous: 0.11523524948800543 (22)
- adenoid: 0.11401754154201352 (24)
- 1.7: 0.10153832489587457 (72)
- roof: 0.09769683517434175 (56)
- osteoma: 0.09580846803175716 (94)
- carcinoma: 0.09139349698173081 (1515)
- erosion: 0.08142846704974024 (208)
- painless: 0.08101377069655581 (102)
- hearing: 0.07944053279204541 (181)
- squamous: 0.07888281954220495 (162)
- 48: 0.07888281954220495 (260)
- pending: 0.0697646153122593 (263)
- mass: 0.06727137775174893 (5255)
- arising: 0.06674346725916945 (227)
- left: 0.054119166185259325 (7401)
- infection: 0.04686823724665674 (920)
- loss: 0.04680121080129131 (858)
- cystic: 0.04650250391041053 (1209)
- cell: 0.04355171153927332 (1988)
- cyst: 0.04332775728351137 (3901)
- cm: 0.04324445505315067 (1802)
- bone: 0.040064805310563584 (2205)
- soft: 0.03926276913195377 (1339)
- tissue: 0.038215494121747046 (1668)
- woman: 0.03724345183941333 (987)
- no: 0.0324695905925963 (35870)
- from: 0.023895013455739855 (3282)
- year: 0.018039722061753107 (4271)
- old: 0.016508199940797257 (3947)
- the: 0.005216954139759464 (67588)
- with: 0.0022076259639601838 (23954)
- of: 0.0021981849207167625 (41955)
- .: 0.002009407703623374 (82185)
