Texto: 
normal
none
bicornuate uterus
congenital right renal agenesis
compensatory hypertrophy of the left kidney
bicornuate uterus with associated right renal agenesis
septated uterus
uterine didelphis
rlq pain


Keywords by value: 
- bicornuate: 0.4476244223501271 (45)
- uterus: 0.4475585201316058 (276)
- agenesis: 0.37439394876095816 (80)
- didelphis: 0.3008285645706131 (2)
- compensatory: 0.22620252677275138 (17)
- septated: 0.22620252677275138 (19)
- renal: 0.19018337403393104 (1899)
- rlq: 0.18312286715031878 (71)
- hypertrophy: 0.1628399191174037 (139)
- uterine: 0.16239635648604384 (224)
- congenital: 0.11574662850527546 (459)
- kidney: 0.11149568352037072 (1021)
- none: 0.07850812988548173 (942)
- associated: 0.07468379858917414 (1317)
- right: 0.06678753400817901 (8044)
- normal: 0.049615276096263 (4858)
- pain: 0.03865215435299017 (5051)
- left: 0.03541130626936721 (7401)
- the: 0.005120343877912066 (67588)
- with: 0.004333488003329249 (23954)
- of: 0.004314955585110683 (41955)
