Texto: 
initial ultrasound images demonstrate a well circumscribed slightly hypoechoic mass near the endometrial strip.  subsequent images obtained during an ultrasound hysterosalpingogram show the mass projecting into the endometrial canal, consistent with a submucosal fibroid.
submucosal uterine leiomyoma (fibroid)
fibroid
endometrial carcinoma
endometrial polyp
dysfunctional uterine bleeding.


Keywords by value: 
- endometrial: 0.3727097315703367 (121)
- fibroid: 0.30514372496251946 (93)
- submucosal: 0.20824311701170548 (42)
- uterine: 0.16864237019704556 (224)
- strip: 0.13857847137562304 (48)
- dysfunctional: 0.13210785144059972 (8)
- hysterosalpingogram: 0.11621018657166764 (21)
- projecting: 0.09858921095870311 (40)
- ultrasound: 0.09750471480793475 (868)
- leiomyoma: 0.09675632288554302 (121)
- polyp: 0.09354374433432829 (245)
- hypoechoic: 0.07491418265650718 (169)
- circumscribed: 0.07304304975291488 (255)
- bleeding: 0.0713379413474215 (239)
- near: 0.07110624252980276 (560)
- slightly: 0.06642742804340525 (266)
- canal: 0.06528814278258101 (437)
- subsequent: 0.06397270572711176 (422)
- images: 0.06304861122882131 (1966)
- obtained: 0.058420501937381575 (401)
- initial: 0.05445350275537131 (728)
- show: 0.05044530643253127 (2621)
- during: 0.05028863942161169 (674)
- carcinoma: 0.046575532115689745 (1515)
- mass: 0.04571003872875248 (5255)
- consistent: 0.04029419747752314 (1064)
- into: 0.039102430153071285 (1299)
- demonstrate: 0.037816387333327706 (3313)
- well: 0.0371746337109356 (2228)
- an: 0.02272432431316788 (75109)
- a: 0.015253838531484666 (549576)
- (: 0.01389157165853578 (9594)
- ): 0.013721878694486636 (10569)
- the: 0.007975920271363027 (67588)
- ,: 0.005205962798409373 (45533)
- with: 0.0022500803094209565 (23954)
- .: 0.002048050159462285 (82185)
