Texto: 
bowing of the lower extremities
serum calcidiol-low
pth  high
splaying, cupping and fraying of the metaphyses
mild bowing of the femur and tibia
rickets
metabolic bone disease
» congenital
» acquired
» dietary or nutritional
bowing of the lower extremities


Keywords by value: 
- bowing: 0.4012180912530215
- »: 0.30807426131549315
- calcidiol-low: 0.21501264448698776
- extremities: 0.16349690824101895
- nutritional: 0.15885203246274274
- splaying: 0.1489626395820558
- cupping: 0.1489626395820558
- fraying: 0.1489626395820558
- metaphyses: 0.14738852931040772
- pth: 0.14194600366859775
- dietary: 0.13962136513678494
- rickets: 0.1312568590117403
- acquired: 0.11174175413095705
- metabolic: 0.10293655058126606
- serum: 0.10058952540822817
- tibia: 0.09573583648157914
- lower: 0.0937493692372616
- femur: 0.09003791328203023
- congenital: 0.0762233895034741
- high: 0.0570377088067516
- mild: 0.05488423058368627
- bone: 0.051791089791704145
- disease: 0.034066769297944006
- or: 0.02442738412106604
- the: 0.013487735093036664
- of: 0.011366224468096433
- and: 0.008780927108888704
- ,: 0.006602684524811888
