Texto: 
optic atrophy
• absent septum pellucidum
• abnormal configuration of frontal horns of lateral ventricle
• small pituitary gland
septo-optic dysplasia (demorsier syndrome)
none
7 month old noted to by mother to be blind


Keywords by value: 
- demorsier: 0.2256214234279598 (2)
- septo-optic: 0.17585032706051382 (18)
- pellucidum: 0.15039780673067618 (39)
- horns: 0.14948697831892643 (34)
- blind: 0.1486050700324103 (68)
- configuration: 0.13256853211477632 (60)
- •: 0.1305845292996573 (8449)
- atrophy: 0.12246664379728457 (123)
- septum: 0.12146853242989393 (135)
- pituitary: 0.11896997030036782 (251)
- optic: 0.10988072276680072 (368)
- mother: 0.10841287606195683 (620)
- absent: 0.10287585098916541 (200)
- gland: 0.10109357476090747 (416)
- dysplasia: 0.09369724204013068 (406)
- 7: 0.09095152441133533 (4391)
- ventricle: 0.08895528659940077 (556)
- frontal: 0.07456366484675993 (673)
- month: 0.07121151502223914 (1567)
- syndrome: 0.06788629379818448 (1256)
- abnormal: 0.0676970066754142 (1526)
- none: 0.058881097414111294 (942)
- noted: 0.05626169967923871 (1365)
- small: 0.0546826467883644 (1623)
- lateral: 0.05129633460068195 (4830)
- by: 0.03952419175680207 (2984)
- be: 0.03660435342622025 (14541)
- old: 0.024303738801729292 (3947)
- to: 0.023726006024610346 (40381)
- (: 0.020065603506773902 (9594)
- ): 0.019820491447591806 (10569)
- of: 0.006472433377666023 (41955)
