Texto: 
palpable mass in ruq.
pylorotomy.
the pylorus measures 19.7 mm in length with a
wall thickness of 4.8 mm. on cine imaging no gastric contents are observed passing through the pylorus.
hypertrophic pyloric stenosis
-hypertrophic pyloric stenosis
--inadequate distention of the gastric antrum with mistake of the antrum for the pylorus
36 day old female infant with projectile vomiting.


Keywords by value: 
- pylorus: 0.25307602679036745
- antrum: 0.1665944936093644
- pyloric: 0.16366187269230825
- pylorotomy: 0.13562336036871536
- mistake: 0.13562336036871536
- 19.7: 0.12495955759087005
- -hypertrophic: 0.12495955759087005
- gastric: 0.11748634308315026
- stenosis: 0.1029987163948113
- cine: 0.10181990533277352
- mm: 0.09668292790138479
- 4.8: 0.09616260102315326
- inadequate: 0.08738498781595921
- projectile: 0.08673022451720849
- passing: 0.0823043464794888
- hypertrophic: 0.07639032034240677
- contents: 0.0742543750369573
- ruq: 0.07397208059590811
- distention: 0.07026189510641753
- thickness: 0.067827679641573
- length: 0.06589106047404988
- 36: 0.06589106047404988
- observed: 0.06303107004109852
- infant: 0.062228212300012825
- --: 0.06038721993453454
- measures: 0.05625327884233799
- vomiting: 0.05019321290838278
- palpable: 0.04659416988615063
- day: 0.04173784352850661
- wall: 0.0380793710805961
- through: 0.03733780028339798
- imaging: 0.030801135760855428
- female: 0.027027081099197443
- mass: 0.018284015491500993
- are: 0.017921136500455414
- old: 0.013460532259419303
- no: 0.013237602318520031
- in: 0.012966068619700153
- for: 0.011217048440657157
- on: 0.01113678480562197
- the: 0.010634560361817369
- a: 0.006101535412593866
- with: 0.005400192742610296
- of: 0.005377098498368697
- .: 0.0027307335459497138
