Texto: 
palpable mass in ruq.
pylorotomy.
the pylorus measures 19.7 mm in length with a
wall thickness of 4.8 mm. on cine imaging no gastric contents are observed passing through the pylorus.
hypertrophic pyloric stenosis
-hypertrophic pyloric stenosis
--inadequate distention of the gastric antrum with mistake of the antrum for the pylorus
36 day old female infant with projectile vomiting.


Keywords by value: 
- pylorus: 0.25307602679036745 (57)
- antrum: 0.1665944936093644 (49)
- pyloric: 0.16366187269230825 (104)
- pylorotomy: 0.13562336036871536 (1)
- mistake: 0.13562336036871536 (28)
- 19.7: 0.12495955759087005 (2)
- -hypertrophic: 0.12495955759087005 (3)
- gastric: 0.11748634308315026 (444)
- stenosis: 0.1029987163948113 (625)
- cine: 0.10181990533277352 (314)
- mm: 0.09668292790138479 (5525)
- 4.8: 0.09616260102315326 (38)
- inadequate: 0.08738498781595921 (30)
- projectile: 0.08673022451720849 (30)
- passing: 0.0823043464794888 (41)
- hypertrophic: 0.07639032034240677 (83)
- contents: 0.0742543750369573 (71)
- ruq: 0.07397208059590811 (64)
- distention: 0.07026189510641753 (85)
- thickness: 0.067827679641573 (125)
- length: 0.06589106047404988 (135)
- 36: 0.06589106047404988 (281)
- observed: 0.06303107004109852 (133)
- infant: 0.062228212300012825 (265)
- --: 0.06038721993453454 (461)
- measures: 0.05625327884233799 (221)
- vomiting: 0.05019321290838278 (307)
- palpable: 0.04659416988615063 (406)
- day: 0.04173784352850661 (1324)
- wall: 0.0380793710805961 (1236)
- through: 0.03733780028339798 (1208)
- imaging: 0.030801135760855428 (1530)
- female: 0.027027081099197443 (1301)
- mass: 0.018284015491500993 (5255)
- are: 0.017921136500455414 (8518)
- old: 0.013460532259419303 (3947)
- no: 0.013237602318520031 (35870)
- in: 0.012966068619700153 (113220)
- for: 0.011217048440657157 (12260)
- on: 0.01113678480562197 (91641)
- the: 0.010634560361817369 (67588)
- a: 0.006101535412593866 (549576)
- with: 0.005400192742610296 (23954)
- of: 0.005377098498368697 (41955)
- .: 0.0027307335459497138 (82185)
