Texto: 
one leg is shorter
"flowing hyperostosis" is noted in the right leg, and extending through the femur, tibia, talus, tarsal navicular, middle and medial cuniforms, and the 1st and 2nd metatarsals.
melorheostosis
• osteopathia striata
• melorheostosis
• tuberous sclerosis
11 year old boy with leg-length discrepancy


Keywords by value: 
- melorheostosis: 0.24534315267539944
- cuniforms: 0.1574199718565446
- leg-length: 0.14504234363225987
- osteopathia: 0.13266471540797511
- striata: 0.13266471540797511
- leg: 0.12000704673602844
- flowing: 0.11460041341371656
- discrepancy: 0.11304663882461602
- shorter: 0.11029394811341499
- metatarsals: 0.10682687642696932
- tarsal: 0.10305349975434061
- navicular: 0.10066901060033129
- hyperostosis: 0.09994004641246959
- talus: 0.0972896891782147
- 1st: 0.08984515696514708
- tuberous: 0.08401150999630691
- •: 0.08394719740692257
- 2nd: 0.0761007416493921
- '': 0.07356248221365153
- tibia: 0.07009230885258472
- 11: 0.0698257793844298
- femur: 0.0659206150814864
- middle: 0.055806410172186384
- sclerosis: 0.05480920059689901
- boy: 0.05187003178439234
- extending: 0.051298554443567804
- medial: 0.048808919885536636
- through: 0.04333851818608694
- one: 0.04135234613054722
- noted: 0.03616823550808203
- ,: 0.029004649876852216
- is: 0.0200818135137402
- year: 0.017073308379873475
- right: 0.016100566234114582
- old: 0.015623832086825974
- and: 0.012857786123729889
- in: 0.007524950538218837
- the: 0.007406211680551382
- with: 0.0020893602873194596
- .: 0.000633920287452612
