Texto: 
pain in left forearm on palpation.
casting and orthopedic consultation.
buckle fracture of the distal radius. fracture does cause mild dorsal angulation. sclerosis through shaft and periosteal reaction suggest this is subacute in nature.
subacute buckle fracture of the distal radius
smith's fracture
colles' fracture
buckle fracture
girl fell during soccer game and had left arm pain in the mid forearm. she didn't tell her parents for one week because she didn't want to miss the playoff game.
see factoid


Keywords by value: 
- buckle: 0.20134510624827323 (31)
- fracture: 0.14855435144655685 (2836)
- game: 0.12683507662072693 (526)
- n't: 0.11827541141717259 (36)
- forearm: 0.1091290290605811 (78)
- radius: 0.10339878153391621 (107)
- playoff: 0.0968738288347967 (1)
- subacute: 0.09636706868402603 (130)
- colles: 0.07918769792892745 (9)
- tell: 0.07549020082319984 (437)
- want: 0.07549020082319984 (11)
- miss: 0.07549020082319984 (372)
- did: 0.06781139870314119 (588)
- soccer: 0.06451735653626438 (20)
- casting: 0.055541959431570725 (49)
- shaft: 0.055541959431570725 (92)
- angulation: 0.05456451453029055 (82)
- parents: 0.05456451453029055 (58)
- she: 0.05272057453745434 (2424)
- consultation: 0.052444694023428 (61)
- smith: 0.05225357597164922 (66)
- distal: 0.05106106788892367 (1134)
- dorsal: 0.04779791544298807 (161)
- ': 0.047672325378992214 (1949)
- fell: 0.04492451214565009 (120)
- orthopedic: 0.04482769203925278 (187)
- periosteal: 0.04454224713372244 (215)
- nature: 0.04444872307143773 (131)
- reaction: 0.042648840558635236 (182)
- suggest: 0.03999306254277658 (758)
- arm: 0.039330510561940105 (609)
- mid: 0.03927221328469072 (1642)
- sclerosis: 0.03372873882886094 (540)
- girl: 0.0330151366042835 (357)
- factoid: 0.03291687355619931 (369)
- because: 0.032851849632813714 (430)
- does: 0.032039791982241835 (481)
- week: 0.031890279322288224 (1278)
- cause: 0.03177211677529633 (1482)
- palpation: 0.03133998989393464 (417)
- during: 0.028736365383778113 (674)
- her: 0.02823529295038391 (13092)
- see: 0.028024364958558114 (2684)
- through: 0.02666985734528427 (1208)
- one: 0.02544759761879829 (7087)
- mild: 0.0247280599333092 (1287)
- pain: 0.02293644324243373 (5051)
- left: 0.02101330262138274 (7401)
- 's: 0.020703808993044453 (1676)
- had: 0.02026208592572207 (2121)
- in: 0.013892216378250163 (113220)
- this: 0.010561947399056408 (5602)
- for: 0.008012177457612254 (12260)
- on: 0.00795484628972998 (91641)
- is: 0.006179019542689293 (65037)
- the: 0.006076891635324212 (67588)
- and: 0.0059343628263368725 (31978)
- to: 0.004693056136736113 (40381)
- .: 0.0027307335459497138 (82185)
- of: 0.002560523094461284 (41955)
