Texto: 
no focal neurologic findings
surgical resection
• large right frontal lobe mass
• lesion enhances relatively homogeneously
• dural tail sign noted
• csf cleft sign supports diagnosis of extra axial location
meningioma
• meningioma
• hemangiopericytoma
• solitary fibrous tumor
• chondroma
• metastatic disease (breast primary?)
74 year old woman had a syncopal episode. family states patient has been having "mental problems" for at least 3 months


Keywords by value: 
- •: 0.18804172219150653 (8449)
- syncopal: 0.08824391795507039 (12)
- meningioma: 0.08762904897213533 (444)
- supports: 0.07900195554760446 (18)
- sign: 0.0789452400470419 (3330)
- chondroma: 0.07828105926400078 (378)
- extra: 0.07133043361555695 (656)
- hemangiopericytoma: 0.06802595143016255 (51)
- homogeneously: 0.06649169369969872 (52)
- 74: 0.06511590388322896 (128)
- tail: 0.06272859413057583 (156)
- least: 0.05710558574417656 (109)
- solitary: 0.05654409927284154 (135)
- episode: 0.056407345937279016 (242)
- cleft: 0.05561503366433501 (181)
- dural: 0.05523586119339456 (704)
- enhances: 0.05381859907806625 (121)
- states: 0.053596371711596764 (173)
- mental: 0.053162729155522635 (588)
- problems: 0.05274274692806435 (144)
- having: 0.052335590609929934 (172)
- relatively: 0.048752841663359595 (194)
- neurologic: 0.04757992469074683 (446)
- csf: 0.04757992469074683 (332)
- family: 0.046697499265662815 (236)
- fibrous: 0.046056350110094305 (323)
- ?: 0.04446506000832676 (590)
- breast: 0.0420341059177407 (1038)
- location: 0.03974276915871858 (803)
- frontal: 0.035790559126444764 (673)
- resection: 0.035532208740269584 (574)
- primary: 0.033751790171942624 (748)
- focal: 0.032539914721845364 (922)
- axial: 0.03251721968090496 (1143)
- months: 0.03111921726253423 (910)
- been: 0.03099726519285322 (987)
- lobe: 0.030657671305647123 (1492)
- metastatic: 0.028681458714881206 (1079)
- ``: 0.028001800501757563 (0)
- '': 0.027463326693096573 (0)
- noted: 0.027005615846034583 (1365)
- 3: 0.026679673689420532 (8405)
- tumor: 0.026563097354810817 (2333)
- woman: 0.02631870596651875 (987)
- diagnosis: 0.0261629244104056 (1487)
- large: 0.024913899091081066 (2420)
- had: 0.02458466425654278 (2121)
- findings: 0.02425115914386613 (1669)
- surgical: 0.023949623603352715 (1704)
- lesion: 0.023207403013339397 (3600)
- has: 0.021395999606590374 (2768)
- disease: 0.01862316721620939 (3336)
- mass: 0.01584614675930086 (5255)
- at: 0.015436842037755107 (83424)
- year: 0.012748070256972197 (4271)
- right: 0.012021756121472223 (8044)
- old: 0.011665794624830063 (3947)
- no: 0.011472588676050693 (35870)
- patient: 0.011421225745551841 (8535)
- for: 0.009721441981902869 (12260)
- (: 0.009631489683251475 (9594)
- ): 0.009513835894844069 (10569)
- a: 0.005287997357581351 (549576)
- of: 0.0015533840106398459 (41955)
- .: 0.000473327147964617 (82185)
