Texto: 
leg weakness with absent reflexes.
minimally elevated csf protein.
embolized with onyx glue.
• mri and mra: cord hematoma at level of conus. diffuse elevation of t2 signal throughout the spinal cord.
dilated vascular sturtures dorsal the spinal cord.

• angiogram: dural avf fed by the t9 and t10 left intercostal arteries and draining into the dorsal spinal veins.
spinal dural arteriovenous fistula
• spinal avm
• spinal dural av fistula
• hemangioblastoma
23 month old girl presents with leg weakness and inability to ambulate.  history of uri 2 weeks previously
dural avfs are almost always found in older adults in the absence of trauma.


Keywords by value: 
- spinal: 0.1582642867437717
- dural: 0.14285136515533076
- cord: 0.08397863586738107
- sturtures: 0.07599584848246982
- dorsal: 0.0749932811260675
- fistula: 0.07225078639107288
- avfs: 0.07002044175350476
- •: 0.06754372205154689
- onyx: 0.06404503502453972
- glue: 0.06404503502453972
- leg: 0.05793443635532408
- weakness: 0.05471743712117904
- fed: 0.05388421609056001
- avf: 0.053245354261648614
- t9: 0.053245354261648614
- t10: 0.053245354261648614
- ambulate: 0.05265058812814041
- uri: 0.05209422156660962
- intercostal: 0.0497499653986472
- embolized: 0.04896572593135645
- av: 0.046392510512770276
- conus: 0.04441342049859355
- inability: 0.042271512228778896
- mra: 0.04129454080371852
- hemangioblastoma: 0.040699774670210326
- draining: 0.03912803711164175
- arteriovenous: 0.03866194037655316
- minimally: 0.038328194581892044
- always: 0.037902394966981896
- protein: 0.037799151940717104
- adults: 0.037596302825111984
- older: 0.03710912859870387
- elevation: 0.03638274632613714
- angiogram: 0.03563264824864033
- almost: 0.03563264824864033
- veins: 0.035242505217708255
- avm: 0.03509126116899352
- 23: 0.03501662269707012
- reflexes: 0.03486925689224856
- absent: 0.03192698823801685
- previously: 0.030946308191838766
- csf: 0.030762882343155277
- absence: 0.03062782961260011
- arteries: 0.030494860040827423
- throughout: 0.027575407985344195
- dilated: 0.02676802936716921
- hematoma: 0.026215231710535258
- girl: 0.025899805439567224
- elevated: 0.024994106563440196
- vascular: 0.024153476447618075
- found: 0.023215738055621656
- diffuse: 0.022301788106683748
- month: 0.02210012535172939
- level: 0.02123180196247355
- weeks: 0.020907566869837486
- t2: 0.020849903178882346
- trauma: 0.020146627428947662
- :: 0.01948749682742526
- signal: 0.019423054571317058
- into: 0.017528675585859542
- mri: 0.01692479185271224
- 2: 0.01586296979750471
- presents: 0.015048657719895912
- by: 0.01226612847624892
- history: 0.010174263256095547
- are: 0.010042016142496566
- at: 0.009980716834755456
- left: 0.008242286804076852
- old: 0.0075425396281228844
- in: 0.007265469485176809
- and: 0.006207207094214429
- the: 0.005959020892397664
- of: 0.004017372441309946
- to: 0.003681621624508502
- with: 0.0030259700712902517
- .: 0.0027542743523803147
