Texto: 
leg weakness with absent reflexes.
minimally elevated csf protein.
embolized with onyx glue.
• mri and mra: cord hematoma at level of conus. diffuse elevation of t2 signal throughout the spinal cord.
dilated vascular sturtures dorsal the spinal cord.

• angiogram: dural avf fed by the t9 and t10 left intercostal arteries and draining into the dorsal spinal veins.
spinal dural arteriovenous fistula
• spinal avm
• spinal dural av fistula
• hemangioblastoma
23 month old girl presents with leg weakness and inability to ambulate.  history of uri 2 weeks previously
dural avfs are almost always found in older adults in the absence of trauma.


Keywords by value: 
- spinal: 0.1582642867437717 (1010)
- dural: 0.14285136515533076 (704)
- cord: 0.08397863586738107 (753)
- sturtures: 0.07599584848246982 (1)
- dorsal: 0.0749932811260675 (161)
- fistula: 0.07225078639107288 (247)
- avfs: 0.07002044175350476 (3)
- •: 0.06754372205154689 (8449)
- onyx: 0.06404503502453972 (12)
- glue: 0.06404503502453972 (6)
- leg: 0.05793443635532408 (693)
- weakness: 0.05471743712117904 (434)
- fed: 0.05388421609056001 (26)
- avf: 0.053245354261648614 (23)
- t9: 0.053245354261648614 (22)
- t10: 0.053245354261648614 (32)
- ambulate: 0.05265058812814041 (20)
- uri: 0.05209422156660962 (2354)
- intercostal: 0.0497499653986472 (30)
- embolized: 0.04896572593135645 (26)
- av: 0.046392510512770276 (5672)
- conus: 0.04441342049859355 (50)
- inability: 0.042271512228778896 (60)
- mra: 0.04129454080371852 (92)
- hemangioblastoma: 0.040699774670210326 (101)
- draining: 0.03912803711164175 (81)
- arteriovenous: 0.03866194037655316 (119)
- minimally: 0.038328194581892044 (89)
- always: 0.037902394966981896 (96)
- protein: 0.037799151940717104 (222)
- adults: 0.037596302825111984 (108)
- older: 0.03710912859870387 (101)
- elevation: 0.03638274632613714 (119)
- angiogram: 0.03563264824864033 (193)
- almost: 0.03563264824864033 (120)
- veins: 0.035242505217708255 (166)
- avm: 0.03509126116899352 (220)
- 23: 0.03501662269707012 (337)
- reflexes: 0.03486925689224856 (168)
- absent: 0.03192698823801685 (200)
- previously: 0.030946308191838766 (213)
- csf: 0.030762882343155277 (332)
- absence: 0.03062782961260011 (235)
- arteries: 0.030494860040827423 (281)
- throughout: 0.027575407985344195 (323)
- dilated: 0.02676802936716921 (410)
- hematoma: 0.026215231710535258 (649)
- girl: 0.025899805439567224 (357)
- elevated: 0.024994106563440196 (460)
- vascular: 0.024153476447618075 (1123)
- found: 0.023215738055621656 (642)
- diffuse: 0.022301788106683748 (824)
- month: 0.02210012535172939 (1567)
- level: 0.02123180196247355 (1166)
- weeks: 0.020907566869837486 (793)
- t2: 0.020849903178882346 (1171)
- trauma: 0.020146627428947662 (1386)
- :: 0.01948749682742526 (11095)
- signal: 0.019423054571317058 (1276)
- into: 0.017528675585859542 (1299)
- mri: 0.01692479185271224 (1820)
- 2: 0.01586296979750471 (13754)
- presents: 0.015048657719895912 (1354)
- by: 0.01226612847624892 (2984)
- history: 0.010174263256095547 (2881)
- are: 0.010042016142496566 (8518)
- at: 0.009980716834755456 (83424)
- left: 0.008242286804076852 (7401)
- old: 0.0075425396281228844 (3947)
- in: 0.007265469485176809 (113220)
- and: 0.006207207094214429 (31978)
- the: 0.005959020892397664 (67588)
- of: 0.004017372441309946 (41955)
- to: 0.003681621624508502 (40381)
- with: 0.0030259700712902517 (23954)
- .: 0.0027542743523803147 (82185)
