Texto: 
negative
no treatment to date
• ct--csf attenuation mass in suprasellar cistern, extending around brainstem into right choroidal fissure.

• mr--mass is isointense with csf on t1 and t2 scans, but is hyperintense on dwi images and heterogeneous on flair sequences.
epidermoid cyst
• arachnoid cyst
• dermoid cyst
• epidermoid cyst
• meningioma, degenerated
• schwannoma, with cystic degeneration
53 year old manunderwent ct scan for chronic headaches


Keywords by value: 
- •: 0.1388493729262179 (8449)
- cyst: 0.1162719562544862 (3901)
- manunderwent: 0.11158884080970251 (1)
- epidermoid: 0.10305281761020882 (215)
- --: 0.09937137457581632 (461)
- csf: 0.09034162915964587 (332)
- degenerated: 0.08526679597831217 (9)
- choroidal: 0.075725380758358 (28)
- brainstem: 0.060635021939637324 (69)
- suprasellar: 0.058944751146921846 (91)
- 53: 0.05836488360222193 (157)
- fissure: 0.057992555941382765 (122)
- cistern: 0.05781042002426758 (163)
- dwi: 0.057453826644942314 (124)
- degeneration: 0.05491369125934546 (126)
- date: 0.05435101072047415 (300)
- arachnoid: 0.05435101072047415 (381)
- isointense: 0.05316959376107897 (116)
- scans: 0.05037008249386102 (167)
- flair: 0.04959086865842515 (181)
- schwannoma: 0.049403335926967676 (243)
- dermoid: 0.04931060124225789 (441)
- sequences: 0.045170814579822936 (242)
- around: 0.04503826648023692 (222)
- hyperintense: 0.044907091960799624 (240)
- attenuation: 0.043488874309190365 (324)
- meningioma: 0.04159606755006424 (444)
- headaches: 0.04134737138064909 (322)
- heterogeneous: 0.039774622237911464 (406)
- extending: 0.0363635322637949 (456)
- mr: 0.034369613568942206 (2711)
- t1: 0.03428475362309169 (949)
- negative: 0.03230531849841613 (803)
- cystic: 0.03119788237027542 (1209)
- t2: 0.030615047705700657 (1171)
- chronic: 0.03046822320135443 (888)
- scan: 0.030281917220670612 (1175)
- ct: 0.03026085198460868 (27172)
- mass: 0.030087620429052265 (5255)
- on: 0.02748953211514284 (91641)
- into: 0.025738308455186164 (1299)
- but: 0.02306966203839921 (2727)
- treatment: 0.02189388556456819 (1790)
- images: 0.020750175847460178 (1966)
- is: 0.014235209579360142 (65037)
- ,: 0.01370683876036898 (45533)
- year: 0.012102598345226768 (4271)
- right: 0.011413059608992616 (8044)
- old: 0.011075121479269045 (3947)
- no: 0.010891698110174708 (35870)
- for: 0.009229217071426774 (12260)
- to: 0.00540592542332894 (40381)
- in: 0.0053341421536741125 (113220)
- and: 0.004557190018537176 (31978)
- with: 0.002962131040250373 (23954)
- .: 0.0008987224328442095 (82185)
