Texto: 
unable to open mouth
intraoperative fixation
lefort type 1 fracture
mandibular body fracture
lefort type 1 fracture
none
64 year old man fell off of ladder


Keywords by value: 
- lefort: 0.6781168018435768
- ladder: 0.2701445751822478
- fracture: 0.2599701150314745
- type: 0.2215864791036085
- intraoperative: 0.21682556129302125
- mandibular: 0.20342914997501296
- mouth: 0.1849302014897703
- 64: 0.1791013592541087
- fixation: 0.16685313882647276
- fell: 0.1572357925097753
- 1: 0.15640972061228514
- unable: 0.15184553744272752
- off: 0.1501101360857864
- open: 0.14608609950582976
- body: 0.10674091202650325
- none: 0.08152767334261564
- man: 0.07772814781115382
- year: 0.0367732795874198
- old: 0.03365133064854826
- to: 0.016425696478576394
- of: 0.004480915415307247
