Texto: 
unable to open mouth
intraoperative fixation
lefort type 1 fracture
mandibular body fracture
lefort type 1 fracture
none
64 year old man fell off of ladder


Keywords by value: 
- lefort: 0.6781168018435768 (2)
- ladder: 0.2701445751822478 (851)
- fracture: 0.2599701150314745 (2836)
- type: 0.2215864791036085 (949)
- intraoperative: 0.21682556129302125 (35)
- mandibular: 0.20342914997501296 (122)
- mouth: 0.1849302014897703 (80)
- 64: 0.1791013592541087 (160)
- fixation: 0.16685313882647276 (126)
- fell: 0.1572357925097753 (120)
- 1: 0.15640972061228514 (15898)
- unable: 0.15184553744272752 (148)
- off: 0.1501101360857864 (432)
- open: 0.14608609950582976 (420)
- body: 0.10674091202650325 (675)
- none: 0.08152767334261564 (942)
- man: 0.07772814781115382 (4104)
- year: 0.0367732795874198 (4271)
- old: 0.03365133064854826 (3947)
- to: 0.016425696478576394 (40381)
- of: 0.004480915415307247 (41955)
