Texto: 
not available
none
• no interhemispheric fissure 
• fused thalami
• monoventricle merges into posterior midline cyst
holoprosencephaly, alobar
hydranencephaly
2 day old newborn girl with abnormal prenatal ultrasound


Keywords by value: 
- merges: 0.2938506141322166
- monoventricle: 0.24020268371774658
- alobar: 0.22453589607622207
- hydranencephaly: 0.22060979488767593
- interhemispheric: 0.19570264816000194
- holoprosencephaly: 0.19236653287476915
- thalami: 0.17938437398271173
- fused: 0.17088796566175204
- •: 0.1567014351595888
- newborn: 0.15522117802022753
- prenatal: 0.15470437180236202
- fissure: 0.15271373064564128
- midline: 0.11020433624461735
- girl: 0.1001459143663266
- available: 0.09575730162799323
- day: 0.09043199431176432
- ultrasound: 0.08450408616687677
- abnormal: 0.08123640801049704
- cyst: 0.07654570453420342
- none: 0.07065731689693355
- into: 0.0677775455986569
- posterior: 0.06565461829008162
- 2: 0.06133681655035154
- not: 0.041160622391397846
- old: 0.029164486562075154
- no: 0.028681471690126734
- ,: 0.009023668850576245
- with: 0.0039001392029963246
