Texto: 
not available
none
• no interhemispheric fissure 
• fused thalami
• monoventricle merges into posterior midline cyst
holoprosencephaly, alobar
hydranencephaly
2 day old newborn girl with abnormal prenatal ultrasound


Keywords by value: 
- merges: 0.2938506141322166 (2)
- monoventricle: 0.24020268371774658 (8)
- alobar: 0.22453589607622207 (52)
- hydranencephaly: 0.22060979488767593 (18)
- interhemispheric: 0.19570264816000194 (25)
- holoprosencephaly: 0.19236653287476915 (39)
- thalami: 0.17938437398271173 (109)
- fused: 0.17088796566175204 (152)
- •: 0.1567014351595888 (8449)
- newborn: 0.15522117802022753 (87)
- prenatal: 0.15470437180236202 (89)
- fissure: 0.15271373064564128 (122)
- midline: 0.11020433624461735 (381)
- girl: 0.1001459143663266 (357)
- available: 0.09575730162799323 (447)
- day: 0.09043199431176432 (1324)
- ultrasound: 0.08450408616687677 (868)
- abnormal: 0.08123640801049704 (1526)
- cyst: 0.07654570453420342 (3901)
- none: 0.07065731689693355 (942)
- into: 0.0677775455986569 (1299)
- posterior: 0.06565461829008162 (1753)
- 2: 0.06133681655035154 (13754)
- not: 0.041160622391397846 (5583)
- old: 0.029164486562075154 (3947)
- no: 0.028681471690126734 (35870)
- ,: 0.009023668850576245 (45533)
- with: 0.0039001392029963246 (23954)
