Texto: 
awake and alert
unable to move legs
marked decreased strength in both arms
reestablishment of normal alignment.
supportive therapy
• anterior dislocation c6 on c7
• bilateral locked facets 
• no associate spinal fracture
• marked cord edema and hemorrhage on mri
• disruption of the posterior ligaments on mri
anterior dislocation c6 on c7, bilateral locked facets, spinal cord injury
none
16 year old male pedestrian struck by car.


Keywords by value: 
- locked: 0.17602522516141764 (28)
- facets: 0.16506670872606183 (23)
- c7: 0.14633300114336062 (127)
- c6: 0.14216676655343471 (217)
- reestablishment: 0.11912862735089863 (1)
- dislocation: 0.10864129400999344 (323)
- •: 0.10587934808080324 (8449)
- associate: 0.10039491976819741 (1323)
- marked: 0.09013187839525694 (416)
- pedestrian: 0.0894364033328416 (10)
- cord: 0.08776145730284869 (753)
- spinal: 0.08269665433458341 (1010)
- awake: 0.07618195396781828 (33)
- move: 0.0745902913238131 (470)
- alignment: 0.0703324393421929 (82)
- arms: 0.0644927994071885 (82)
- ligaments: 0.0644927994071885 (82)
- car: 0.0644927994071885 (4925)
- struck: 0.06271798856852515 (80)
- legs: 0.06251167137756855 (84)
- anterior: 0.05948088712872264 (1421)
- alert: 0.05758975043737781 (98)
- disruption: 0.056237271267688856 (137)
- bilateral: 0.0560491278193093 (2204)
- unable: 0.05335113477717454 (148)
- mri: 0.053061509592287025 (1820)
- 16: 0.052253493697139594 (559)
- strength: 0.05123835004216516 (314)
- supportive: 0.051061700291254994 (159)
- on: 0.03912924391164476 (91641)
- hemorrhage: 0.038435899786162644 (714)
- injury: 0.03681362894444325 (916)
- decreased: 0.03433454598276432 (680)
- edema: 0.03266112823555799 (980)
- therapy: 0.0308735242735218 (1469)
- fracture: 0.030446950409091605 (2836)
- both: 0.029489189063325965 (1020)
- none: 0.02864485820145955 (942)
- posterior: 0.026616737144627686 (1753)
- male: 0.020881155917398288 (2906)
- by: 0.019227985178984795 (2984)
- normal: 0.01810287100809596 (4858)
- year: 0.012920341476661011 (4271)
- old: 0.011823440498138577 (3947)
- no: 0.011627623658159487 (35870)
- ,: 0.007316488257223984 (45533)
- to: 0.005771190654634949 (40381)
- in: 0.0056945571640575 (113220)
- and: 0.004865108263032931 (31978)
- of: 0.0031487513729186066 (41955)
- the: 0.0018682335770760243 (67588)
- .: 0.0009594469215498994 (82185)
