Texto: 
awake and alert
unable to move legs
marked decreased strength in both arms
reestablishment of normal alignment.
supportive therapy
• anterior dislocation c6 on c7
• bilateral locked facets 
• no associate spinal fracture
• marked cord edema and hemorrhage on mri
• disruption of the posterior ligaments on mri
anterior dislocation c6 on c7, bilateral locked facets, spinal cord injury
none
16 year old male pedestrian struck by car.


Keywords by value: 
- locked: 0.17602522516141764
- facets: 0.16506670872606183
- c7: 0.14633300114336062
- c6: 0.14216676655343471
- reestablishment: 0.11912862735089863
- dislocation: 0.10864129400999344
- •: 0.10587934808080324
- associate: 0.10039491976819741
- marked: 0.09013187839525694
- pedestrian: 0.0894364033328416
- cord: 0.08776145730284869
- spinal: 0.08269665433458341
- awake: 0.07618195396781828
- move: 0.0745902913238131
- alignment: 0.0703324393421929
- arms: 0.0644927994071885
- ligaments: 0.0644927994071885
- car: 0.0644927994071885
- struck: 0.06271798856852515
- legs: 0.06251167137756855
- anterior: 0.05948088712872264
- alert: 0.05758975043737781
- disruption: 0.056237271267688856
- bilateral: 0.0560491278193093
- unable: 0.05335113477717454
- mri: 0.053061509592287025
- 16: 0.052253493697139594
- strength: 0.05123835004216516
- supportive: 0.051061700291254994
- on: 0.03912924391164476
- hemorrhage: 0.038435899786162644
- injury: 0.03681362894444325
- decreased: 0.03433454598276432
- edema: 0.03266112823555799
- therapy: 0.0308735242735218
- fracture: 0.030446950409091605
- both: 0.029489189063325965
- none: 0.02864485820145955
- posterior: 0.026616737144627686
- male: 0.020881155917398288
- by: 0.019227985178984795
- normal: 0.01810287100809596
- year: 0.012920341476661011
- old: 0.011823440498138577
- no: 0.011627623658159487
- ,: 0.007316488257223984
- to: 0.005771190654634949
- in: 0.0056945571640575
- and: 0.004865108263032931
- of: 0.0031487513729186066
- the: 0.0018682335770760243
- .: 0.0009594469215498994
