Texto: 
anosmia otherwise negative exam
surgery
• ct  large slightly hyperdense mass occupying the inferior anterior cranial fossa.  mild edema behind mass.
• 
mri  extra axial 6cm enhancing mass elevating both
frontal lobes.  vasogenic edema noted.
meningioma
• squamous cell carcinoma ethmoid sinus.
• metastatic disease
• aneurysm (giant)
• meningioma
• hemangiopericytoma
37 year old woman presents with recent memory loss and a seizure


Keywords by value: 
- •: 0.1544943726925523 (8449)
- elevating: 0.11439959497755708 (2)
- anosmia: 0.10868881880701955 (4)
- meningioma: 0.0925658968015514 (444)
- 6cm: 0.09173145536580919 (33)
- memory: 0.08000034095827252 (30)
- extra: 0.0753490495938982 (656)
- occupying: 0.07491564595070448 (38)
- hemangiopericytoma: 0.07185839939805902 (51)
- ethmoid: 0.07023770461235779 (77)
- edema: 0.06808235181496594 (980)
- vasogenic: 0.06515300960478976 (74)
- behind: 0.06354159620792012 (84)
- 37: 0.06047506826644307 (248)
- hyperdense: 0.060172163967556265 (126)
- squamous: 0.058884358249814965 (162)
- giant: 0.05795828250949411 (159)
- seizure: 0.05321923692327985 (414)
- lobes: 0.05303749882699946 (224)
- cranial: 0.052333126706229575 (530)
- mass: 0.050216662265390045 (5255)
- fossa: 0.04905351592536802 (300)
- slightly: 0.04865107405995878 (266)
- aneurysm: 0.0475695650006099 (855)
- sinus: 0.04401632351609067 (907)
- otherwise: 0.043229792020089364 (333)
- inferior: 0.04083544170928258 (623)
- recent: 0.04046083167379996 (581)
- frontal: 0.03780692865469518 (673)
- enhancing: 0.0377458244068276 (642)
- negative: 0.03594535438556161 (803)
- loss: 0.03493611510518929 (858)
- axial: 0.034349175719265795 (1143)
- carcinoma: 0.034111657324167134 (1515)
- cell: 0.03251043255748572 (1988)
- mild: 0.03169371061874841 (1287)
- anterior: 0.030997082024827288 (1421)
- both: 0.030735211136424245 (1020)
- metastatic: 0.030297315543888596 (1079)
- surgery: 0.02922533893465176 (1277)
- noted: 0.028527058992290053 (1365)
- woman: 0.027801449964632484 (987)
- mri: 0.027651772604431267 (1820)
- exam: 0.026439914647176595 (2159)
- large: 0.026317499039874362 (2420)
- presents: 0.02458653937335107 (1354)
- disease: 0.019672359735432455 (3336)
- ct: 0.016835262723831592 (27172)
- year: 0.013466271398210067 (4271)
- old: 0.01232302249101767 (3947)
- (: 0.010174108820336064 (9594)
- ): 0.01004982664948317 (10569)
- a: 0.005585912701670441 (549576)
- and: 0.002535338108904485 (31978)
- .: 0.0024999673307990336 (82185)
- the: 0.0019471730239947296 (67588)
- with: 0.0016479461421111232 (23954)
