Texto: 
ua - hematuria
• parenchymal bridge ("isthmus") connecting the inferior poles of both kidneys = horseshoe kidneys
• complete duplication of the right ureter. 
• a 0.7 x 0.3 cm fat containing lesion in the inferior pole of the left kidney. 
• multiple tiny calcifications bilaterally.
• 1.3cm cyst in the anterior aspect of the left kidney, containing a small calcification on its edge.
horseshoe kidney
• horseshoe kidney
• right ureter duplication
• angiomyolipoma
• nonobstructing stones
• renal cyst
78 year old man with new onset of painless hematuria.  there is no significant past medical history.


Keywords by value: 
- horseshoe: 0.1563309415056151
- •: 0.14376278455008146
- kidney: 0.11047278734128477
- duplication: 0.08822358236209224
- ureter: 0.08460230834083547
- containing: 0.0795996625594182
- hematuria: 0.07437329337924298
- kidneys: 0.07215993580513995
- nonobstructing: 0.0707973039935632
- 1.3cm: 0.06815801892519824
- bridge: 0.05807900710255503
- isthmus: 0.0573446703349079
- 0.3: 0.0573446703349079
- connecting: 0.05666478068212147
- poles: 0.053392533490023
- inferior: 0.05319846534603785
- 0.7: 0.05294491730498234
- tiny: 0.04908057358868598
- 78: 0.04750396572697351
- angiomyolipoma: 0.0472656585122647
- edge: 0.043946483791113294
- cyst: 0.04213525020231381
- ua: 0.04164084683440774
- =: 0.041144817281469424
- stones: 0.04033649372632936
- painless: 0.03939201694419686
- parenchymal: 0.03853576061582788
- pole: 0.03650675703683505
- its: 0.029582857279409555
- calcifications: 0.029148291326905988
- calcification: 0.02845674879318467
- complete: 0.02759060489895463
- new: 0.02731915575046384
- x: 0.025862993902270433
- bilaterally: 0.025749589344255995
- past: 0.02491008689859114
- onset: 0.024746983724083946
- aspect: 0.024626531509021627
- medical: 0.02412210825748628
- fat: 0.023843232320014986
- renal: 0.023554821554661185
- significant: 0.021081166523433243
- cm: 0.021027120346944827
- anterior: 0.02019075985103429
- both: 0.020020183400790106
- ``: 0.01926729392322768
- '': 0.01889678442185544
- man: 0.018540659110917426
- small: 0.01806032370991852
- left: 0.01754321594996174
- -: 0.016804848245030857
- right: 0.0165437010845948
- multiple: 0.016511981683296047
- lesion: 0.01596839656881151
- there: 0.011667115196926502
- history: 0.010827656309239297
- year: 0.00877160797498087
- old: 0.008026922906993162
- no: 0.007893983033979835
- in: 0.007732059268628531
- the: 0.007610052369006925
- a: 0.007277060583827546
- on: 0.00664120194830668
- (: 0.0066271718004023905
- ): 0.006546217358837662
- of: 0.005344211045779286
- is: 0.005158630994355281
- ,: 0.0024835785827274073
- .: 0.0019541029044410794
- with: 0.0010734328081641261
