Texto: 
normal birth
normal prenatal care
no history of trauma
multiple radiographs from a skeletal survey reveal fractures of the bilateral femora and right humerus. selected axial ct image of the skull vertex demonstrates markedly decreased mineralization.
osteogenesis imperfecta
osteogenesis imperfecta
inflicted trauma
13-day-old female brought to the er because of a right leg deformity.


Keywords by value: 
- osteogenesis: 0.200858805986252
- imperfecta: 0.200858805986252
- inflicted: 0.15465821796432452
- 13-day-old: 0.15465821796432452
- femora: 0.1161104183619347
- vertex: 0.10300139376842206
- survey: 0.09228369056977341
- mineralization: 0.09130878090039075
- selected: 0.0908409169164932
- trauma: 0.08200030813185716
- prenatal: 0.08142335358019054
- brought: 0.08142335358019054
- humerus: 0.07713469852929648
- skeletal: 0.07404208024266505
- birth: 0.07203488109919587
- markedly: 0.07096199648247076
- reveal: 0.06675233561175864
- deformity: 0.06455649099853046
- skull: 0.06384857353320472
- leg: 0.05895082997559292
- er: 0.05751200275347301
- fractures: 0.05676822101719782
- care: 0.054073283281907934
- because: 0.0524476897646675
- radiographs: 0.047478435810563734
- normal: 0.04700394577540705
- image: 0.04682788011048422
- decreased: 0.044574673732009816
- axial: 0.04278581536961178
- bilateral: 0.03638276718095516
- demonstrates: 0.03274774037988046
- right: 0.03163620031966374
- multiple: 0.031575543920688925
- female: 0.030820355639435675
- from: 0.02221817040621425
- ct: 0.020970239533193734
- history: 0.02070551820538743
- no: 0.015095511415856175
- a: 0.01391578251995092
- of: 0.008175705319157083
- to: 0.00749242295514011
- the: 0.007276278142296094
- and: 0.003158052732144183
- .: 0.0018683966367024354
