Texto: 
left parieto-occipital scalp mass
none required.
partially calcified collection overlying the right parietal bone containing fluid/fluid level.  normal brain.
cephalohematoma
• caput succedaneum (scalp edema) 
• subgaleal hematoma (scalp hematoma)
• cephalohematoma
28 day old baby boy with left parietal scalp mass


Keywords by value: 
- scalp: 0.39400280631854884 (92)
- cephalohematoma: 0.2521004528306628 (36)
- parietal: 0.1490094877568565 (288)
- parieto-occipital: 0.1470628675822938 (5)
- succedaneum: 0.1470628675822938 (6)
- fluid/fluid: 0.14019608724308538 (10)
- subgaleal: 0.13747095678136045 (13)
- caput: 0.1350672213598016 (10)
- hematoma: 0.12412109707845263 (649)
- •: 0.09593965417934007 (8449)
- containing: 0.08853431856098554 (116)
- baby: 0.08492975660834642 (127)
- 28: 0.08220462614662147 (276)
- partially: 0.07980089072506262 (157)
- overlying: 0.07891343946098632 (154)
- calcified: 0.07485763157455194 (261)
- collection: 0.07381676311634025 (331)
- required: 0.06276990840382171 (331)
- boy: 0.05928003632501982 (395)
- day: 0.05536652712965162 (1324)
- brain: 0.052476561700056365 (978)
- level: 0.05026304138054963 (1166)
- edema: 0.049324969172067155 (980)
- mass: 0.048508612528472016 (5255)
- bone: 0.04333540166244632 (2205)
- none: 0.04325958177363278 (942)
- left: 0.03902470486828223 (7401)
- (: 0.02948415209158614 (9594)
- ): 0.029123987433196125 (10569)
- normal: 0.02733902968569594 (4858)
- right: 0.01840064712470238 (8044)
- old: 0.017855808099229684 (3947)
- the: 0.0028214139735433835 (67588)
- with: 0.0023878403283650964 (23954)
- .: 0.002173440985551813 (82185)
