Texto: 
gamekeeper's thumb
49 yo man with trauma to left thumb.


Keywords by value: 
- thumb: 0.8503243928770317 (111)
- gamekeeper: 0.5515244872191898 (16)
- 49: 0.3948317483383982 (153)
- yo: 0.2142792936085635 (2293)
- trauma: 0.19475073181316074 (1386)
- man: 0.1684109869241666 (4104)
- 's: 0.15700388486392042 (1676)
- left: 0.07967543910607622 (7401)
- to: 0.03558900903691552 (40381)
- with: 0.00975034800749081 (23954)
- .: 0.0029582946747788563 (82185)
