Texto: 
• patient is disoriented.  no focal findings.
• normal  laboratory findings.
anticoagulation
• ct - bilateral frontal lobe lesions with mild mass effect.

• mri - cortical and gyral enhancement of the frontal lobe lesions.
• dwi - no restricted diffusion

• mrv - occlusion of the anterior aspect of the superior sagittal sinus.
venous infarction from sinus thrombosis
• viral encephalitis
• meningitis
• multifocal glioma
• metastases
31 year old woman, previously healthy, presents with "multiple seizures" the day before admission.
history reveals that she is a smoker and taking birth control pills. both of these are risk factors for increased clotting.


Keywords by value: 
- •: 0.1339328505637511 (8449)
- -: 0.06262319516951671 (21459)
- gyral: 0.05410779294169656 (13)
- pills: 0.05342366723508514 (16)
- clotting: 0.05342366723508514 (13)
- sinus: 0.053421520848588686 (907)
- disoriented: 0.05164897180963006 (17)
- mrv: 0.048927145047933183 (28)
- frontal: 0.04588533221339073 (673)
- smoker: 0.04340041714259085 (76)
- encephalitis: 0.04079031757377734 (99)
- lobe: 0.0393047068021117 (1492)
- multifocal: 0.03928214289564438 (81)
- lesions: 0.039103598399041845 (1314)
- dwi: 0.03879360944402088 (124)
- taking: 0.03879360944402088 (90)
- 31: 0.038331496441710834 (293)
- meningitis: 0.03789309221617621 (115)
- anticoagulation: 0.03688639960372849 (111)
- viral: 0.03679195655939871 (117)
- occlusion: 0.03642428660141844 (151)
- birth: 0.03509391643294158 (176)
- restricted: 0.0336129615502575 (148)
- control: 0.03329519229178097 (246)
- glioma: 0.03292883584364608 (411)
- healthy: 0.03292883584364608 (154)
- factors: 0.032810125483298494 (203)
- diffusion: 0.03269304134348515 (197)
- admission: 0.03218514886082873 (206)
- seizures: 0.03140046895268238 (215)
- thrombosis: 0.031350632026949106 (328)
- metastases: 0.031202841453358842 (266)
- findings: 0.031091229671623245 (1669)
- before: 0.03091471275812541 (201)
- previously: 0.030681809831224763 (213)
- infarction: 0.029850499528445217 (301)
- sagittal: 0.02913116797014 (452)
- reveals: 0.028574767096538663 (273)
- laboratory: 0.026915313981658685 (321)
- cortical: 0.02662457137244284 (525)
- venous: 0.026510988191941278 (857)
- risk: 0.026454757669735783 (538)
- effect: 0.025859472248455088 (544)
- superior: 0.023322595701317877 (703)
- day: 0.023187690849170342 (1324)
- aspect: 0.022942666106695365 (641)
- focal: 0.02085891969349062 (922)
- she: 0.020502445653454465 (2424)
- enhancement: 0.019576827060880653 (898)
- mild: 0.019232935503684934 (1287)
- these: 0.01900721958938325 (1129)
- anterior: 0.018810195074895193 (1421)
- both: 0.018651281971676252 (1020)
- ``: 0.017949872116511258 (0)
- increased: 0.017867391297432957 (1255)
- bilateral: 0.017724937857388413 (2204)
- '': 0.01760469659813883 (0)
- woman: 0.016870965363153047 (987)
- mri: 0.01678013551209077 (1820)
- multiple: 0.015382957294694608 (1682)
- presents: 0.014920036713742958 (1354)
- no: 0.014708447020577813 (35870)
- that: 0.012615219902212167 (3273)
- normal: 0.011449679099137617 (4858)
- from: 0.010824236864565918 (3282)
- ct: 0.010216270541812334 (27172)
- mass: 0.010157786384167219 (5255)
- history: 0.010087303741086184 (2881)
- are: 0.009956186944697451 (8518)
- is: 0.009611808177516678 (65037)
- year: 0.008171839908315512 (4271)
- old: 0.007478073477455168 (3947)
- patient: 0.007321298554840924 (8535)
- for: 0.006231693578142865 (12260)
- the: 0.0047264712719188315 (67588)
- ,: 0.004627522487474998 (45533)
- of: 0.003983035924717554 (41955)
- a: 0.003389741895885481 (549576)
- and: 0.0030770770210635638 (31978)
- .: 0.0027307335459497138 (82185)
- with: 0.0020000713861519615 (23954)
