Texto: 
ap neck:  abnormal density right hemithorax
pa/lat cxr:  middle mediastinal mass
ct: homogeneously attenuating mass with mass effect on trachea and esophagus
mr: mixed intensity mass
bronchogenic cyst, congenital
middle mediastinal masses, more specifically foregut duplication cysts
1.  bronchogenic cyst
2.  esophageal duplication cyst
3.  neurenteric cyst
26 y/o wm with neck pain after snowboarding fall
the slightly higher average hounsfield unit on ct and mixed signal intensity on mr suggest highly proteinaceous fluid.


Keywords by value: 
- duplication: 0.11872062317861795 (81)
- cyst: 0.11340104375437543 (3901)
- bronchogenic: 0.11139390940153895 (89)
- snowboarding: 0.09527044611479492 (3)
- mixed: 0.0926647750849267 (201)
- mediastinal: 0.08958352143520353 (308)
- neurenteric: 0.08316144299119335 (9)
- attenuating: 0.07815570091578392 (61)
- foregut: 0.07716751933956742 (16)
- middle: 0.07716441900351698 (443)
- intensity: 0.07626347349084693 (622)
- proteinaceous: 0.0754008422575838 (16)
- hounsfield: 0.07184921173348774 (24)
- pa/lat: 0.06769523350359621 (36)
- mr: 0.06704196227028232 (2711)
- wm: 0.0668434696580783 (42)
- unit: 0.0639250896819767 (180)
- neck: 0.06195662066712302 (1226)
- homogeneously: 0.06156638305527658 (52)
- average: 0.06156638305527658 (57)
- hemithorax: 0.05958684416545955 (73)
- specifically: 0.05913786090409072 (64)
- mass: 0.05868943244185503 (5255)
- trachea: 0.05603521364136349 (229)
- :: 0.055816040295835305 (11095)
- higher: 0.05173513099607687 (109)
- highly: 0.050802938989803474 (117)
- 26: 0.04883587678524476 (318)
- esophageal: 0.048366402765624525 (487)
- fall: 0.04641077306936037 (368)
- esophagus: 0.045797196914394045 (342)
- suggest: 0.04493047767151443 (758)
- cxr: 0.044518916927470085 (258)
- slightly: 0.042644768620457685 (266)
- cysts: 0.04132664546705391 (578)
- ap: 0.03858220950175849 (13322)
- congenital: 0.03858220950175849 (459)
- effect: 0.03735257102554623 (544)
- 3.: 0.03609721249556453 (1190)
- masses: 0.03566163454316157 (522)
- density: 0.034711498232839 (574)
- 2.: 0.03354869310864516 (1513)
- 1.: 0.03295295267034075 (1783)
- abnormal: 0.03008755852240631 (1526)
- fluid: 0.02998319882226979 (1076)
- ct: 0.029513670454124515 (27172)
- y/o: 0.029217642343452352 (688)
- signal: 0.02781573247250344 (1276)
- on: 0.026810778235756595 (91641)
- more: 0.026384892707557606 (1268)
- after: 0.02182717534085435 (1714)
- pain: 0.012884051450996725 (5051)
- right: 0.011131255668029834 (8044)
- ,: 0.006684199148574997 (45533)
- and: 0.004444666808202925 (31978)
- with: 0.0028889920022194997 (23954)
- the: 0.0017067812926373554 (67588)
- .: 0.00043826587774501574 (82185)
