Texto: 
px non-contributory
antiepileptic medication
• thickened cortex left cerebral hemisphere
enlargement of left hemisphere
• some irregularity of the gray-white matter junction
• distortion of left lateral ventricle shape
• periventricular gliosis
hemimegalencephaly with polymicrogyria
• pachygyria
• lissencephaly
• polymicrogyria
• megalencephaly
17 year old girl with a history of poorly controlled seizures


Keywords by value: 
- polymicrogyria: 0.24121975299897971 (12)
- •: 0.2321502743105019 (8449)
- px: 0.16325034118456477 (26)
- megalencephaly: 0.16325034118456477 (8)
- hemisphere: 0.16109667797451535 (203)
- hemimegalencephaly: 0.13757822338604828 (7)
- antiepileptic: 0.1334459353987481 (9)
- lissencephaly: 0.12474216448679003 (15)
- gray-white: 0.11723355137367587 (14)
- pachygyria: 0.11723355137367587 (20)
- gliosis: 0.11078342740574595 (21)
- controlled: 0.09493775870097336 (66)
- distortion: 0.09403423714228017 (55)
- periventricular: 0.09117959492325688 (70)
- irregularity: 0.0845745033688359 (77)
- shape: 0.08233464021295327 (278)
- medication: 0.07971590587869719 (298)
- poorly: 0.0772431023115764 (119)
- 17: 0.07706589025572176 (449)
- thickened: 0.07096132967144744 (173)
- seizures: 0.06803434939747847 (215)
- cortex: 0.06771228008799943 (234)
- junction: 0.06627919372475091 (291)
- enlargement: 0.06278830382379806 (295)
- matter: 0.06230518463705181 (399)
- ventricle: 0.059303524399600516 (556)
- non-contributory: 0.05844511496679401 (287)
- girl: 0.05563661909240366 (357)
- cerebral: 0.05482308336600131 (595)
- left: 0.05311695940405081 (7401)
- some: 0.048054226923458496 (974)
- lateral: 0.03419755640045463 (4830)
- history: 0.021855824772353396 (2881)
- year: 0.017705653134683606 (4271)
- old: 0.016202492534486197 (3947)
- of: 0.008629911170221365 (41955)
- a: 0.007344440774418541 (549576)
- with: 0.004333488003329249 (23954)
- the: 0.002560171938956033 (67588)
