Texto: 
plain film:
1) obliteration of soft tissue planes above the patella
2) joint effusion
3) avulsed patellar fragments
4) soft tissue swelling
5) avulsed tendon retraction ('balling up'/thickening)

mri t2wi fatsat:
1) disruption of normal laminar tendon - 3 of 4 tendons avulsed and retracted. only vastus intermedius remains intact.
2) normal patellar position (negative patella baja).
3) high signal intensity at site of tear and in surrounding soft tissue.
quadriceps tendon rupture
trauma


Keywords by value: 
- avulsed: 0.20927032014678676 (16)
- tendon: 0.13001754413035427 (420)
- patella: 0.10888817248252562 (325)
- patellar: 0.09867070228153137 (190)
- 'balling: 0.09582085243441846 (1)
- up'/thickening: 0.09582085243441846 (1)
- baja: 0.08387941451411292 (6)
- fatsat: 0.080752435465724 (4)
- ): 0.07755844479492446 (10569)
- vastus: 0.07321822698137676 (9)
- laminar: 0.06975677338226226 (26)
- retracted: 0.06975677338226226 (13)
- intermedius: 0.06881099754541845 (13)
- soft: 0.0678563075215288 (1339)
- tissue: 0.066046343101715 (1668)
- 3: 0.06524920195782194 (8405)
- obliteration: 0.06222256489791502 (25)
- quadriceps: 0.05999653867350184 (64)
- retraction: 0.058851315677221114 (58)
- tendons: 0.05657174468828558 (52)
- t2wi: 0.05572433662883219 (50)
- planes: 0.053298863244982085 (64)
- 4: 0.05176025880824011 (7367)
- fragments: 0.048605576109921896 (105)
- remains: 0.04832685403803779 (90)
- disruption: 0.04523432688922799 (137)
- 1: 0.04420274712955884 (15898)
- tear: 0.04079264555369056 (574)
- 2: 0.04000227166327274 (13754)
- rupture: 0.03943622411006242 (417)
- site: 0.03925556235749677 (415)
- position: 0.03867416360802953 (557)
- film: 0.03567531451346715 (690)
- effusion: 0.0352953686978848 (600)
- intact: 0.03411700675758931 (406)
- above: 0.03404281148508496 (359)
- intensity: 0.03357250735194892 (622)
- swelling: 0.030943596347621005 (562)
- surrounding: 0.030534405047443102 (472)
- plain: 0.030165909920533526 (1294)
- joint: 0.03003727451132697 (1154)
- normal: 0.029122009882589152 (4858)
- only: 0.02792838759222756 (984)
- negative: 0.027740436536683417 (803)
- 5: 0.02717565676569743 (8237)
- high: 0.025418978924747995 (1383)
- trauma: 0.02540226936693401 (1386)
- :: 0.02457119165197098 (11095)
- signal: 0.024489938372530204 (1276)
- mri: 0.02133995494472413 (1820)
- -: 0.01991009194248221 (21459)
- (: 0.01570351578791001 (9594)
- at: 0.012584382095996011 (83424)
- of: 0.005065382643390801 (41955)
- in: 0.004580404675437554 (113220)
- and: 0.003913239255048227 (31978)
- .: 0.0015434580911889684 (82185)
- the: 0.0015027096163437587 (67588)
