Texto: 
see above
needle biopsy of mass with aspiration was performed.
patient improved with steriods
intramedullary mass cervical spinal cord
irregular enhancement of mass
spinal cord abscess
abscess
ependymoma
astrocytoma
metastatic disease
41 year old man with history of mrsa sepsis.
presents with increasing neck pain, paraplegia, and fever.
pus was aspirated from the abscess cavity.  no growth was noted with culture presumably since patient was on antibiotics prior to obtaining material for culture.


Keywords by value: 
- culture: 0.11382096367312958 (216)
- abscess: 0.10131885915503501 (839)
- steriods: 0.09007600639415497 (6)
- paraplegia: 0.08420096102858328 (9)
- cord: 0.08117934800513504 (753)
- aspirated: 0.0772057636793905 (17)
- spinal: 0.07649440525948965 (1010)
- mrsa: 0.07553662127158396 (21)
- pus: 0.07274732688015634 (310)
- obtaining: 0.07213744982803844 (21)
- presumably: 0.07155594963260228 (23)
- intramedullary: 0.06611447374187922 (43)
- sepsis: 0.06575212953096356 (45)
- 41: 0.05691048183656479 (200)
- needle: 0.05437012881639894 (139)
- improved: 0.050882328695040606 (129)
- aspiration: 0.05035033351480566 (155)
- was: 0.049413876110684346 (7680)
- ependymoma: 0.04781357296484703 (232)
- material: 0.047728826877529794 (190)
- cavity: 0.04675430760915839 (221)
- growth: 0.046445649951778745 (284)
- mass: 0.04456728776053367 (5255)
- increasing: 0.04377890556155889 (234)
- irregular: 0.04260433315632975 (401)
- astrocytoma: 0.04147937748341621 (413)
- antibiotics: 0.040121454470881265 (336)
- since: 0.03923455777122771 (375)
- above: 0.03914923320784771 (359)
- cervical: 0.03881364258239536 (1130)
- biopsy: 0.03789616552045951 (501)
- fever: 0.03614078283189958 (569)
- see: 0.03187771514035986 (2684)
- neck: 0.03136553921273103 (1226)
- performed: 0.02978222914034149 (901)
- enhancement: 0.02863110957653795 (898)
- prior: 0.027426409652529543 (948)
- metastatic: 0.02688886754520113 (1079)
- noted: 0.025317764855657423 (1365)
- man: 0.02526164803862499 (4104)
- presents: 0.021820553693849075 (1354)
- patient: 0.0214147982729097 (8535)
- disease: 0.017459219265196304 (3336)
- from: 0.015830446414427653 (3282)
- history: 0.014752681721338543 (2881)
- pain: 0.013045102094134184 (5051)
- year: 0.011951315865911435 (4271)
- old: 0.010936682460778183 (3947)
- no: 0.010755551883797525 (35870)
- for: 0.00911385185803394 (12260)
- on: 0.009048637654567851 (91641)
- with: 0.0073127610056181085 (23954)
- ,: 0.006767751637932185 (45533)
- to: 0.005338351355537329 (40381)
- of: 0.004368892529924566 (41955)
- and: 0.0022501125716527307 (31978)
- .: 0.002218721006084142 (82185)
- the: 0.0017281160587953226 (67588)
