Texto: 
negative
none
• 2.5 cm hypothalamic mass
• irregular heterogeneous enhancement
• no hydrocephalus
• no mass in sella turcica
hypothalamic glioma
• hypothalamic-chiasmic glioma
• hypothalamic hamartoma
• craniopharyngioma
• pituitary macroadenoma
10 year old girl presents with migraine headaches
had mri to evaluate for possible mass.
the overwhelming majority of hypothalamic and chiasmatic gliomas are pilocytic astrocytomas - a who grade 1 neoplasm.


Keywords by value: 
- hypothalamic: 0.33656505036528667
- •: 0.1871061912353299
- hypothalamic-chiasmic: 0.13157490185024623
- glioma: 0.11500518787183853
- chiasmatic: 0.1075534404706328
- overwhelming: 0.10483222320505138
- turcica: 0.09448674289818652
- astrocytomas: 0.0884350248667214
- macroadenoma: 0.08414126259132167
- gliomas: 0.08414126259132167
- migraine: 0.08238330683525626
- sella: 0.0734880317291921
- hamartoma: 0.06973707011305919
- 2.5: 0.06904274152149362
- craniopharyngioma: 0.06753819377340459
- pilocytic: 0.06713478075268937
- pituitary: 0.0639241631464663
- majority: 0.0626925060764961
- hydrocephalus: 0.054833654738266235
- mass: 0.05321467195287602
- evaluate: 0.05155561579488168
- irregular: 0.05087084555979671
- headaches: 0.04875287073240714
- grade: 0.04857965362613388
- heterogeneous: 0.046898435176044855
- girl: 0.04484145419387758
- neoplasm: 0.043435172774804895
- 10: 0.04299439146786433
- possible: 0.04295495849080704
- negative: 0.038091345692162305
- cm: 0.03420830026592516
- enhancement: 0.03418639949437367
- who: 0.03325325983793585
- none: 0.031637604580716516
- 1: 0.030348154745667266
- mri: 0.029302624700218206
- had: 0.027520146555831466
- -: 0.0273392307269905
- presents: 0.02605439247026755
- no: 0.025684900021009014
- are: 0.017386177201934354
- year: 0.014270227899595742
- old: 0.013058725326302307
- for: 0.010882211173771868
- to: 0.006374150872283377
- in: 0.0062895108976157455
- a: 0.005919400027143302
- and: 0.002686701578092813
- the: 0.002063422159755609
- with: 0.0017463309864162648
- of: 0.0017388626984774392
- .: 0.0010596876446969036
