Texto: 
peripherally inserted central catheter
needs long term iv access for antibiotic treatment


Keywords by value: 
- inserted: 0.48498217920104225 (27)
- needs: 0.4511934201920285 (30)
- access: 0.4511934201920285 (182)
- peripherally: 0.4251621964385158 (46)
- antibiotic: 0.3644055972896818 (445)
- catheter: 0.34216568522118035 (315)
- term: 0.32585363712733906 (1017)
- iv: 0.2598687447884245 (11885)
- long: 0.2455184592360603 (1481)
- central: 0.23430261307166325 (709)
- treatment: 0.14413474663340725 (1790)
- for: 0.06075901238689292 (12260)
