Texto: 
follow up imaging in 6 months was recommended.
cystic, non-enhancing lesion in the tail of the pancreas.
serous cystadenoma of the pancreas
serous cystadenoma (microcystic)
mucinous cystadenoma (macrocystic)
pseudocyst
intraductal papillary mucinous tumor (arising in a side branch)
patient noted to have a hypodense lesion in the tail of the pancreas on a non-contrast ct obtained for microhematuria.
the imaging appearance of a cluster of small cysts in the tail of the pancreas, as well as the patient's age and gender, favor the diagnosis of a serous cystadenoma (microcystic adenoma).  small, cystic pancreatic lesions which are discovered incidentally may often be followed safely (ajr 2005; 184:20-23).


Keywords by value: 
- cystadenoma: 0.15638963219705324
- pancreas: 0.13772809976302935
- serous: 0.13417380018985864
- tail: 0.11113333605810678
- microcystic: 0.10106493151445871
- mucinous: 0.08073447196618207
- 184:20-23: 0.069413530897374
- safely: 0.05303997545107608
- macrocystic: 0.05211254997346676
- cluster: 0.050532465757229354
- microhematuria: 0.04921707926381859
- favor: 0.04622897200629967
- gender: 0.04507461394179671
- intraductal: 0.044724600063286206
- pseudocyst: 0.04346205951151314
- ajr: 0.042899390503779715
- non-enhancing: 0.04098110638836436
- cystic: 0.03881311350002769
- branch: 0.036424123479843085
- 2005: 0.03630571499665774
- hypodense: 0.03584912241673372
- papillary: 0.03415891031093143
- discovered: 0.033152348330538636
- pancreatic: 0.03291960185619577
- non-contrast: 0.032843523817520676
- imaging: 0.03152872164497012
- small: 0.031001185580805016
- incidentally: 0.030502960640607826
- (: 0.02843943804109687
- adenoma: 0.028098380722881986
- ): 0.028092035122571066
- recommended: 0.027893849333879932
- arising: 0.027853572950677016
- lesion: 0.0274103185196922
- cysts: 0.02635793923489265
- obtained: 0.023920205517668047
- side: 0.023310602376095047
- followed: 0.0225580777273919
- often: 0.021468295657635056
- follow: 0.021379523401153025
- age: 0.020479608862553594
- as: 0.020355551273923272
- 6: 0.020095434341534442
- appearance: 0.01924335887192631
- months: 0.018377490509370608
- up: 0.01809328465397026
- lesions: 0.018012287451527147
- in: 0.016590442131506098
- noted: 0.01594819833427239
- ;: 0.01594819833427239
- tumor: 0.015686868516620562
- a: 0.015614165425929184
- diagnosis: 0.015450545911656849
- well: 0.015221109865894889
- 's: 0.014835012743047599
- may: 0.014758491093686014
- have: 0.014570378569803873
- patient: 0.013489636707344693
- which: 0.012560193600335029
- the: 0.010885770449104394
- be: 0.010376037191684482
- ct: 0.009411839790488527
- are: 0.009172235216768517
- ,: 0.008526301276135035
- was: 0.007781712773336116
- of: 0.006421469335322197
- for: 0.005741009044430828
- on: 0.005699929231223843
- to: 0.0033627410113620964
- and: 0.00141739374592298
- .: 0.0013976195313915856
