Texto: 
non-contributory
mri if clinically indicated
hypertrophied spinous processes characteristic of baastrup's sign.
baastrup's sign
baastrup's sign
low back pain
baastrup's sign may be associated with clinically significant spinal stenosis


Keywords by value: 
- baastrup: 0.9555730874595945 (11)
- sign: 0.3482878237369495 (3330)
- 's: 0.22165254333729942 (1676)
- clinically: 0.22038907186742746 (178)
- spinous: 0.16836694031200536 (65)
- hypertrophied: 0.16024184099941247 (32)
- processes: 0.136054814174708 (82)
- indicated: 0.1087507238691101 (206)
- characteristic: 0.10638298213825507 (336)
- stenosis: 0.09845465537739315 (625)
- non-contributory: 0.09282459435902579 (287)
- spinal: 0.08999341795234077 (1010)
- back: 0.08291371574551404 (949)
- low: 0.06988729567254116 (6753)
- if: 0.06819833628766575 (9413)
- significant: 0.06758373973688891 (999)
- associated: 0.05930772240905006 (1317)
- mri: 0.05774340749748882 (1820)
- may: 0.05512730496759188 (2139)
- be: 0.03875755068658615 (14541)
- pain: 0.03069435786855102 (5051)
- with: 0.0034412992967614627 (23954)
- of: 0.0034265823764114242 (41955)
- .: 0.0010441040028631257 (82185)
