Texto: 
neurologically intact
supportive measures only.
no surgical intervention needed at this time.
extra-axial high density collection overlying left frontal lobe with minimal mass effect.
no associated fracture visible.
acute subdural hematoma
• epidural hematoma
• subdural hematoma
• abscess
• meningioma
69 year old woman on plavix, who was knocked to sidewalk by her neighbor's dog.  no loss of consciousness.


Keywords by value: 
- subdural: 0.136054814174708 (174)
- hematoma: 0.1341603034597981 (649)
- knocked: 0.11944663593244931 (2)
- neighbor: 0.11944663593244931 (9)
- sidewalk: 0.10597177222841761 (5)
- dog: 0.10102365110163507 (61)
- neurologically: 0.09437681104659011 (11)
- plavix: 0.09437681104659011 (12)
- •: 0.0921773147997581 (8449)
- 69: 0.07914016499237282 (104)
- extra-axial: 0.06695350804301739 (85)
- consciousness: 0.06379678837482781 (98)
- epidural: 0.06191688585262362 (238)
- visible: 0.05948284999265931 (138)
- overlying: 0.05686409608218132 (154)
- intervention: 0.055954163674562386 (271)
- supportive: 0.05556714443460102 (159)
- needed: 0.054731885634702 (184)
- measures: 0.05377151654047013 (221)
- collection: 0.05319149106912754 (331)
- minimal: 0.04947764662354114 (368)
- meningioma: 0.048324843183162866 (444)
- intact: 0.04615830326026789 (406)
- effect: 0.04449350372160654 (544)
- density: 0.04134751995382293 (574)
- abscess: 0.03973288594315099 (839)
- frontal: 0.03947488138946114 (673)
- no: 0.0379607713545795 (35870)
- only: 0.03778546556595493 (984)
- her: 0.03778546556595493 (13092)
- loss: 0.03647741430100646 (858)
- time: 0.035494135694695776 (1157)
- high: 0.03439038325112964 (1383)
- lobe: 0.03381360805769903 (1492)
- fracture: 0.03313344603342321 (2836)
- who: 0.03276424131090738 (941)
- acute: 0.031027637192742576 (1548)
- associated: 0.02965386120452503 (1317)
- woman: 0.02902798452189568 (987)
- 's: 0.027706567917162427 (1676)
- surgical: 0.02641502603310961 (1704)
- by: 0.020924572106542274 (2984)
- mass: 0.01747736774922889 (5255)
- at: 0.01702592871811225 (83424)
- was: 0.014533492973730688 (7680)
- this: 0.014134370784031368 (5602)
- left: 0.014060371606954628 (7401)
- year: 0.014060371606954628 (4271)
- old: 0.012866685247974333 (3947)
- on: 0.010645456064197471 (91641)
- to: 0.00628041335945568 (40381)
- ,: 0.003981030375254226 (45533)
- .: 0.0031323120085893774 (82185)
- with: 0.0017206496483807314 (23954)
- of: 0.0017132911882057121 (41955)
