Texto: 
normal metabolic and liver panel.  mild - moderate tenderness in right upper quadrant.
malignant           vs           benign mass

renal cell ca                    hypertrophied column 
angiomyelolipoma                   of bertin
transitional cell ca             pyelonephritis
oncocytoma
lymphoma
metastases
juxtaglomerular cell tumor
ultrasound images demonstrate an incidental finding of a nearly isoechoic mass in the interpolar region of the left kidney with no other abnormalities. three phase ct of the kidneys shows normally enhancing renal parenchyma extending into the sinus fat.  the same finding is present in the right kidney.
column of bertin--normal variant
benign
right upper quadrant pain.  no other significant history or symptoms.
incidental finding.


Keywords by value: 
- bertin: 0.12490196863474881 (10)
- column: 0.09367194141521548 (68)
- angiomyelolipoma: 0.08014107658151362 (1)
- finding: 0.0751107683192313 (2193)
- juxtaglomerular: 0.0738397385764232 (2)
- ca: 0.07234975485481855 (36988)
- interpolar: 0.0675384005713328 (4)
- cell: 0.0629520194067678 (1988)
- incidental: 0.05883251996327774 (467)
- isoechoic: 0.056149646312283995 (15)
- kidney: 0.0547342446372729 (1021)
- quadrant: 0.05467956243611008 (508)
- benign: 0.05361909758242184 (529)
- oncocytoma: 0.05052201714495469 (38)
- hypertrophied: 0.0495292963089093 (32)
- transitional: 0.04756363168645807 (54)
- renal: 0.04668137362651035 (1899)
- panel: 0.04573935263680215 (59)
- pyelonephritis: 0.04533524570434003 (87)
- nearly: 0.042769495998119876 (66)
- metabolic: 0.03836725976210826 (145)
- normally: 0.038275893072530966 (178)
- upper: 0.03749237282488579 (1489)
- variant: 0.037005329960029525 (148)
- phase: 0.036542980712452336 (280)
- other: 0.03581160997640816 (2604)
- kidneys: 0.03575196819436479 (196)
- --: 0.03568335723404313 (461)
- metastases: 0.033188476818572586 (266)
- parenchyma: 0.033085169921751534 (384)
- same: 0.032020123629472784 (239)
- vs: 0.03058618154909816 (362)
- moderate: 0.030547248260079967 (381)
- abnormalities: 0.02853422383362015 (356)
- sinus: 0.028410536087658523 (907)
- malignant: 0.028078824330720918 (482)
- liver: 0.026783831916661123 (910)
- three: 0.02618749298497191 (473)
- extending: 0.026115627716725428 (456)
- right: 0.02458995570301136 (8044)
- enhancing: 0.024363213935315993 (642)
- normal: 0.024356590083620018 (4858)
- tenderness: 0.023626475662560303 (608)
- fat: 0.023626475662560303 (1111)
- ultrasound: 0.023046568954602754 (868)
- lymphoma: 0.022201805767177143 (867)
- region: 0.021941829338539203 (1007)
- mass: 0.02160838194450117 (5255)
- shows: 0.02135794272480799 (912)
- significant: 0.020889519555038392 (999)
- mild: 0.020456849581192153 (1287)
- symptoms: 0.01936052251725581 (1259)
- into: 0.01848478516327006 (1299)
- tumor: 0.018111202741916466 (2333)
- demonstrate: 0.017876837648482188 (3313)
- present: 0.017545534126651642 (4525)
- -: 0.01665207689734876 (21459)
- no: 0.015644439103705488 (35870)
- images: 0.0149023990177214 (1966)
- in: 0.01149265173109786 (113220)
- ct: 0.010866396849018571 (27172)
- an: 0.010742407857133906 (75109)
- history: 0.010729223070064395 (2881)
- pain: 0.009487346977552134 (5051)
- or: 0.009104752263306431 (60128)
- left: 0.008691866084299225 (7401)
- the: 0.0075408700747432245 (67588)
- of: 0.005295627308999474 (41955)
- is: 0.005111734348952051 (65037)
- a: 0.003605452743805466 (549576)
- .: 0.0025817844434433655 (82185)
- and: 0.0016364455066565312 (31978)
- with: 0.0010636743280899067 (23954)
