Texto: 
non-contributory
no acute treatment required.
osteogenesis imperfecta
• osteoporosis
• hyperparathyroidism
• multiple myeloma
• osteogenesis imperfecta
26 year old man arrived in er following motor vehicle accident.  ct scan of spine ordered to rule out fractures


Keywords by value: 
- osteogenesis: 0.2935628702875991 (39)
- imperfecta: 0.2935628702875991 (37)
- •: 0.1607194206765013 (8449)
- arrived: 0.1583707972910574 (16)
- osteoporosis: 0.13276749395487467 (58)
- myeloma: 0.12731720057067794 (100)
- hyperparathyroidism: 0.1149944893251325 (96)
- ordered: 0.10306994559922454 (134)
- vehicle: 0.10203170556448769 (282)
- 26: 0.10142835947704681 (318)
- accident: 0.09951396130348221 (399)
- motor: 0.09149985517451313 (384)
- rule: 0.09149985517451313 (333)
- er: 0.08405600402430671 (89441)
- fractures: 0.08296893840975066 (616)
- non-contributory: 0.08092400533863786 (287)
- required: 0.07886475671249395 (331)
- out: 0.07241163786816708 (3801)
- spine: 0.0721565011796243 (1062)
- following: 0.062186609151311495 (761)
- scan: 0.061340293857255854 (1175)
- acute: 0.05409946997708962 (1548)
- man: 0.05181876520743588 (4104)
- multiple: 0.046148871884083814 (1682)
- treatment: 0.04434915281027915 (1790)
- ct: 0.030648811625436995 (27172)
- year: 0.02451551972494653 (4271)
- old: 0.022434220432365502 (3947)
- no: 0.022062670530866718 (35870)
- to: 0.01095046431905093 (40381)
- in: 0.01080505718308346 (113220)
- of: 0.0029872769435381648 (41955)
- .: 0.0018204890306331423 (82185)
