Texto: 
• negative physical examination
• mild hypertension
• negative drug screen.
• normal carotid and cardiac ultrasound
• anticoagulation.
• no pre-existing condition or drugs found to account for infarction.
• ct low attenuation lesion left frontal lobe close to vertex.
• mri frontal lobe lesion which is high signal on t2 and flair.
• t2 "shine through" on dwi images.
cortical cerebral vein thrombosis, frontal lobe venous infarct
• encephalitis
• low grade glioma
• post traumatic edema
• venous thrombosis and infarct
56 year old woman "found down" by ems and brought into hospital disoriented.  ct ordered and showed lesion left frontal lobe.


Keywords by value: 
- •: 0.17263717432836054 (8449)
- frontal: 0.09099294693163923 (673)
- lobe: 0.07794323213300115 (1492)
- shine: 0.06883365460514028 (3)
- infarct: 0.06426504920542749 (647)
- thrombosis: 0.06216989740937365 (328)
- venous: 0.05257263760096829 (857)
- pre-existing: 0.05234289063009525 (18)
- ems: 0.05121126865870099 (305)
- disoriented: 0.05121126865870099 (17)
- vertex: 0.049754910549153035 (20)
- found: 0.04564450193986631 (642)
- lesion: 0.04425140405085902 (3600)
- negative: 0.04325627392160804 (803)
- screen: 0.04207941374793593 (313)
- t2: 0.040993029978819526 (1171)
- account: 0.04090283370679851 (128)
- encephalitis: 0.04044463691637244 (99)
- low: 0.040274034794345756 (6753)
- drugs: 0.040009947980884725 (71)
- brought: 0.03933161994975306 (66)
- dwi: 0.03846485004195291 (124)
- 56: 0.038118900935849055 (136)
- drug: 0.03715848834850156 (190)
- anticoagulation: 0.03657380299691723 (111)
- ``: 0.03559550911240368 (0)
- close: 0.03534853834597564 (290)
- '': 0.03491100850817361 (0)
- ordered: 0.034065490494658957 (134)
- flair: 0.033200666305216835 (181)
- glioma: 0.03264977791276772 (411)
- carotid: 0.03247382883269629 (322)
- down: 0.031084948704686824 (306)
- traumatic: 0.03033115645030974 (407)
- condition: 0.030286198380566575 (365)
- infarction: 0.02959752919345839 (301)
- attenuation: 0.029115432800220668 (324)
- hypertension: 0.02854899196864566 (343)
- cardiac: 0.027583362652126867 (446)
- grade: 0.027583362652126867 (661)
- hospital: 0.02726352936413664 (409)
- cortical: 0.02639893941165942 (525)
- vein: 0.026202824762831502 (782)
- cerebral: 0.0250885296759667 (595)
- showed: 0.023744095490878785 (635)
- post: 0.022803686720951642 (3312)
- examination: 0.02251205962266581 (634)
- ultrasound: 0.02148408970344325 (868)
- through: 0.020567432359498886 (1208)
- edema: 0.02048240245280755 (980)
- ct: 0.020259383955797336 (27172)
- high: 0.019818186958278097 (1383)
- signal: 0.019093850256548972 (1276)
- mild: 0.019069944524840142 (1287)
- physical: 0.017766993810010494 (1030)
- into: 0.017231579389489042 (1299)
- woman: 0.01672799108041446 (987)
- mri: 0.01663793097385271 (1820)
- left: 0.016205174055473132 (7401)
- images: 0.013892066880926729 (1966)
- which: 0.013518174468157193 (2234)
- on: 0.012269339192634374 (91641)
- by: 0.012058227993600634 (2984)
- normal: 0.011352647920331365 (4858)
- or: 0.00848748092342125 (60128)
- year: 0.008102587027736566 (4271)
- and: 0.007627500242890612 (31978)
- old: 0.007414699973408937 (3947)
- no: 0.00729189958223561 (35870)
- to: 0.0072384425159828176 (40381)
- for: 0.00617888261561623 (12260)
- is: 0.0047651760880061496 (65037)
- .: 0.002406748209989578 (82185)
- ,: 0.0022941530976041302 (45533)
