Texto: 
coin lodged at thoracic inlet. coin is transverse - tracheal coins are usually in the sagittal plane.
esophageal foreign body
american quarter
canadian quarter
canadian dollar - the loonie
susan b. anthony dollar 1979–1981; 1999
sacagawea dollar 2000–present
swallowed coin


Keywords by value: 
- dollar: 0.5666770634934805
- coin: 0.45439069750970595
- canadian: 0.41002411274262784
- quarter: 0.34554530524867944
- loonie: 0.20501205637131392
- susan: 0.20501205637131392
- anthony: 0.20501205637131392
- 1979–1981: 0.20501205637131392
- sacagawea: 0.20501205637131392
- 2000–present: 0.20501205637131392
- coins: 0.18889235449782682
- lodged: 0.14924705002716576
- swallowed: 0.14924705002716576
- inlet: 0.13779410851326357
- tracheal: 0.12232954331342057
- b.: 0.11808950710890999
- 1999: 0.11267968628870643
- plane: 0.11098760828213833
- foreign: 0.0979150753018234
- american: 0.09466479757216856
- esophageal: 0.0911088052096648
- -: 0.08519667249806342
- transverse: 0.0796848068406976
- sagittal: 0.07926387563968325
- thoracic: 0.07660598851405237
- body: 0.06454101657416475
- usually: 0.06034716869457579
- ;: 0.04710281833610683
- are: 0.027090090058827947
- at: 0.02692472448445658
- is: 0.01307652972987734
- in: 0.009799935584657091
- the: 0.006430199288540735
- .: 0.0016511412138300592
