Texto: 
generalized tenderness to palpation in lower abdomen and pelvis.  labs non-contributory.
the treatment of this particular patient is unknown to the submitter.  these lesions are typically resected due to the propensity to cause torsion.
there are two pelvic masses noted.  the largest is eccentric to the right and anterior and measures 8 cm and contains fat, calcium and soft tissue.  the smaller left adnexal mass slightly posterior also contains fat and calcium.
bilateral ovarian teratomas ("dermoid cyst")
bilateral ovarian teratomas
bilateral dermoid cysts
36 year old female with history of vague abdominal pain.


Keywords by value: 
- teratomas: 0.11179522011453459
- contains: 0.08617024871541772
- calcium: 0.07888281954220495
- submitter: 0.07662614380572219
- ovarian: 0.07377818199109563
- dermoid: 0.07350070751204478
- propensity: 0.06480762523501117
- bilateral: 0.05869295460323898
- eccentric: 0.05139832635830211
- fat: 0.0490360815638044
- largest: 0.045709684060512984
- torsion: 0.04502327505784857
- adnexal: 0.044539376054192434
- vague: 0.0433585916867018
- particular: 0.04322086716386074
- generalized: 0.04218597171804542
- 36: 0.040404895573709826
- resected: 0.039910857974489865
- smaller: 0.03908197725947728
- measures: 0.03449493513916952
- pelvic: 0.03308727100533295
- slightly: 0.032587040172236535
- cysts: 0.03157979512105063
- unknown: 0.031461127364382134
- 8: 0.030142618474050455
- non-contributory: 0.029773926492517706
- pelvis: 0.029293315156524797
- typically: 0.028456846882131813
- labs: 0.028037490631463567
- cause: 0.027276062514641188
- masses: 0.02725087167920837
- palpation: 0.026905085663660868
- tenderness: 0.0245180407819022
- abdomen: 0.02388098361222355
- two: 0.023088030543547224
- are: 0.021978752311879277
- cyst: 0.021663878641755684
- cm: 0.021622227526575336
- lesions: 0.021580759493810827
- due: 0.021512048612762638
- these: 0.02097966690526264
- anterior: 0.020762196450591863
- abdominal: 0.02015018149171807
- to: 0.02014472209636728
- ``: 0.019812594694639783
- soft: 0.019631384565976885
- '': 0.019431599075304177
- noted: 0.019107747060873523
- tissue: 0.019107747060873523
- posterior: 0.018581495742475928
- lower: 0.01813077423928172
- female: 0.01657321010799843
- treatment: 0.016317141128310255
- also: 0.0158926376761335
- there: 0.01199731657042442
- mass: 0.011211896291958155
- history: 0.011134099412330975
- is: 0.010609259969523124
- and: 0.01018918900371048
- pain: 0.009845360071044666
- this: 0.009067332201076727
- left: 0.009019861030876554
- year: 0.009019861030876554
- right: 0.008505959519909592
- old: 0.008254099970398629
- patient: 0.008081055952041396
- the: 0.007825431209639196
- (: 0.006814733266451514
- ): 0.006731487661446274
- in: 0.0039754455673608954
- .: 0.002679210271497832
- ,: 0.0025538685426159187
- of: 0.0021981849207167625
- with: 0.0011038129819800919
