Texto: 
non-contributory
• left cerebellar subacute hematoma with some mass effect.
• 4th ventricle minimally compressed
• hemosiderin ring surrounding hematoma
• linear/tubular enhancement
• "popcorn" lesion medial and inferior to hematoma
developmental venous anomaly (dva) and cavernous malformation
• venous angioma and cavernous angioma 
• metastatic disease
• primary neoplasm
• amyloid angiopathy
• anticoagulation therapy
51 year old man with acute onset of headache and ataxia.
mri obtained as follow-up to ct done 3 weeks previously when symptoms first developed.


Keywords by value: 
- •: 0.1780698126813509
- angioma: 0.11383763486809498
- hematoma: 0.10366932540075305
- linear/tubular: 0.10017634572689203
- cavernous: 0.09007927636470184
- venous: 0.07049512769220748
- dva: 0.070187057890355
- popcorn: 0.06798073954443502
- angiopathy: 0.06798073954443502
- amyloid: 0.06272365406775192
- hemosiderin: 0.06191162038613664
- compressed: 0.0591431876286622
- 51: 0.052740126750805236
- ataxia: 0.051897990703603854
- minimally: 0.05052352922158496
- subacute: 0.049826154830945275
- anticoagulation: 0.049042144927684474
- 4th: 0.04891657860738237
- anomaly: 0.04807444256018098
- ring: 0.045128765198953494
- developmental: 0.045128765198953494
- cerebellar: 0.041882042148220736
- previously: 0.04079286079833292
- done: 0.04025589619775854
- malformation: 0.038731211960299765
- developed: 0.037387107782212665
- ventricle: 0.036390799063391224
- non-contributory: 0.03586404782053269
- obtained: 0.03452120569027093
- effect: 0.03438134378487778
- headache: 0.03335210724506589
- neoplasm: 0.03306996108990828
- inferior: 0.032946776833625714
- first: 0.03258503903165741
- surrounding: 0.03192233254959961
- follow-up: 0.031591329448201616
- medial: 0.0310602217453415
- onset: 0.030652513930967615
- some: 0.029487821066667717
- primary: 0.028765730260178368
- when: 0.027810582245636428
- weeks: 0.027559974510240323
- enhancement: 0.026028281433216317
- therapy: 0.025961827230006968
- metastatic: 0.024444425041091934
- symptoms: 0.024200653146569762
- acute: 0.023975901467119264
- ``: 0.02386517088217974
- '': 0.023406244340707306
- man: 0.02296513458056817
- 3: 0.02273835825802886
- mri: 0.022309952896757045
- lesion: 0.019779036659096076
- disease: 0.01587201751381482
- as: 0.014688380748796907
- ct: 0.013582996061273216
- mass: 0.013505238715313233
- left: 0.010864832605374032
- year: 0.010864832605374032
- old: 0.009942438600707438
- to: 0.009706093373704233
- (: 0.00820865598004387
- and: 0.008182227533282658
- ): 0.008108382864923921
- with: 0.0026591858202247667
- of: 0.0013239068272498686
- .: 0.0012102114578640775
