Texto: 
pe: mild bilateral flank pain.
labs: elevated serum calcium.
to follow.
1. lungs with reticulonodular interstitial pattern.
2. nephrolithiasis.
3. diffuse lymphadenopathy.
sarcoidosis.
tuberculosis 
 lymphoma - almost never shows the striking symmetry 
 carcinoma (metastatic) 
 sarcoid
 fungal disease
34 year old female presents to the emergency room with abdominal pain.
the patient presented with abdominal pain secondary to bilateral nephrolithiasis.


Keywords by value: 
- nephrolithiasis: 0.13975913305689547 (55)
- symmetry: 0.09355662336509253 (65)
- reticulonodular: 0.08392957919064883 (21)
- striking: 0.0808303632001737 (22)
- never: 0.06987956652844773 (70)
- sarcoid: 0.060898633682266445 (356)
- abdominal: 0.059331089947836535 (1376)
- 34: 0.05890010340920993 (235)
- calcium: 0.058066519940789756 (155)
- interstitial: 0.058066519940789756 (180)
- bilateral: 0.05760604803651233 (2204)
- fungal: 0.057537355409785995 (155)
- almost: 0.05740815551169831 (120)
- serum: 0.05728014641301882 (144)
- tuberculosis: 0.05653592077226733 (151)
- flank: 0.05582955386624662 (162)
- sarcoidosis: 0.05360682453285052 (237)
- pe: 0.05331645391036005 (22650)
- room: 0.05102576204810886 (199)
- lymphadenopathy: 0.050468539912144623 (222)
- pattern: 0.045367254709323304 (355)
- lungs: 0.044941508305281604 (320)
- emergency: 0.044941508305281604 (302)
- pain: 0.043483673647113946 (5051)
- labs: 0.041277416762988024 (390)
- 3.: 0.040609364057510096 (1190)
- elevated: 0.04026828279665365 (460)
- 2.: 0.037742279747225806 (1513)
- follow: 0.0377111037770338 (2467)
- 1.: 0.037072071754133344 (1783)
- diffuse: 0.035930658616323816 (824)
- lymphoma: 0.03391942547763174 (867)
- carcinoma: 0.033637884305775925 (1515)
- secondary: 0.03318097175706677 (822)
- shows: 0.032630190274012205 (912)
- presented: 0.03235218937531124 (764)
- :: 0.03139652266640736 (11095)
- mild: 0.03125352019348801 (1287)
- metastatic: 0.02987651949466792 (1079)
- -: 0.025440673037616157 (21459)
- female: 0.024399448214553244 (1301)
- presents: 0.024245059659832303 (1354)
- disease: 0.019399132516884778 (3336)
- to: 0.01779450451845776 (40381)
- year: 0.013279239851012703 (4271)
- old: 0.012151869400864646 (3947)
- patient: 0.0118971101516165 (8535)
- (: 0.010032801753386951 (9594)
- ): 0.009910245723795903 (10569)
- the: 0.005760386862651075 (67588)
- with: 0.004875174003745405 (23954)
- .: 0.004437442012168284 (82185)
