Texto: 
osteochondritis dissecans of the medial femoral condyle.
osteochondritis dissecans
left knee pain


Keywords by value: 
- dissecans: 0.8435867559678915
- osteochondritis: 0.8381880913815422
- condyle: 0.3502183497634756
- femoral: 0.2500767705110619
- knee: 0.23834544019694437
- medial: 0.2102538087376963
- pain: 0.08027755134851806
- left: 0.0735465591748396
- the: 0.010634560361817369
- of: 0.008961830830614494
- .: 0.0027307335459497138
