Texto: 
unknown
large mass arising from the left lobe of the liver with a central scar demonstrating:
• mass:
mildly hyperintense to liver on t2 weighted images
isointense to liver on t1 in phase images
enhancement on the post-gad t1 images (arterial phase)

• central scar:
hyperintense to the mass on t2 weighted images
hypointense to the mass on t1 in phase images
delayed enhancement on the post-gad t1 images
focal nodular hyperplasia
• focal nodular hyperplasia
• hepatocellular carcinoma (fibrolamellar)
• hepatic adenoma
• metastatic disease
46 year old woman with abdominal pain.


Keywords by value: 
- post-gad: 0.1253586489936336 (47)
- phase: 0.11939785777335911 (280)
- t1: 0.107267149949475 (949)
- images: 0.09738201338312993 (1966)
- •: 0.09308996148094383 (8449)
- scar: 0.08829325935201796 (242)
- liver: 0.08751153002473436 (910)
- hyperplasia: 0.08337323243521597 (142)
- weighted: 0.07357726725034257 (507)
- nodular: 0.07097841202201804 (392)
- hyperintense: 0.07025069831491426 (240)
- fibrolamellar: 0.06115308014209148 (19)
- central: 0.05567586845267246 (709)
- hepatocellular: 0.04874948639461259 (80)
- focal: 0.048326606022542615 (922)
- t2: 0.04789284690594756 (1171)
- mass: 0.04706776265138869 (5255)
- enhancement: 0.04535621319055517 (898)
- 46: 0.044802564186317895 (157)
- on: 0.04300342647715414 (91641)
- isointense: 0.0415880980903489 (116)
- hypointense: 0.04013212365513606 (143)
- arterial: 0.03703311493794724 (242)
- demonstrating: 0.0367284450501576 (185)
- mildly: 0.036033353380125435 (207)
- hepatic: 0.03533162724560408 (501)
- adenoma: 0.03533162724560408 (638)
- arising: 0.0350237996508513 (227)
- delayed: 0.0344354489531206 (256)
- :: 0.033572519286851434 (11095)
- unknown: 0.033018608917074324 (260)
- carcinoma: 0.023979481881345212 (1515)
- lobe: 0.022765597504193408 (1492)
- metastatic: 0.02129811290709 (1079)
- abdominal: 0.021147715228931833 (1376)
- woman: 0.01954359353949412 (987)
- large: 0.018500420117139402 (2420)
- to: 0.016913588453187575 (40381)
- (: 0.014304192598888328 (9594)
- ): 0.014129459249768418 (10569)
- disease: 0.01382908456649212 (3336)
- from: 0.012538967456972399 (3282)
- pain: 0.01033275413396767 (5051)
- left: 0.009466388804682323 (7401)
- year: 0.009466388804682323 (4271)
- old: 0.008662718780814403 (3947)
- in: 0.00834449960673772 (113220)
- the: 0.008212828794274799 (67588)
- a: 0.00392673071107526 (549576)
- with: 0.0023169143780176187 (23954)
- of: 0.0011535029781979053 (41955)
- .: 0.0003514805554192701 (82185)
