Texto: 
no focal neorologic exam findings.
surgical resection is planned.
multiple mri images, to include flair, t1 pre-gadolinium, t1 post-gadolinium, and t2 fse pulse sequences show a large partially "cystic" mass in the left parietal lobe which contains a moderately sized solid mural nodule.  the mural nodule shows contrast enhancement.  no significant surrounding edema is present.  there is mass effect on the posterior horn of the left lateral ventricle.
ganglioglioma
ganglioglioma
pleomorphic xanthoastrocytoma
superficial cerebral astrocytoma
hemangioblastoma (typically <5cm and posterior fossa)
astrocytoma
22 y/o with headaches and new-onset seizures.
please see factoid.


Keywords by value: 
- ganglioglioma: 0.09231795945042637 (66)
- mural: 0.08925274688779947 (120)
- neorologic: 0.08087631581620641 (1)
- pre-gadolinium: 0.07451716737070233 (2)
- nodule: 0.06462777246315608 (649)
- astrocytoma: 0.060887159608684335 (413)
- new-onset: 0.05975168193552709 (10)
- 5cm: 0.05666478068212147 (76)
- xanthoastrocytoma: 0.0538631141724776 (24)
- fse: 0.052110313835205035 (41)
- t1: 0.0496971658022797 (949)
- post-gadolinium: 0.04879826479357815 (33)
- sized: 0.04703338504451891 (82)
- moderately: 0.04480452102057039 (64)
- planned: 0.04462637344389973 (53)
- pleomorphic: 0.04411179118104612 (76)
- hemangioblastoma: 0.0433135216673798 (101)
- horn: 0.04257918489973267 (151)
- contains: 0.04189929524694623 (78)
- superficial: 0.04189929524694623 (94)
- pulse: 0.04044769886882794 (205)
- posterior: 0.03614015685692566 (1753)
- flair: 0.03594200572491364 (181)
- partially: 0.035873794913101546 (157)
- 22: 0.034968551541477426 (392)
- please: 0.03478566883596534 (162)
- seizures: 0.03370509052719118 (215)
- parietal: 0.033492958257275086 (288)
- sequences: 0.03273848029179828 (242)
- fossa: 0.03195229018991862 (300)
- solid: 0.031269235344095224 (476)
- <: 0.030257481903686153 (613)
- headaches: 0.02996736090891081 (322)
- ventricle: 0.029379727684205763 (556)
- effect: 0.02775741516577289 (544)
- typically: 0.02767363091289883 (439)
- factoid: 0.02748105957444162 (369)
- cerebral: 0.02716005964921166 (595)
- surrounding: 0.025772158388667574 (472)
- resection: 0.02444876748183687 (574)
- show: 0.024065650775152533 (2621)
- see: 0.023396488176410903 (2684)
- cystic: 0.022611309240841822 (1209)
- focal: 0.022389849579251397 (922)
- t2: 0.02218888778670048 (1171)
- edema: 0.022173609994782486 (980)
- include: 0.021992233835140245 (1283)
- mass: 0.02180662398068926 (5255)
- y/o: 0.021712192934125144 (688)
- shows: 0.021553887153475955 (912)
- lobe: 0.021094727962601232 (1492)
- significant: 0.021081166523433243 (999)
- enhancement: 0.021013658404798498 (898)
- ``: 0.01926729392322768 (0)
- '': 0.01889678442185544 (0)
- mri: 0.018011705090959815 (1820)
- present: 0.01770650232964845 (4525)
- contrast: 0.017548400796402804 (1844)
- left: 0.01754321594996174 (7401)
- exam: 0.01722232972430769 (2159)
- large: 0.01714259111771633 (2420)
- lateral: 0.01694190867545459 (4830)
- findings: 0.016686577392568437 (1669)
- multiple: 0.016511981683296047 (1682)
- surgical: 0.016479098809646365 (1704)
- no: 0.01578796606795967 (35870)
- is: 0.015475892983065844 (65037)
- images: 0.015039118274764717 (1966)
- which: 0.014634354011399531 (2234)
- there: 0.011667115196926502 (3976)
- ,: 0.00993431433090963 (45533)
- a: 0.007277060583827546 (549576)
- on: 0.00664120194830668 (91641)
- (: 0.0066271718004023905 (9594)
- ): 0.006546217358837662 (10569)
- the: 0.005073368246004617 (67588)
- and: 0.004954376304556471 (31978)
- to: 0.003918056040761342 (40381)
- in: 0.0038660296343142656 (113220)
- .: 0.0026054705392547727 (82185)
- with: 0.0010734328081641261 (23954)
- of: 0.0010688422091558573 (41955)
