Texto: 
non-contributory
surgery with pending radiation.
irregularly enhancing mass in the temporal lobe extending into the occipital and parietal lobes on the left.
the lesion produces some edema.
glioblastoma multiforme
metastatic disease
abscess
infarction
primary glioblastoma (gbm)
69 year old woman with new onset headaches, problems concentrating, reading and writing.


Keywords by value: 
- glioblastoma: 0.16507524771204163 (88)
- concentrating: 0.12322384131120075 (6)
- writing: 0.11817678740853793 (10)
- reading: 0.1161104183619347 (20)
- irregularly: 0.09749862957798272 (31)
- 69: 0.09441282841195354 (104)
- produces: 0.09279224384825152 (37)
- gbm: 0.0886722510223322 (64)
- multiforme: 0.08711176881151649 (63)
- occipital: 0.06995095941516136 (226)
- problems: 0.0693983512211373 (144)
- lobes: 0.06606425292485897 (224)
- pending: 0.06486885283420601 (263)
- parietal: 0.06404793772005235 (288)
- infarction: 0.06127207797944017 (301)
- temporal: 0.06003317329147608 (421)
- headaches: 0.05730600594861891 (322)
- non-contributory: 0.05536905628433117 (287)
- new: 0.05224189432983436 (569)
- extending: 0.050398579804206964 (456)
- radiation: 0.04919739034319888 (533)
- abscess: 0.047400635862004686 (839)
- onset: 0.04732317940219561 (524)
- enhancing: 0.04701672864710104 (642)
- some: 0.04552505708538174 (974)
- primary: 0.04441025022624029 (748)
- edema: 0.04240216648125071 (980)
- lobe: 0.040339041191640945 (1492)
- metastatic: 0.03773876146694895 (1079)
- surgery: 0.0364034923571978 (1277)
- into: 0.035672392420345735 (1299)
- woman: 0.034629876271735194 (987)
- lesion: 0.030536056596499203 (3600)
- disease: 0.024504167389749195 (3336)
- mass: 0.020850193104343235 (5255)
- left: 0.016773776653910784 (7401)
- year: 0.016773776653910784 (4271)
- old: 0.015349729769513237 (3947)
- on: 0.012699842322200491 (91641)
- (: 0.012673012741120359 (9594)
- ): 0.012518205124794825 (10569)
- the: 0.009701704189728126 (67588)
- ,: 0.009498598790080259 (45533)
- in: 0.007392933862109735 (113220)
- and: 0.006316105464288366 (31978)
- with: 0.0041054096873645515 (23954)
- .: 0.002491195515603247 (82185)
