Texto: 
pe:  anterior shoulder instability
surgical repair is warranted in this young patient with evidence of anterior instability (bankart repair).
------------
in general, patients with traumatic unidirectional instability with a bankart lesion often require surgical intervention.
xray:  hill sach deformity

mri:  hill sach deformity, bony bankart lesion
anterior shoulder dislocation/instability
anterior shoulder instability
24 y/o male with recurrent anterior shoulder dislocations.
fractures of the glenoid rim (bony bankart lesion) are diagnostic of anterior instability when they are demonstrated on radiographs. however, not all anterior instabilities or recurrent dislocations are associated with an bony bankart lesion. 

in addition, the presence of a hill-sach lesion is diagnostic of anterior instability and is seen in 50% of patients.  the hill-sach lesion describes a characteristic defect of the posterolateral surface of the humeral head, and represents a compression fracture.


Keywords by value: 
- bankart: 0.20812244800724145 (27)
- instability: 0.16591237042150567 (185)
- --: 0.1481195960658394 (461)
- anterior: 0.1107317144031566 (1421)
- sach: 0.09706800170186652 (43)
- hill-sach: 0.09706800170186652 (27)
- shoulder: 0.08666365775695184 (720)
- hill: 0.08324897920289659 (310)
- dislocations: 0.06769221659724972 (52)
- lesion: 0.06568132928303602 (3600)
- bony: 0.0644784098575235 (304)
- unidirectional: 0.05544351210041823 (1)
- instabilities: 0.05544351210041823 (1)
- dislocation/instability: 0.05108409587048147 (3)
- deformity: 0.04628578599894637 (255)
- recurrent: 0.04535889649213934 (242)
- repair: 0.043042652548605495 (377)
- diagnostic: 0.0425933684907177 (306)
- glenoid: 0.03426555090553474 (56)
- warranted: 0.03405233359939838 (30)
- xray: 0.03364643095073441 (43)
- describes: 0.03273333654919669 (44)
- posterolateral: 0.030473122707008662 (79)
- humeral: 0.02845949045797552 (156)
- patients: 0.02781854841969844 (1457)
- represents: 0.025823825299711726 (129)
- require: 0.024592727330365213 (569)
- pe: 0.02414329988393663 (22650)
- intervention: 0.023930082577800268 (271)
- surface: 0.02372385727702674 (252)
- young: 0.023407347315470037 (231)
- addition: 0.022783406119976656 (659)
- rim: 0.022748562218243226 (1355)
- characteristic: 0.022748562218243226 (336)
- general: 0.022645174002248507 (459)
- surgical: 0.022593984531464825 (1704)
- traumatic: 0.022509914849915404 (407)
- are: 0.021978752311879277 (8518)
- :: 0.02132593992435217 (11095)
- 24: 0.020895955852993395 (553)
- 50: 0.02044652840656481 (678)
- fractures: 0.02035087168541054 (616)
- defect: 0.020117907712578157 (623)
- compression: 0.020117907712578157 (537)
- presence: 0.01950808565067377 (376)
- they: 0.019364441047089977 (489)
- often: 0.017147632380626745 (654)
- radiographs: 0.0170205713283153 (624)
- demonstrated: 0.015769936996584702 (723)
- when: 0.015392020362364816 (851)
- head: 0.015242775538200606 (1929)
- all: 0.015200776663089879 (11660)
- however: 0.014964578966019312 (844)
- y/o: 0.014884459307041766 (688)
- fracture: 0.014170278806747037 (2836)
- evidence: 0.01409083385765332 (1043)
- associated: 0.012682154477406931 (1317)
- %: 0.0125366102726164 (2175)
- mri: 0.012347646886255472 (1820)
- seen: 0.01062029946583453 (1897)
- is: 0.010609259969523124 (65037)
- in: 0.010601188179629056 (113220)
- a: 0.009977353504870473 (549576)
- male: 0.009718273823191655 (2906)
- (: 0.009086311021935353 (9594)
- ): 0.008975316881928366 (10569)
- ,: 0.008512895142053062 (45533)
- not: 0.0077661551681882735 (5583)
- an: 0.0074318544923567915 (75109)
- or: 0.006298885213608224 (60128)
- this: 0.006044888134051151 (5602)
- of: 0.005861826455244701 (41955)
- patient: 0.005387370634694264 (8535)
- on: 0.004552773662675648 (91641)
- the: 0.004347461783132887 (67588)
- with: 0.0036793766066003063 (23954)
- and: 0.002264264223046773 (31978)
- .: 0.0015628726583737352 (82185)
