Texto: 
nodule of tissue in subependymal location of right lateral ventricle near the posterior horn.  this is isointense to normal gray matter.
subependymal gray matter heterotopia
hamartoma of tuberous sclerosis (subependymal nodule)
ependymoma
neurocytoma
subependymoma
speech problems.


Keywords by value: 
- subependymal: 0.3733131480923554 (74)
- gray: 0.20394094808472502 (219)
- nodule: 0.1718152975240003 (649)
- matter: 0.16412097416589258 (399)
- subependymoma: 0.14738852931040772 (19)
- heterotopia: 0.13749913642972078 (41)
- neurocytoma: 0.13205661078791078 (48)
- speech: 0.12009019819160663 (65)
- tuberous: 0.11474742828763872 (111)
- hamartoma: 0.11396057798963331 (115)
- horn: 0.11319832083099661 (151)
- isointense: 0.102448729442079 (116)
- problems: 0.09648063462450795 (144)
- ependymoma: 0.09329477651677469 (232)
- near: 0.09018352711096936 (560)
- ventricle: 0.07810708091654703 (556)
- sclerosis: 0.07486134715674013 (540)
- location: 0.07270018748546081 (803)
- tissue: 0.049400516791526676 (1668)
- posterior: 0.04803996460249875 (1753)
- lateral: 0.04504068403962318 (4830)
- normal: 0.0326734745024171 (4858)
- this: 0.02344237105644227 (5602)
- right: 0.021991017295376017 (8044)
- (: 0.017618578688874648 (9594)
- ): 0.017403358344226953 (10569)
- is: 0.013714409228895748 (65037)
- to: 0.010416295327877714 (40381)
- in: 0.010277981222933047 (113220)
- of: 0.008524668351072323 (41955)
- the: 0.003371933773259166 (67588)
- .: 0.002597527031513142 (82185)
