Texto: 
lipase - 379
multidisciplinary approach to method, necessity and timing of surgical drainage.  indications include associated complications, concern for malignancy, or symptomatic pseudocyst.  

drainage can be done either surgically, endoscopically, or percutaneously.
a large pseudocyst with thin walls and no enhancement is seen anterior to the left kidney.  also noted is a smaller pseudocyst in the region of the pancreatic head. incidentally noted inflammatory changes and ill-definition of the pancreatic head consistent with acute pancreatitis.
pancreatic pseudocyst
• pancreatic abscess
• pancreatic pseudoaneurysm
• pancreatic cancer
44yo male with known chronic pancreatitis presents with acute abdominal pain.
this patient's pancreas was atrophic (not pictured) due to chronic pancreatitis.  this scan was ordered after an acute episode of pancreatitis.


Keywords by value: 
- pancreatic: 0.18581286381052722
- pseudocyst: 0.16354612023591614
- pancreatitis: 0.13891508263470834
- 379: 0.06530013647382592
- ill-definition: 0.06530013647382592
- necessity: 0.060165712914122614
- 44yo: 0.05716226766887695
- endoscopically: 0.05503128935441932
- drainage: 0.0529447616134349
- multidisciplinary: 0.05202784410917365
- percutaneously: 0.05202784410917365
- pictured: 0.05202784410917365
- acute: 0.046886207313477674
- timing: 0.046300511603740456
- atrophic: 0.04274811841661537
- indications: 0.04175899698976705
- method: 0.039400080462963095
- lipase: 0.038755551744521395
- pseudoaneurysm: 0.038355053809186024
- head: 0.03590520460109476
- chronic: 0.0356591056726963
- •: 0.034822541146575285
- approach: 0.03322063024948272
- pancreas: 0.03239160864797172
- walls: 0.03230497131639252
- surgically: 0.032050978179513766
- concern: 0.03149014987036046
- episode: 0.03133741440959945
- smaller: 0.030686589551885864
- noted: 0.030006239828927316
- ordered: 0.029775762061998202
- incidentally: 0.02869537778783107
- either: 0.027568653504886933
- done: 0.026240880484464827
- thin: 0.026016396414129058
- symptomatic: 0.025148025368105276
- complications: 0.02508276144453376
- malignancy: 0.024459923539270487
- kidney: 0.022299136704074147
- inflammatory: 0.021950488475496473
- cancer: 0.02080863158788715
- known: 0.02003000803306533
- abscess: 0.02001360180840198
- changes: 0.018141096120259707
- region: 0.017878527609180093
- include: 0.01775669250392805
- scan: 0.017720529336540582
- enhancement: 0.01696658345276323
- due: 0.016890941873724738
- anterior: 0.016302169064909167
- abdominal: 0.015821623986089745
- consistent: 0.015520727917268173
- associated: 0.014936759717834829
- or: 0.014837374058721594
- was: 0.014641148477239805
- can: 0.014357202610881997
- this: 0.014239069826876045
- 's: 0.013955900876792927
- large: 0.013841055050600591
- -: 0.013568358953395285
- surgical: 0.013305346446307063
- after: 0.01309630520451261
- presents: 0.012930698485243896
- seen: 0.012508352704205113
- also: 0.012478663656815936
- male: 0.011445966947314616
- ,: 0.010026298722862495
- be: 0.009761160913658735
- to: 0.00949040240984414
- not: 0.009146804975866188
- an: 0.008753073068775777
- is: 0.008330233753847787
- pain: 0.0077304308705980354
- left: 0.0070822612538734425
- no: 0.006373660375583718
- patient: 0.006345125414195467
- a: 0.005875552619534834
- for: 0.005400801101057149
- (: 0.0053508276018063745
- ): 0.0052854643860244825
- the: 0.004096275102329653
- and: 0.004000200127382633
- with: 0.0034667904026633996
- of: 0.0034519644680885463
- in: 0.0031214609640018887
- .: 0.002366635739823085
