Texto: 
non contributory
no treatment needed.
• 4 mm lesion arising from the hypothalamus
• projecting into the interpeduncular cistern
• low attenuation on ct
• bright on t1w mr
• chemical shift on t2w mr
• no enhancement noted
lipoma of hypothalamus
• epidermoid/dermoid cyst
• ectopic posterior pituitary bright spot
• pantopaque (from an old myelogram - would be dense on ct)
• lipoma
• hamartoma/choristoma
27 year old man who presented to er because of headache.  ct revealed a "pituitary" mass and mri was then ordered.


Keywords by value: 
- •: 0.18144376702689227
- hypothalamus: 0.12721957266793088
- epidermoid/dermoid: 0.09279493077859471
- hamartoma/choristoma: 0.09279493077859471
- pituitary: 0.09016671433291036
- bright: 0.08994155035150514
- lipoma: 0.08411024964971497
- pantopaque: 0.07820235855628008
- interpeduncular: 0.06966625101716083
- myelogram: 0.06579546385794696
- mr: 0.05716209414624072
- chemical: 0.055370214341864045
- projecting: 0.05396462073529012
- t1w: 0.05161574124777212
- t2w: 0.05042280771822472
- spot: 0.048379060197793596
- cistern: 0.048073928230706726
- contributory: 0.04628081911757789
- ectopic: 0.043126521607067404
- shift: 0.042666784096513075
- dense: 0.0424883676932102
- ordered: 0.04231292503547113
- 27: 0.041720928000493485
- needed: 0.03917650761220775
- ct: 0.037746431159748725
- arising: 0.03723582910248401
- non: 0.03718225994977379
- attenuation: 0.03616443232027409
- er: 0.034507201652083805
- mm: 0.033075738492579006
- would: 0.03201017766760095
- then: 0.03201017766760095
- because: 0.0314686138588005
- headache: 0.03089458355332419
- on: 0.03047962157328118
- revealed: 0.02886814620911677
- from: 0.0266618044874571
- 4: 0.025062862159779424
- low: 0.02501229529333052
- presented: 0.024519554052867466
- cyst: 0.024172327747643184
- enhancement: 0.02411040806445301
- who: 0.02345229904359686
- ``: 0.022106684606650707
- '': 0.02168157370507624
- into: 0.02140343545220744
- noted: 0.02132022303634309
- man: 0.021272966769368414
- posterior: 0.020733037354762618
- mri: 0.02066606163068021
- -: 0.01928135219693014
- old: 0.018419675723415886
- lesion: 0.01832163395789952
- treatment: 0.018206494311588283
- no: 0.01811461369902741
- be: 0.013871123403620306
- mass: 0.012510115862605942
- an: 0.01243857751878663
- was: 0.010402921286459862
- year: 0.01006426599234647
- (: 0.0076038076446722155
- ): 0.0075109230748768956
- to: 0.0044954537730840655
- a: 0.004174734755985276
- the: 0.0029105112569184377
- of: 0.0024527115957471246
- and: 0.00189483163928651
- .: 0.0011210379820214614
