Texto: 
pending surgical planning
erythematous patch, sharply demarcated and infiltrated nipple.
paget disease of the breast
amyloidosis, nodular localized cutaneous 
bowen disease 
contact dermatitis, irritant 
drug eruptions 
malignant melanoma 
nipple duct adenoma
erosive adenomatosis of the nipple  
benign toker cell (clear cell of the nipple epidermis) hyperplasia
43 y.o. female with history of nipple "eczema" for "years."  the patient reports worsening over the past few months.  punch biopsy of the skin revealed paget disease of breast.
the patient has the classic presentation of paget disease of the breast with chronic eczematous disease of the nipple.


Keywords by value: 
- nipple: 0.27951461315686954 (96)
- paget: 0.13040314624020494 (145)
- breast: 0.08676764983019869 (1038)
- bowen: 0.08087631581620641 (1)
- adenomatosis: 0.08087631581620641 (1)
- toker: 0.08087631581620641 (15)
- eczematous: 0.08087631581620641 (1)
- eruptions: 0.07451716737070233 (2)
- irritant: 0.0707973039935632 (5)
- eczema: 0.06443815554805911 (8)
- disease: 0.06407052941356442 (3336)
- infiltrated: 0.05975168193552709 (11)
- punch: 0.05975168193552709 (28)
- epidermis: 0.05807900710255503 (14)
- demarcated: 0.05435914372541591 (32)
- dermatitis: 0.05435914372541591 (23)
- patch: 0.0538631141724776 (121)
- planning: 0.050639280348276784 (30)
- sharply: 0.050639280348276784 (28)
- amyloidosis: 0.04908057358868598 (52)
- contact: 0.048524384397709515 (78)
- erosive: 0.04658576885947825 (68)
- erythematous: 0.04555386075464624 (70)
- cutaneous: 0.04555386075464624 (338)
- cell: 0.042353040579476815 (1988)
- 43: 0.042301154170417736 (166)
- drug: 0.040226620413974165 (190)
- melanoma: 0.040010744290944866 (139)
- hyperplasia: 0.03862704805484777 (142)
- ``: 0.03853458784645536 (0)
- localized: 0.038179431869807115 (121)
- '': 0.03779356884371088 (0)
- duct: 0.03594200572491364 (1245)
- few: 0.03528169838890365 (169)
- pending: 0.033922244142658195 (263)
- nodular: 0.03288449364322855 (392)
- adenoma: 0.03273848029179828 (638)
- reports: 0.03160440730127372 (419)
- worsening: 0.030866788719273376 (259)
- skin: 0.030111274635219985 (390)
- classic: 0.030039035585395158 (354)
- clear: 0.02898648268941877 (660)
- malignant: 0.028336428223663314 (482)
- biopsy: 0.02781369946455744 (501)
- benign: 0.027055507954433042 (529)
- presentation: 0.027003675545789748 (453)
- revealed: 0.025160310916202692 (621)
- past: 0.02491008689859114 (582)
- years: 0.023020579238701676 (760)
- y.o: 0.022627334243914683 (586)
- chronic: 0.022082473696394496 (888)
- months: 0.021412305455872176 (910)
- over: 0.019960023762751952 (1978)
- surgical: 0.016479098809646365 (1704)
- female: 0.016117066710530585 (1301)
- patient: 0.015717283136080513 (8535)
- has: 0.014722018077929156 (2768)
- the: 0.012683420615011542 (67588)
- history: 0.010827656309239297 (2881)
- of: 0.009619579882402715 (41955)
- ,: 0.007450735748182222 (45533)
- for: 0.0066890655838781204 (12260)
- (: 0.0066271718004023905 (9594)
- ): 0.006546217358837662 (10569)
- with: 0.0021468656163282523 (23954)
- .: 0.0019541029044410794 (82185)
- and: 0.0016514587681854904 (31978)
