Texto: 
she is favoring her right elbow
normal elbow radiographs
normal elbow radiographs
pathognomonic by appearance
16 month old toddler fell on arm


Keywords by value: 
- elbow: 0.6011998877321243
- toddler: 0.31225492158687207
- favoring: 0.2960424241351115
- radiographs: 0.24602462192746663
- pathognomonic: 0.21026653099727602
- fell: 0.18582411842064353
- 16: 0.17576175152674228
- arm: 0.16268529368802495
- normal: 0.1217829504181001
- her: 0.11679143902204253
- month: 0.11652793367275498
- appearance: 0.11108666257884735
- she: 0.10903573370246238
- by: 0.0646759501474943
- right: 0.040983259505018944
- old: 0.03976975440282975
- on: 0.03290413692570128
- is: 0.025558671744760255
