Texto: 
normal
none required - resection of developmental venous anomalies may cause extensive venous infarction.
right cerebellum -  dilated anomalous veins that converge into an enlarged collecting vein that extends to the right tentorial leaflet.
dva, developmental venous anomaly, venous angioma
• developmental venous anomaly
• venous angioma
• dark parasites (just kidding)
4 year old boy with headaches


Keywords by value: 
- venous: 0.29079240173035587
- developmental: 0.18615615644568315
- angioma: 0.15652674794363058
- anomaly: 0.1322047170404977
- kidding: 0.1269120506782274
- converge: 0.12057665836403732
- parasites: 0.11259500799269372
- leaflet: 0.10733762929548726
- tentorial: 0.10176458329644457
- dva: 0.09650720459923812
- anomalous: 0.07791995355433443
- •: 0.07345379773105724
- dark: 0.07300599527460884
- anomalies: 0.06987051565801272
- collecting: 0.06814329887051547
- cerebellum: 0.0664245348827916
- veins: 0.06387704070709621
- extends: 0.05786766618140555
- -: 0.05724151433463636
- just: 0.05575772424696894
- infarction: 0.054570444450438904
- extensive: 0.05339618316326165
- headaches: 0.05103816154798872
- dilated: 0.0485170532279942
- vein: 0.04831145815647058
- required: 0.048058211121676
- that: 0.04612439776746323
- enlarged: 0.0455565792247501
- boy: 0.0453862778113433
- cause: 0.04517597853987447
- resection: 0.04163930711750342
- 4: 0.03720268601842258
- none: 0.0331206172954376
- into: 0.03177072449937042
- may: 0.029286380764033185
- right: 0.02817599090970052
- normal: 0.020931444603110954
- an: 0.018463513504448904
- year: 0.014939144832389293
- old: 0.013670853075972728
- (: 0.01128690197256032
- ): 0.011149026439270392
- ,: 0.00845968954741523
- to: 0.00667293919442166
- the: 0.002160145073494153
- with: 0.0018281902514045271
- of: 0.0018203718874685692
- .: 0.001109360503042071
