Texto: 
non-contributory
gamma knife radiation
• large mass which is predominately intraventricular but which also involves adjacent white matter.
• low signal intensity of t2 images probably due to calcium.
• uniform contrast enhancement
brain, choroid plexus,metastatic colon carcinoma
• choroid plexus papilloma/carcinoma
• choroid plexus metastasis
• xanthogranuloma of choroid plexus
• meningioma
• ependymoma
62 year old man with known adenocarcinoma of the colon presents with headache
patient also had metastatic disease to adrenal glands.


Keywords by value: 
- choroid: 0.21274005501038976
- plexus: 0.20254045511485033
- •: 0.1528794489361842
- papilloma/carcinoma: 0.09410861140607792
- xanthogranuloma: 0.09060029344934888
- colon: 0.08185202219078877
- predominately: 0.06686968187550359
- knife: 0.06562842950587015
- gamma: 0.06314551541756235
- glands: 0.06192498543516012
- uniform: 0.06108360895361194
- intraventricular: 0.060553302710444394
- 62: 0.05698028899481666
- probably: 0.05552242130396565
- adrenal: 0.05276685431993121
- metastatic: 0.052466083015026595
- calcium: 0.050985237021181254
- involves: 0.048430869969608624
- ependymoma: 0.046647388258387344
- adenocarcinoma: 0.045018956641015115
- also: 0.04108828277244272
- matter: 0.041030243541473145
- meningioma: 0.040074260200671646
- metastasis: 0.03900911373536496
- which: 0.03890596554250119
- non-contributory: 0.03848824644154728
- intensity: 0.037666715565601236
- headache: 0.03579250533616827
- white: 0.03456224649648802
- radiation: 0.034198185970272396
- known: 0.03297623273736366
- adjacent: 0.032949222489442286
- brain: 0.031357945406131245
- carcinoma: 0.02953570329287642
- t2: 0.02949498498476039
- low: 0.028977659181297556
- enhancement: 0.02793278983076873
- due: 0.02780825796283951
- signal: 0.027476516222838764
- man: 0.024645510281585358
- contrast: 0.023326532765950064
- large: 0.02278710282720829
- had: 0.02248597340537449
- but: 0.02222565001260412
- presents: 0.02128834506716983
- images: 0.0199910230725531
- disease: 0.017033384648972003
- mass: 0.01449342691399469
- year: 0.011659820356986766
- old: 0.010669934108076276
- patient: 0.01044624305995595
- to: 0.010416295327877714
- is: 0.006857204614447874
- ,: 0.006602684524811888
- of: 0.0042623341755361616
- with: 0.002853760392436335
- the: 0.001685966886629583
- .: 0.001298763515756571
