Texto: 
non-contributory
steroid therapy with significant improvement in clinical symptoms.
brain:
multiple hemispheric lesions with increased signal on t2 and flair images. lesions have no mass effect.  no restricted diffusion.
mild diffuse enhancement noted following contrast administration.

cervical spine:
enlarged cervical spinal cord with increased signal on t2 and flair images. marked enhancement noted following contrast administration
acute disseminated encephalomyelitis (adem)
• multiple sclerosis
• pres
• metastatic disease
5 year old boy with recent history of gastroenteritis.  now presents with altered mental status.


Keywords by value: 
- flair: 0.08247744471611762
- administration: 0.07468758452427726
- hemispheric: 0.06579546385794696
- cervical: 0.06537034540192903
- pres: 0.06428913918804513
- gastroenteritis: 0.06180083626105324
- encephalomyelitis: 0.0602576417958756
- disseminated: 0.05478526854023446
- adem: 0.05423112397723002
- following: 0.051058479092655755
- altered: 0.051002384320151334
- t2: 0.050917658289481096
- •: 0.049484663734606985
- enhancement: 0.04822081612890602
- lesions: 0.04815916855460942
- steroid: 0.047488982429077134
- signal: 0.04743314379521639
- increased: 0.04401020593262433
- noted: 0.04264044607268618
- improvement: 0.041970575649096814
- mental: 0.041970575649096814
- restricted: 0.04139701580400134
- contrast: 0.040268961827534845
- diffusion: 0.040264061444081706
- multiple: 0.037890652704826715
- marked: 0.035103994743415856
- images: 0.03451081877788114
- cord: 0.03418077810742528
- non-contributory: 0.033221433770598705
- sclerosis: 0.03230858140448784
- spinal: 0.03220817063557459
- status: 0.0321087086440174
- effect: 0.03184798161125521
- now: 0.030748585154754184
- enlarged: 0.03069074810930533
- boy: 0.030576018736062853
- recent: 0.03023914788252418
- spine: 0.029622142589529978
- clinical: 0.027676945263852677
- diffuse: 0.02723165705658226
- brain: 0.02706685814002907
- 5: 0.026317478130991192
- significant: 0.024187864747939193
- therapy: 0.024048850486743295
- :: 0.023795259284014
- mild: 0.02368687846243302
- metastatic: 0.022643256880169372
- symptoms: 0.02241744712524357
- acute: 0.022209256095857843
- have: 0.01947829556173781
- presents: 0.018375203110609747
- no: 0.01811461369902741
- on: 0.01523981078664059
- disease: 0.014702500433849517
- mass: 0.012510115862605942
- history: 0.012423310923232457
- year: 0.01006426599234647
- old: 0.009209837861707943
- (: 0.0076038076446722155
- ): 0.0075109230748768956
- with: 0.006158114531046828
- in: 0.004435760317265842
- and: 0.00378966327857302
- .: 0.002989434618723897
- of: 0.0012263557978735623
