Texto: 
in the emergency department is found to be hypertensive at 136/106 and tachycardic at 125.  cardiovascular and pulmonary exam are unremarkable, but absent pulses are noted in the right foot.
anticoagulation
chest ct—pulmonary embolism protocol:	clots are present bilaterally in the left main pulmonary arteries and right inferior segmental pulmonary arteries. 
cta with run-off:	proximal pulmonary embolisms visualized. complete occlusion of right proximal common femoral artery extending approximately 5cm.
deep venous thrombosis,  pulmonary embolism
• intravascular clot or thrombosis
• myocardial infarction
• tumor embolism
41-year-old male with known prothombin gene mutation presents with tenderness, erythema, edema, and warmth of the right lower extremity.  denies chest pain, shortness of air, hemoptysis, cough, or wheezing.
he has a known promthrombin gene mutation.  on heparin drip concurrent with presentation.


Keywords by value: 
- embolism: 0.0859066322411684
- pulmonary: 0.08549829829520765
- gene: 0.07841747904942716
- mutation: 0.07463318621890443
- 136/106: 0.06038026317785272
- 125.: 0.06038026317785272
- ct—pulmonary: 0.06038026317785272
- run-off: 0.06038026317785272
- prothombin: 0.06038026317785272
- promthrombin: 0.06038026317785272
- embolisms: 0.055632679749359946
- 41-year-old: 0.05088509632086717
- thrombosis: 0.05024690338565815
- arteries: 0.048457585818301105
- drip: 0.04533077977144026
- clots: 0.04336035461766094
- 5cm: 0.04230452804350164
- concurrent: 0.04058319634294749
- intravascular: 0.03952736976878818
- tachycardic: 0.03780603806823404
- warmth: 0.03780603806823404
- known: 0.03704179567758657
- heparin: 0.03602856412655537
- myocardial: 0.035835612914454716
- proximal: 0.03514442714667144
- hypertensive: 0.03461861854981463
- clot: 0.03415669196902331
- wheezing: 0.033865187760675396
- hemoptysis: 0.033723959766136104
- cardiovascular: 0.03280936118651608
- •: 0.03219892503279222
- protocol: 0.031479525471167065
- segmental: 0.030717706052603884
- cta: 0.03053979176217059
- pulses: 0.030281296365027802
- anticoagulation: 0.029559648997508445
- occlusion: 0.02918932556415039
- erythema: 0.028769848678939988
- chest: 0.02800998630215779
- main: 0.02725504463708918
- department: 0.026245971248343575
- absent: 0.02536664818910928
- right: 0.02470223860576484
- denies: 0.02469885117208957
- shortness: 0.024624401362247764
- foot: 0.02419393626868842
- are: 0.02393576450403291
- infarction: 0.023921290718000615
- visualized: 0.02369131609105812
- deep: 0.02369131609105812
- cough: 0.022426403279507342
- femoral: 0.022267109703039755
- emergency: 0.022162935602604628
- extremity: 0.021405198422208477
- venous: 0.02124510697573376
- complete: 0.020598465301274346
- presentation: 0.02016027831843207
- inferior: 0.019858331242185362
- air: 0.019803168675013465
- extending: 0.019676157868765733
- unremarkable: 0.01937716725124699
- bilaterally: 0.01922400848304043
- found: 0.018445380920904877
- approximately: 0.018108341277777964
- tenderness: 0.017800769334805705
- artery: 0.017428287617179444
- ,: 0.01668760677846292
- edema: 0.016554270475556784
- he: 0.016330050287897392
- at: 0.015859769216871683
- :: 0.01548321665740637
- common: 0.015316898712030116
- noted: 0.013872747866113654
- or: 0.013719489711831609
- tumor: 0.01364542672336172
- present: 0.01321923804062795
- lower: 0.013163438831259332
- exam: 0.012857766711983137
- but: 0.012482899322147517
- presents: 0.011956467777451546
- has: 0.010991095688316972
- male: 0.010583599574571733
- be: 0.009025730981807733
- in: 0.008658847194662773
- pain: 0.007148001147470785
- left: 0.006548666227896676
- on: 0.004958157618941288
- and: 0.004931753581704615
- is: 0.003851306701265244
- the: 0.003787651635715775
- with: 0.003205593865476431
- to: 0.0029251240304314125
- a: 0.002716436998757543
- of: 0.0023939137150271596
- .: 0.0019451800601285628
