Texto: 
mild proptosis and erythema on right.
antibiotics and steroids with resolution of symptoms anticipated in 48 hours.
• mild proptosis
• diffuse enlargement of the right medial rectus muscle
• the tendon of the muscle is also enlarged
• no abscess noted
orbital  pseudotumor
• thyroid ophthalmopathy (graves disease)
• orbital abscess
• orbital cellulitis
• pseudotumor, tolosa-hunt syndrome
• lymphoma (usually painless)
• wegener's granulomatosis
27 year old woman with 10 days of right orbital pain.
progressive proptosis and limitation of eye movement.


Keywords by value: 
- orbital: 0.17248274421994647 (336)
- •: 0.16670365442509447 (8449)
- proptosis: 0.15231278157867917 (126)
- pseudotumor: 0.1051982428310342 (83)
- tolosa-hunt: 0.08209474612019561 (3)
- anticipated: 0.07308093909479983 (7)
- ophthalmopathy: 0.0664954156011166 (20)
- muscle: 0.06530457943460308 (802)
- limitation: 0.0642864861885821 (36)
- wegener: 0.05795981482957472 (45)
- abscess: 0.05748587753477164 (839)
- graves: 0.05691258001241246 (63)
- granulomatosis: 0.05691258001241246 (40)
- cellulitis: 0.054019668145565206 (82)
- rectus: 0.0525991214155171 (106)
- mild: 0.04787773306236461 (1287)
- painless: 0.045677977094866574 (102)
- movement: 0.04544918767762228 (203)
- erythema: 0.044685084118353605 (222)
- 48: 0.044476483358902794 (260)
- steroids: 0.042763062535848474 (185)
- tendon: 0.0424170711347255 (420)
- 27: 0.0421647676600732 (323)
- resolution: 0.03920872030897261 (205)
- eye: 0.038132019224594804 (547)
- thyroid: 0.037258643031113946 (1100)
- enlargement: 0.03606987666473506 (295)
- progressive: 0.0359302033515245 (323)
- hours: 0.035746779878816984 (312)
- antibiotics: 0.03414591869862235 (336)
- enlarged: 0.031017245429617087 (469)
- 10: 0.030644938599435217 (1995)
- medial: 0.029077654399894168 (921)
- right: 0.028775480077992018 (8044)
- days: 0.027862492512467845 (624)
- usually: 0.027605619721986798 (770)
- diffuse: 0.027521355535907604 (824)
- syndrome: 0.02599900613547491 (1256)
- lymphoma: 0.025980836536058358 (867)
- symptoms: 0.02265593060529935 (1259)
- noted: 0.02154703391970844 (1365)
- woman: 0.020998967526477726 (987)
- 's: 0.02004304913156431 (1676)
- also: 0.01792148503904416 (2071)
- (: 0.015369398430720436 (9594)
- ): 0.015181653023687342 (10569)
- disease: 0.014858910012933022 (3336)
- pain: 0.011102214548199305 (5051)
- year: 0.010171332651839518 (4271)
- old: 0.009307814860236751 (3947)
- no: 0.00915366117770002 (35870)
- on: 0.00770096821665349 (91641)
- of: 0.0061970106807440655 (41955)
- is: 0.005981816791326869 (65037)
- and: 0.005744968268049525 (31978)
- in: 0.004482949256811222 (113220)
- the: 0.004412211213945504 (67588)
- ,: 0.0028798943140136953 (45533)
- with: 0.0024894505551040368 (23954)
- .: 0.001510618557333884 (82185)
