Texto: 
csf and stool positive for shistosomiasis japanicum
chemotherapy and physical therapy
enlargement of distal thoracic spinal cord with pathological enhancement of cord and nerve roots following contrast administration.
transverse myelitis due to shistosomiasis japanicum
spinal cord infarction
metastatic disease
ms
69 year old male retired physician from sri lanka who presents with 3 year history of lower extremity weakness
not previously diagnosed.


Keywords by value: 
- japanicum: 0.2754849507489531 (2)
- shistosomiasis: 0.2538241013564548 (3)
- cord: 0.15221127750962818 (753)
- sri: 0.1269120506782274 (5)
- lanka: 0.1269120506782274 (2)
- retired: 0.10176458329644457 (11)
- spinal: 0.09561800657436206 (1010)
- myelitis: 0.09347351687359816 (357)
- 69: 0.08408642530439613 (104)
- roots: 0.0793413875887989 (59)
- pathological: 0.07791995355433443 (88)
- stool: 0.07351007124676855 (112)
- ms: 0.0713597372174553 (3435)
- physician: 0.06293791689350707 (167)
- previously: 0.05609018359770777 (213)
- csf: 0.05575772424696894 (332)
- administration: 0.05543219163911203 (208)
- infarction: 0.054570444450438904 (301)
- transverse: 0.05353822959609371 (339)
- enlargement: 0.052977631351329615 (295)
- thoracic: 0.051469648532878935 (570)
- weakness: 0.04958767739106851 (434)
- diagnosed: 0.04909679932492196 (363)
- extremity: 0.04883060890066309 (530)
- nerve: 0.04810853322636416 (856)
- chemotherapy: 0.04785852789282602 (419)
- positive: 0.043326337348189324 (589)
- following: 0.03789496495158044 (761)
- distal: 0.03630122795228167 (1134)
- enhancement: 0.03578888697067244 (898)
- therapy: 0.03569751244125958 (1469)
- due: 0.03562933051488812 (1041)
- who: 0.034812006392839094 (941)
- metastatic: 0.03361108443150141 (1079)
- physical: 0.03275789483720685 (1030)
- 3: 0.03126524260478968 (8405)
- lower: 0.030029094833810353 (1849)
- contrast: 0.02988712010637352 (1844)
- year: 0.029878289664778585 (4271)
- presents: 0.027275692117311342 (1354)
- male: 0.024143836529491768 (2906)
- disease: 0.021824024081495377 (3336)
- from: 0.019788058018034568 (3282)
- not: 0.01929404174596774 (5583)
- history: 0.018440852151673178 (2881)
- old: 0.013670853075972728 (3947)
- for: 0.011392314822542424 (12260)
- and: 0.00843792214369774 (31978)
- to: 0.00667293919442166 (40381)
- of: 0.0054611156624057074 (41955)
- with: 0.0036563805028090542 (23954)
- .: 0.001109360503042071 (82185)
