Texto: 
left adenexal fullness on bimanual exam.
ultrasound demonstrates a solid left adnexal mass that is separate from the left ovary.  mri confirms a solid left adenexal mass contiguous with the uterus and signal charateristics compatible with a uterine fibroid.
exophytic uterine leiomyoma
exophytic uterine fibroid
broad ligament fibroid
ovarian neoplasm - potentially fibrothecoma or other stromal tumor

in a setting of a +hcg, ectopic pregnancy.
patient with left sided pelvic pain.
when a seperate ovary is difficult to identify, the differential concern is for ovarian neoplasm.  similarly, in a setting of a +hcg, these raise a concern for a tubal ectopic, expecially when cystic degeneration or torsion of the mass is present with associated pain.


Keywords by value: 
- +hcg: 0.12791135816388272
- fibroid: 0.12494073777992921
- adenexal: 0.11699565453301744
- uterine: 0.10357562893991773
- exophytic: 0.08196221277672872
- ovary: 0.07261142999331548
- charateristics: 0.069413530897374
- fibrothecoma: 0.069413530897374
- expecially: 0.069413530897374
- setting: 0.06796391738009816
- concern: 0.06694756271651436
- ectopic: 0.06451999295545517
- ovarian: 0.0615786400870562
- solid: 0.05367475043317133
- seperate: 0.05211254997346676
- similarly: 0.048633551924025506
- bimanual: 0.048090300967435336
- neoplasm: 0.04582923741593588
- tubal: 0.04582508779852368
- stromal: 0.04188197529527573
- identify: 0.04017280596269441
- leiomyoma: 0.03961676212636407
- potentially: 0.039439810505481725
- contiguous: 0.03876927658154229
- when: 0.038540649411275676
- fullness: 0.038454273946788756
- raise: 0.038301375632953306
- left: 0.037641939735154124
- torsion: 0.037578481544346044
- separate: 0.037306936850872274
- adnexal: 0.03717459733657006
- compatible: 0.03717459733657006
- confirms: 0.03573899452716884
- broad: 0.034909384167658396
- degeneration: 0.03415891031093143
- uterus: 0.03171674552113742
- a: 0.031228330851858367
- ligament: 0.030906844848383814
- difficult: 0.029451532352225758
- pregnancy: 0.028927991082392426
- mass: 0.028073882053879475
- pelvic: 0.027616147453270026
- sided: 0.024878162308241303
- differential: 0.021361888420101807
- ultrasound: 0.019961595157529946
- cystic: 0.019406556750013845
- signal: 0.017740742758053374
- is: 0.01770994577589687
- these: 0.017510588125652284
- pain: 0.016434774291822593
- associated: 0.01587765796777718
- or: 0.015772011794704055
- tumor: 0.015686868516620562
- other: 0.015508964950412981
- mri: 0.015458864999327715
- present: 0.0151969193222967
- exam: 0.014781369605901875
- demonstrates: 0.014697804737426661
- -: 0.014423058729987115
- that: 0.011621895500463176
- for: 0.011482018088861656
- ,: 0.010657876595168795
- from: 0.009971934749245766
- patient: 0.006744818353672346
- in: 0.00663617685260244
- on: 0.005699929231223843
- the: 0.0043543081796417575
- with: 0.003685170900468968
- to: 0.0033627410113620964
- of: 0.0027520582865666558
- .: 0.0019566673439482198
- and: 0.00141739374592298
