Texto: 
within 72 hours after mr imaging, the patient succumbed to catastrophic subarachnoid and intraparenchymal bleeding.
mr images show an abnormal flow void with surrounding edema in the right precentral gyrus consistent with cerebral mycotic aneurysm.  other areas of abnormal parenchymal enhancement is consistent with a vasculitis.
cerebral mycotic aneurysm
cerebral abscesses
multiple sclerosis
granulomatous infection i.e. tb
sarcoidosis
early infarcts
37 year old woman with infective endocarditis presents with a severe headache.


Keywords by value: 
- mycotic: 0.14249799707551322
- cerebral: 0.11386332699092581
- precentral: 0.10413296465905837
- catastrophic: 0.09524646234418727
- infective: 0.09524646234418727
- succumbed: 0.09238564758374869
- aneurysm: 0.08660100294982827
- gyrus: 0.08484992111064459
- endocarditis: 0.07461264295400649
- intraparenchymal: 0.07282082317996601
- void: 0.06984900761512851
- mr: 0.06962049928067779
- abnormal: 0.062489544623459264
- 72: 0.06211828859505611
- abscesses: 0.061878645864131075
- infarcts: 0.058923214343466555
- i.e: 0.05855157925534794
- vasculitis: 0.056062399583027965
- 37: 0.055047818550223816
- parenchymal: 0.05385125521955434
- consistent: 0.053725596636697515
- subarachnoid: 0.05323178628018502
- granulomatous: 0.05287398130432506
- tb: 0.052756898181719
- sarcoidosis: 0.04948322264570817
- bleeding: 0.04755862756494766
- hours: 0.043079452674471753
- early: 0.04006614063644151
- sclerosis: 0.03935019530033775
- headache: 0.03762801843033074
- areas: 0.03686342527238547
- flow: 0.03620581893408354
- surrounding: 0.03601493928672776
- severe: 0.033709100000846204
- show: 0.03363020428835418
- infection: 0.031846366334266754
- edema: 0.030986198582452443
- enhancement: 0.029365240591320972
- imaging: 0.025667613134046186
- woman: 0.025306448044729566
- other: 0.025251776265416005
- multiple: 0.023074435942041907
- after: 0.022666682084733363
- presents: 0.022380055070614434
- images: 0.021016203742940436
- within: 0.020899120620334378
- an: 0.01514954954211192
- year: 0.012257759862473265
- right: 0.011559380886030982
- old: 0.011217110216182751
- patient: 0.010981947832261384
- a: 0.010169225687656443
- with: 0.007500267698069854
- is: 0.0072088561331375076
- to: 0.005475232159525465
- in: 0.00540252859154173
- the: 0.003544853453939123
- ,: 0.003470641865606248
- and: 0.0023078077657976725
- .: 0.0022756112882914275
- of: 0.0014936384717690824
