Texto: 
bimanual exam, right adnexal mass, mobile, remainder of exam unremarkable.

no significant laboratory abnormalities
referred to gyn for surgical consultation due to the tendency of teratomas to torse.
complex mass in the right adnexal region containing fat, essentially diagnostic for teratoma.
mature cystic teratoma
from ct, teratoma due to fat and complex mass.
from us
ectopic if hcg positive
torsion if flow supports
cystadenoma/adenocarcimnoma
hydro/hematosalpynx
endometrioma
others
22 yo female, mass palpated on bimanual exam at annual follow-up.  ultrasound revealed a heterogenous, complex rlq mass and the patient was referred for ct
commonly seen in young women, benign tumor, this is a typical presentation.


Keywords by value: 
- bimanual: 0.10264652475402164 (16)
- teratoma: 0.10072025693348222 (251)
- complex: 0.08626615657850766 (318)
- adnexal: 0.07934745986125039 (101)
- torse: 0.074079986756021 (11)
- cystadenoma/adenocarcimnoma: 0.074079986756021 (1)
- hydro/hematosalpynx: 0.074079986756021 (1)
- tendency: 0.054730532193045814 (12)
- referred: 0.05419380577236372 (346)
- gyn: 0.0539296063123372 (81)
- mass: 0.049935336426368264 (5255)
- teratomas: 0.049791148454372554 (38)
- supports: 0.049791148454372554 (18)
- exam: 0.04732522537687912 (2159)
- endometrioma: 0.044203112289723394 (46)
- fat: 0.043679198703892995 (1111)
- palpated: 0.043512035833950524 (41)
- mature: 0.0432937544356038 (190)
- others: 0.04228007386595157 (57)
- rlq: 0.041548885824021914 (71)
- mobile: 0.040876258028445966 (108)
- hcg: 0.04040491797255485 (147)
- essentially: 0.0402535019599273 (58)
- consultation: 0.04010476601791553 (61)
- torsion: 0.04010476601791553 (127)
- if: 0.038970477878666136 (9413)
- due: 0.03832398576391327 (1041)
- heterogenous: 0.0368462321438923 (101)
- containing: 0.03645530764275875 (116)
- annual: 0.03599091538498522 (116)
- women: 0.034891422939953204 (136)
- ectopic: 0.03442873573673448 (239)
- remainder: 0.03384896370743237 (132)
- 22: 0.032030017798496124 (392)
- young: 0.03127536321982971 (231)
- us: 0.03012109081606648 (24420)
- typical: 0.028793669698739473 (904)
- diagnostic: 0.028455233571529893 (306)
- commonly: 0.02709690288618186 (359)
- laboratory: 0.026462955763479543 (321)
- abnormalities: 0.02637617329158165 (356)
- benign: 0.024781935857421857 (529)
- presentation: 0.02473445911337044 (453)
- unremarkable: 0.02377366738388286 (465)
- flow: 0.023731545183685008 (681)
- follow-up: 0.023361655390266738 (523)
- positive: 0.023301559582219467 (589)
- revealed: 0.023045999074504983 (621)
- yo: 0.021607995994140854 (2293)
- ultrasound: 0.02130355113450675 (868)
- from: 0.021284633834524575 (3282)
- cystic: 0.02071119922060301 (1209)
- ,: 0.02047387050130745 (45533)
- region: 0.020282363254111868 (1007)
- ct: 0.02008913703179904 (27172)
- significant: 0.019309639924825404 (999)
- for: 0.018380877696875172 (12260)
- tumor: 0.01674144791269589 (2333)
- right: 0.015153474102696077 (8044)
- surgical: 0.015094300590348348 (1704)
- female: 0.014762691356704483 (1301)
- to: 0.014355230535898697 (40381)
- seen: 0.014190148025778908 (1897)
- at: 0.00972910212463557 (83424)
- was: 0.008304853127846108 (7680)
- this: 0.008076783305160781 (5602)
- no: 0.007230623115158 (35870)
- patient: 0.007198251520305781 (8535)
- in: 0.007082306388911847 (113220)
- a: 0.0066655428877075845 (549576)
- on: 0.006083117750969984 (91641)
- is: 0.004725132591468282 (65037)
- the: 0.003485276084965356 (67588)
- and: 0.0030253614408776207 (31978)
- of: 0.0019580470722350995 (41955)
- .: 0.001789892576336787 (82185)
