Texto: 
proptosis left eye.
no pain
bone marrow transplant.
radiation therapy left orbit.
repeat mri 6 months later is typical
mass left orbit which envelopes the lacrimal gland and lateral rectus muscle.
mass enhances homogeneously.
acute myelogenous leukemia (aml)
• orbital pseudotumor
• lymphoma
• graves disease
• metastasis
• myositis
56 year old man recently diagnosed with leukemia.
has now developed left eye proptosis


Keywords by value: 
- proptosis: 0.13256853211477632 (126)
- leukemia: 0.12179726736453289 (112)
- orbit: 0.11957385881804579 (533)
- •: 0.10882044108304777 (8449)
- envelopes: 0.10717925187914427 (3)
- myelogenous: 0.10318366753953621 (5)
- eye: 0.09956693908644199 (547)
- aml: 0.0822937036954213 (50)
- lacrimal: 0.0808303632001737 (59)
- myositis: 0.07519890336533809 (93)
- graves: 0.07430253501620515 (63)
- homogeneously: 0.06926218093718615 (52)
- rectus: 0.06867107518136954 (106)
- pseudotumor: 0.06867107518136954 (83)
- transplant: 0.06557185919089441 (143)
- 56: 0.06247264320041928 (136)
- orbital: 0.056296451238454746 (336)
- enhances: 0.05606104070631901 (121)
- repeat: 0.05582955386624662 (193)
- recently: 0.05537784287033607 (131)
- left: 0.05311695940405081 (7401)
- marrow: 0.05221211970303041 (242)
- gland: 0.050546787380453734 (416)
- typical: 0.04758953741874996 (904)
- developed: 0.045695353956037695 (313)
- metastasis: 0.04442704619861009 (332)
- diagnosed: 0.043641599399930626 (363)
- later: 0.04285303668045727 (5196)
- muscle: 0.04262937824203256 (802)
- now: 0.04057104985696732 (1220)
- radiation: 0.03894793402169911 (533)
- 6: 0.03544611335242881 (5312)
- lymphoma: 0.03391942547763174 (867)
- mass: 0.033012805748543456 (5255)
- months: 0.03241585131513982 (910)
- therapy: 0.031731122170008515 (1469)
- bone: 0.029492148353609304 (2205)
- acute: 0.029303879570923543 (1548)
- man: 0.02806849782069443 (4104)
- mri: 0.027267720207147496 (1820)
- lateral: 0.025648167300340974 (4830)
- has: 0.022287499590198302 (2768)
- which: 0.022154785933924285 (2234)
- disease: 0.019399132516884778 (3336)
- pain: 0.014494557882371315 (5051)
- year: 0.013279239851012703 (4271)
- old: 0.012151869400864646 (3947)
- no: 0.011950613204219472 (35870)
- (: 0.010032801753386951 (9594)
- ): 0.009910245723795903 (10569)
- is: 0.0078095941442323 (65037)
- .: 0.0029582946747788563 (82185)
- and: 0.002500125079614145 (31978)
- the: 0.001920128954217025 (67588)
- with: 0.0016250580012484685 (23954)
