Texto: 
• no fever.
• mildly elevated sedimentation rate (esr).
• negative cardiac ultrasound.
• no dental infections.
iv antibiotics following surgical drainage.
• ring enhancing lesion right frontal lobe with edema.
• ring is low signal on t2 images.
• dwi images reveal restricted diffusion.
brain, cerebral abscess with cultures postive for streptococcus.
glioma
metastatic disease
lymphoma
20 year old man presents with his first time seizure.
no history of drug abuse, cardiac disease, sinusitis or dental caries.
no source for abscess detected.


Keywords by value: 
- •: 0.10969100461171216
- dental: 0.10699565042333543
- caries: 0.08122371243406554
- ring: 0.07942662675015814
- postive: 0.07206080511532398
- cardiac: 0.0650967358590194
- sedimentation: 0.057244759706081824
- streptococcus: 0.057244759706081824
- abscess: 0.05403672488268534
- abuse: 0.0496537082225644
- sinusitis: 0.049443174130586076
- dwi: 0.04538852304950443
- source: 0.04511453330762328
- detected: 0.04511453330762328
- cultures: 0.043966778161699
- drug: 0.04384701625123184
- esr: 0.043268820542343586
- infections: 0.04061928232860134
- restricted: 0.03932716501380128
- glioma: 0.03852673793706591
- diffusion: 0.03825085837187762
- reveal: 0.03804883129870242
- seizure: 0.03778565821552869
- mildly: 0.03639368691392669
- drainage: 0.035737714089068555
- no: 0.03441776602815208
- rate: 0.03330721490475843
- images: 0.03278527783898708
- antibiotics: 0.03209716357670501
- iv: 0.031184249374610937
- 20: 0.030725152361570158
- cerebral: 0.02960446501764071
- elevated: 0.02899316361359063
- fever: 0.028912626265519662
- first: 0.028674834347858523
- disease: 0.027934750824314084
- frontal: 0.026842919344833575
- enhancing: 0.026799535328847594
- brain: 0.02571351523302762
- negative: 0.025521201613748743
- ultrasound: 0.025351225850063032
- his: 0.02462889027646932
- lymphoma: 0.024421986343894857
- following: 0.024252777569011483
- t2: 0.02418588768750352
- edema: 0.02416923489431291
- time: 0.024136012272393127
- low: 0.023761680528663995
- lobe: 0.02299325347923534
- signal: 0.022530743302727786
- metastatic: 0.021511094036160902
- man: 0.020209318430899993
- surgical: 0.017962217702514535
- presents: 0.017456442955079258
- lesion: 0.017405552260004547
- for: 0.014582162972854303
- history: 0.011802145377070835
- or: 0.010015227489637075
- year: 0.009561052692729147
- right: 0.009016317091104167
- old: 0.008749345968622547
- ,: 0.00812130196551862
- on: 0.007238910123654281
- (: 0.0072236172624386055
- ): 0.007135376921133051
- is: 0.005622907783847256
- .: 0.004259944331681553
- with: 0.003510125282696692
- of: 0.0011650380079798843
