Texto: 
inflammation left eye
antibiotics
• pre-septal soft tissue swelling o.s.
• periorbital soft tissue swelling, left eye
orbital cellulitis
• trauma
• orbital cellulitis
• inflammatory pseudotumor
22 year old man with 2 days of left orbital pain and redness.


Keywords by value: 
- orbital: 0.2827914759885169
- cellulitis: 0.23617901421781998
- •: 0.18221097111580092
- pre-septal: 0.1794629333790323
- o.s: 0.1794629333790323
- eye: 0.1667167352145075
- swelling: 0.13240980762702942
- periorbital: 0.1320935862334267
- redness: 0.1320935862334267
- pseudotumor: 0.1149841258850839
- soft: 0.09678729134853721
- tissue: 0.09420563667221366
- 22: 0.08864121204700091
- inflammation: 0.08450546217847472
- antibiotics: 0.07464456645745352
- inflammatory: 0.06891432428353543
- left: 0.06670501878648243
- days: 0.06090870456213901
- trauma: 0.054349041436230906
- man: 0.04699841495558137
- 2: 0.04279312782582666
- pain: 0.02426995738443569
- year: 0.02223500626216081
- old: 0.020347316206098944
- ,: 0.006295582919006683
- and: 0.0041862559472608946
- with: 0.0027210273509276684
- of: 0.002709390716232289
- .: 0.0016511412138300592
