Texto: 
non-contributory
surgery only to date.
large complex, partially cystic mass in the right frontal lobe and temporal lobe.  minimal enhancement following contrast.
gemistocytic astrocytoma
• glioblastoma multifome
• metastatic tumor
• lymphoma
30 year old man presents with headache, right hand weakness, and vertigo


Keywords by value: 
- multifome: 0.17631036847932996 (1)
- gemistocytic: 0.16244742486813107 (2)
- vertigo: 0.10896445187960048 (40)
- glioblastoma: 0.09409289119586374 (88)
- •: 0.09402086109575326 (8449)
- lobe: 0.09197301391694136 (1492)
- date: 0.08587459693834916 (300)
- partially: 0.07820487291056137 (157)
- hand: 0.07024427031814845 (547)
- complex: 0.06843781755228273 (318)
- temporal: 0.06843781755228273 (421)
- minimal: 0.06728959940801596 (368)
- astrocytoma: 0.06636700397346593 (413)
- 30: 0.0657217867291015 (631)
- weakness: 0.0634722270605677 (434)
- non-contributory: 0.06312072416413754 (287)
- headache: 0.058699708751315964 (758)
- frontal: 0.05368583868966715 (673)
- only: 0.05138823316969871 (984)
- cystic: 0.04929265414503517 (1209)
- lymphoma: 0.04884397268778971 (867)
- following: 0.04850555513802297 (761)
- enhancement: 0.04580977532246072 (898)
- metastatic: 0.043022188072321804 (1079)
- surgery: 0.0414999812872055 (1277)
- man: 0.040418636861799986 (4104)
- tumor: 0.03984464603221623 (2333)
- contrast: 0.038255513736158105 (1844)
- large: 0.037370848636621594 (2420)
- right: 0.03606526836441667 (8044)
- presents: 0.034912885910158516 (1354)
- mass: 0.023769220138951292 (5255)
- year: 0.019122105385458294 (4271)
- old: 0.017498691937245094 (3947)
- ,: 0.01624260393103724 (45533)
- to: 0.008541362168859725 (40381)
- in: 0.008427944602805099 (113220)
- and: 0.0072003602292887384 (31978)
- the: 0.002764985694072516 (67588)
- with: 0.002340083521797795 (23954)
- .: 0.0021299721658407764 (82185)
