Texto: 
bp 80/60
hr 125
weakness in right leg
fluid replacement
blood transfusion
• fracture of right iliac wing
• fracture of right sacral wing
• pelvic hematoma
• hematoma right s1 sacral canal
spinal epidural hematoma, s1 right
• herniated disc
• abscess
• tumor
• hematoma
• pseudoaneurysm
27 year  old man shot in the right hip with a 44 caliber bullet. presented to ed hypotensive and with a weak right lower extremity.
there are no retained bullet fragments in the pelvis or hip.  exit wound not clearly seen on mri or ct scans.


Keywords by value: 
- •: 0.1410312916436299 (8449)
- hematoma: 0.12163867513688359 (649)
- bullet: 0.11850293332140668 (46)
- wing: 0.10763062438962705 (1866)
- sacral: 0.10253277939705123 (193)
- s1: 0.0881759835340449 (303)
- 80/60: 0.08815518423966498 (1)
- hip: 0.06807744744222917 (773)
- hypotensive: 0.06330611774178498 (12)
- exit: 0.06330611774178498 (102)
- right: 0.06311421963772917 (8044)
- 125: 0.06107468222864288 (59)
- shot: 0.05982305079910282 (47)
- transfusion: 0.05770995986243075 (42)
- weak: 0.05637464593618552 (500)
- retained: 0.05448222593980024 (40)
- pseudoaneurysm: 0.05177932264240113 (96)
- caliber: 0.05031328790048237 (52)
- herniated: 0.048836927912421724 (70)
- wound: 0.04790166733231349 (113)
- fracture: 0.04506148660545557 (2836)
- fragments: 0.04471713002112814 (105)
- clearly: 0.043966778161699 (92)
- 44: 0.04384701625123184 (202)
- iliac: 0.042616415323659576 (209)
- epidural: 0.04210348237978406 (238)
- replacement: 0.04171127524825126 (133)
- hr: 0.041615580738089755 (6305)
- disc: 0.0397923651701502 (1791)
- scans: 0.0397923651701502 (167)
- 27: 0.03963488160046881 (323)
- bp: 0.037095729500659175 (377)
- ed: 0.036115117368897026 (50271)
- pelvic: 0.03507250726565293 (382)
- canal: 0.033949834246942125 (437)
- leg: 0.03360197308608797 (693)
- weakness: 0.03173611353028385 (434)
- extremity: 0.03125158969642438 (530)
- pelvis: 0.03105091406591629 (479)
- spinal: 0.03059776210379586 (1010)
- abscess: 0.02701836244134267 (839)
- fluid: 0.02428639104603853 (1076)
- blood: 0.023324110725092995 (1000)
- presented: 0.023293576350224093 (764)
- man: 0.020209318430899993 (4104)
- or: 0.02003045497927415 (60128)
- tumor: 0.019922323016108114 (2333)
- mri: 0.019632758549146197 (1820)
- lower: 0.019218620693638628 (1849)
- seen: 0.016886276150676904 (1897)
- there: 0.012717155564649887 (3976)
- in: 0.012641916904207648 (113220)
- not: 0.012348186717419354 (5583)
- ct: 0.011953036533920429 (27172)
- are: 0.011648738725296018 (8518)
- year: 0.009561052692729147 (4271)
- old: 0.008749345968622547 (3947)
- no: 0.00860444150703802 (35870)
- a: 0.007931996036372025 (549576)
- on: 0.007238910123654281 (91641)
- to: 0.0042706810844298625 (40381)
- the: 0.002764985694072516 (67588)
- ,: 0.002707100655172874 (45533)
- with: 0.002340083521797795 (23954)
- of: 0.0023300760159597686 (41955)
- and: 0.0018000900573221846 (31978)
- .: 0.001419981443893851 (82185)
