Texto: 
lateral meniscal tear
twisted knee playing basketball


Keywords by value: 
- twisted: 0.8632756716752452 (18)
- basketball: 0.7474284979300554 (36)
- meniscal: 0.7033854465508388 (137)
- playing: 0.6504055067035975 (96)
- tear: 0.5361319129913616 (574)
- knee: 0.4426415317943252 (954)
- lateral: 0.2638097208035072 (4830)
