Texto: 
bilateral leg weakness and absent reflexes.
chemotherapy and radiation.
infiltrative intramedullary lesion extending from t3 to the conus.  the mass demonstrates irregular enhancement after contrast administration.
spinal cord astrocytoma, malignant
astrocytoma
ependymoma
hemangioblastoma
metastatic disease
12 year old girl with progressive back pain and leg weakness over the past 3 months.  no urinary or rectal incontinence.


Keywords by value: 
- leg: 0.10667293043202529
- astrocytoma: 0.1053444507515332
- weakness: 0.10074956676280584
- t3: 0.08761399298352648
- intramedullary: 0.08395488729127518
- conus: 0.08177709171169606
- incontinence: 0.08022727473449104
- infiltrative: 0.07783326061171987
- rectal: 0.07690835730816471
- hemangioblastoma: 0.07493926764673647
- reflexes: 0.06420371110318783
- urinary: 0.06278898443817184
- ependymoma: 0.06071564820932955
- absent: 0.05878620056523738
- administration: 0.05631206769687571
- 12: 0.05551426079559177
- irregular: 0.05410074051597427
- progressive: 0.05361014468322702
- cord: 0.05154244317786351
- malignant: 0.049026518672687314
- chemotherapy: 0.048618187065728014
- spinal: 0.04856787635523152
- girl: 0.04768853065063171
- extending: 0.04559871506094916
- back: 0.04474708468805519
- radiation: 0.04451192459622756
- past: 0.043098404316610064
- months: 0.03704668721730265
- enhancement: 0.03635696454163549
- over: 0.03453400936730099
- metastatic: 0.03414459370819191
- bilateral: 0.0329177417351499
- 3: 0.0317615162969292
- contrast: 0.03036151883822072
- demonstrates: 0.029628907962748984
- after: 0.02806351115252702
- lesion: 0.027627860730165946
- disease: 0.022170437162154034
- from: 0.02010215417705099
- mass: 0.018864460427739118
- pain: 0.01656520900842436
- or: 0.01589718649148742
- year: 0.01517627411544309
- old: 0.01388785074384531
- no: 0.01365784366196511
- and: 0.008571857415819926
- to: 0.006778858864174384
- the: 0.006583299271601228
- ,: 0.004296985166941069
- .: 0.003380908199747264
- with: 0.001857209144283964
