Texto: 
positive straight leg raising sign right
muscle spasm with limitation of motion
decreased reflexes right lower extremity
l5/s1 laminectomy and fusion
focal disk extrusion l5/s1 right.  there is epidural hemorrhage or edema above and below herniated disk.
l5-s1 extruded disk fragment
• disk extrusion
• epidural hematoma
• epidural abscess
• metastatic disease
41 year old man who twisted his back unloading a truck. he developed acute back pain and acute onset of radiculopathy.


Keywords by value: 
- disk: 0.23722377856102933
- extrusion: 0.16232337882508968
- epidural: 0.16193647069147718
- l5/s1: 0.1602710017052554
- unloading: 0.10413296465905837
- truck: 0.08635996002931617
- extruded: 0.0834991452688776
- •: 0.08035971033825065
- raising: 0.0801355008526277
- laminectomy: 0.0791853986455287
- limitation: 0.07747345771444508
- twisted: 0.07747345771444508
- back: 0.07228375218839685
- l5-s1: 0.06393432086509492
- herniated: 0.06261144604156631
- spasm: 0.06141239401578652
- radiculopathy: 0.05930594464025733
- straight: 0.05855157925534794
- 41: 0.05836972496057927
- acute: 0.05409946997708962
- reflexes: 0.05185684358334401
- fragment: 0.050615179147575844
- fusion: 0.04886630920539794
- below: 0.04755862756494766
- motion: 0.044046423979821
- leg: 0.043079452674471753
- developed: 0.042180326728650186
- above: 0.04015305970035662
- extremity: 0.04006614063644151
- muscle: 0.03935019530033775
- hematoma: 0.038986754851565254
- sign: 0.0379544423303086
- hemorrhage: 0.036464828002256866
- positive: 0.035549815260052776
- right: 0.03467814265809295
- abscess: 0.03463892620684958
- onset: 0.034582323409296796
- decreased: 0.032573800034930246
- his: 0.031575500354447845
- focal: 0.031288379540235924
- edema: 0.030986198582452443
- he: 0.03056650438503871
- who: 0.028563697553098743
- metastatic: 0.02757832568738577
- man: 0.02590938260371794
- lower: 0.0246392572995367
- disease: 0.01790689155404749
- there: 0.01630404559570498
- pain: 0.013379591891419676
- or: 0.012840035243124454
- year: 0.012257759862473265
- old: 0.011217110216182751
- is: 0.0072088561331375076
- and: 0.006923423297393018
- a: 0.005084612843828221
- of: 0.0029872769435381648
- .: 0.0018204890306331423
- with: 0.001500053539613971
