Texto: 
plain radiographs demonstrate a lytic, well-marginated lesion with a thin sclerotic rim. amorphous calcifications with a chondroid matrix are present in 50% of all lesions.
chondroblastoma
clear cell chondrosarcoma
enchondroma
bone abscess
giant cell tumor when extended to the epiphysis
bone infarct
months of shoulder pain.
see factoid


Keywords by value: 
- well-marginated: 0.1270957902318238
- chondroblastoma: 0.11401754154201352
- amorphous: 0.11287368075302419
- chondroid: 0.10980728585683976
- enchondroma: 0.09580846803175716
- extended: 0.09328900779355863
- matrix: 0.09004655011569714
- epiphysis: 0.08846007620606428
- cell: 0.08710342307854664
- chondrosarcoma: 0.0806079932395565
- bone: 0.08012961062112717
- giant: 0.07764222751271851
- lytic: 0.07217143089033512
- sclerotic: 0.07217143089033512
- infarct: 0.07154033779472116
- rim: 0.06824568665472967
- thin: 0.06626817954542306
- shoulder: 0.06499774331771388
- 50: 0.061339585219694424
- calcifications: 0.05994648593646702
- clear: 0.05961370968201218
- factoid: 0.05651765082290824
- plain: 0.052363466277152534
- radiographs: 0.0510617139849459
- abscess: 0.050978042342155985
- see: 0.048117305872241285
- when: 0.04617606108709445
- all: 0.045602329989269635
- months: 0.04403662820169938
- lesions: 0.043161518987621654
- %: 0.0376098308178492
- tumor: 0.037589288709637944
- demonstrate: 0.03710287059118945
- present: 0.03641525950814492
- lesion: 0.03284066464151801
- a: 0.022449045385958565
- are: 0.021978752311879277
- pain: 0.01969072014208933
- to: 0.00805788883854691
- in: 0.007950891134721791
- ,: 0.005107737085231837
- with: 0.0044152519279203675
- of: 0.004396369841433525
- the: 0.002608477069879732
- .: 0.002009407703623374
