Texto: 
normal
resection of tumor
no chemotherapy or radiation therapy at present
• right frontal lobe intra-axial lesion - subcortical wm
• hypointense on t1 images
• hyperintense on both t2 and flair images
• no enhancement following contrast administration
astrocytoma grade ii (diffuse)
• infarction
• cerebritis
• contusion
• hamartoma
• neoplasm
28 y.o. man with a two month history of headaches.


Keywords by value: 
- •: 0.21049446513974612 (8449)
- intra-axial: 0.0911562421323028 (16)
- cerebritis: 0.09019298062278681 (22)
- wm: 0.08081076182543795 (42)
- subcortical: 0.07768060464660109 (47)
- contusion: 0.0702185755193013 (119)
- hamartoma: 0.06973707011305919 (115)
- hypointense: 0.060497678942817046 (143)
- 28: 0.06011980121170825 (276)
- flair: 0.058472815283814726 (181)
- ii: 0.05500924938870783 (783)
- hyperintense: 0.05295015320751 (240)
- administration: 0.05295015320751 (208)
- infarction: 0.052126991713852086 (301)
- astrocytoma: 0.04952761490557158 (413)
- images: 0.04893325050595087 (1966)
- headaches: 0.04875287073240714 (322)
- grade: 0.04857965362613388 (661)
- chemotherapy: 0.045715608733445746 (419)
- neoplasm: 0.043435172774804895 (578)
- radiation: 0.041854496262124424 (533)
- t1: 0.04042530651080961 (949)
- frontal: 0.040064058723632195 (673)
- resection: 0.039774860530152514 (574)
- diffuse: 0.038612051050377835 (824)
- month: 0.038262903594038944 (1567)
- y.o: 0.036811633322189556 (586)
- two: 0.0365273319047165 (791)
- following: 0.03619817547613654 (761)
- t2: 0.0360983398320948 (1171)
- lobe: 0.03431828877497812 (1492)
- enhancement: 0.03418639949437367 (898)
- therapy: 0.03409911636180019 (1469)
- both: 0.03257014911471823 (1020)
- man: 0.030163161837164165 (4104)
- tumor: 0.029734810471803153 (2333)
- present: 0.028806100804950458 (4525)
- contrast: 0.028548890847879184 (1844)
- -: 0.0273392307269905 (21459)
- lesion: 0.025978436208962008 (3600)
- no: 0.025684900021009014 (35870)
- on: 0.021608686936281436 (91641)
- normal: 0.01999421574028509 (4858)
- history: 0.017615142353837064 (2881)
- at: 0.017280047057188552 (83424)
- or: 0.014948100730801604 (60128)
- right: 0.013457189688215174 (8044)
- (: 0.010781518302147172 (9594)
- ): 0.010649816300198582 (10569)
- a: 0.005919400027143302 (549576)
- of: 0.0034777253969548783 (41955)
- and: 0.002686701578092813 (31978)
- with: 0.0017463309864162648 (23954)
- .: 0.0010596876446969036 (82185)
