Texto: 
rales and crackles at the bases, cbc with elev white count (lymphocytes and neutrophils) and immature forms, bal is pas+
predominately basilar and peripheral interlobular septal thickening with scattered areas of ground glass opacity, consolidation, and fibrosis.
copd and chronic ild secondary to leukemia with acute pap
ddx is that of ild (see factoid). 
*pulmonary edema (chf)
*bacterial pneumonia
*pulmonary alveolar proteinosis
74 yo female with history of leukemia and copd now with acute onset of shortness of breath.


Keywords by value: 
- ild: 0.1709972893348748
- *: 0.15016027621326566
- copd: 0.10792924147058024
- elev: 0.09279493077859471
- pas+: 0.09279493077859471
- leukemia: 0.0923095078973302
- bal: 0.08123059089787776
- proteinosis: 0.07090607244512276
- pap: 0.06755392790703292
- interlobular: 0.06501537994053937
- immature: 0.060747326170979735
- neutrophils: 0.0602576417958756
- lymphocytes: 0.05810191113644388
- predominately: 0.05771909382938204
- chf: 0.056313500222808115
- alveolar: 0.05370469849749674
- pulmonary: 0.05255895389936976
- crackles: 0.052267061286909895
- forms: 0.052267061286909895
- glass: 0.0520454464532485
- bases: 0.05140729253939128
- 74: 0.05140729253939128
- rales: 0.04952257431361249
- ground: 0.04952257431361249
- septal: 0.049017214111650796
- ddx: 0.047488982429077134
- basilar: 0.0472082640387386
- bacterial: 0.04603018071027559
- consolidation: 0.04508335716645518
- acute: 0.044418512191715685
- opacity: 0.04205512482485749
- scattered: 0.04188670017910548
- cbc: 0.04019269631791982
- fibrosis: 0.040051401367055185
- count: 0.0391121262751821
- shortness: 0.037843816830401826
- pneumonia: 0.03718225994977379
- breath: 0.03363281640262472
- peripheral: 0.03254666654751702
- factoid: 0.03153089993278039
- now: 0.030748585154754184
- thickening: 0.030490784944140543
- areas: 0.030266812328905966
- white: 0.029832675923284396
- onset: 0.028393907641317367
- yo: 0.02706685814002907
- see: 0.02684439169714514
- edema: 0.025441299888750428
- chronic: 0.02533673297796842
- secondary: 0.025147683857987446
- (: 0.02281142293401665
- ): 0.022532769224630687
- female: 0.018492213383661405
- that: 0.015536639247987614
- and: 0.013263821475005568
- history: 0.012423310923232457
- at: 0.012186980556122452
- is: 0.011837700597573171
- ,: 0.01139831854809631
- with: 0.006158114531046828
- of: 0.006131778989367812
- to: 0.0044954537730840655
- the: 0.0014552556284592188
- .: 0.0011210379820214614
