Texto: 
duplicated inferior vena cava
39 yo woman with chest pain


Keywords by value: 
- duplicated: 0.5680024208037349
- vena: 0.45250589828181076
- cava: 0.44980303104301883
- 39: 0.39713313375079073
- inferior: 0.2899316361359063
- yo: 0.25713515233027623
- chest: 0.20447290000575188
- woman: 0.19739029474889064
- pain: 0.10436081675307347
- with: 0.011700417608988975
