Texto: 
normal for gestational age.
none
sonographic images of the head demonstrate multiple, thin linear echogenic foci in a radial pattern throught the cavum septum pellucidi.
septal veins of the cavum septum pellucidi
pathologic ventricular septations
calcifications
sequelae of prior hemorrhage
septal veins
former 28w 2d ega premature neonate for initial screening head ultrasound.


Keywords by value: 
- pellucidi: 0.2464476826224015 (16)
- cavum: 0.22517975969010973 (39)
- septal: 0.16339071370550265 (144)
- 28w: 0.15465821796432452 (1)
- septum: 0.15343393570091865 (135)
- veins: 0.14344317913172483 (166)
- 2d: 0.12322384131120075 (8)
- throught: 0.12051944341949447 (8)
- ega: 0.10714856531340855 (1347)
- former: 0.10601631055660905 (24)
- neonate: 0.10394994151000585 (35)
- septations: 0.09178946465807698 (47)
- sequelae: 0.0890850667663707 (49)
- head: 0.08503864247627704 (1929)
- premature: 0.08169535685275132 (86)
- gestational: 0.07987436047237162 (100)
- echogenic: 0.0745819339034853 (232)
- sonographic: 0.07267876472815073 (160)
- radial: 0.068731203930098 (244)
- ventricular: 0.06698782719653304 (414)
- pathologic: 0.06562008085495914 (313)
- foci: 0.06435129731847447 (211)
- screening: 0.0639479724373394 (242)
- linear: 0.06355371180835592 (281)
- thin: 0.061617780980831975 (2401)
- pattern: 0.05730600594861891 (355)
- calcifications: 0.05573971499355706 (461)
- hemorrhage: 0.04989923831887782 (714)
- initial: 0.04967687970665453 (728)
- age: 0.04563000571130362 (7466)
- ultrasound: 0.04447583482467198 (868)
- prior: 0.03849320652986602 (948)
- none: 0.03718806152470187 (942)
- demonstrate: 0.03449916037426387 (3313)
- multiple: 0.031575543920688925 (1682)
- images: 0.02875901564823428 (1966)
- for: 0.025582742057639125 (12260)
- normal: 0.023501972887703525 (4858)
- in: 0.007392933862109735 (113220)
- the: 0.007276278142296094 (67588)
- a: 0.00695789125997546 (549576)
- of: 0.006131778989367812 (41955)
- ,: 0.004749299395040129 (45533)
- .: 0.0018683966367024354 (82185)
