Texto: 
unrevealing.
cxr demonstrates a hyperlucent left hemithorax. follow up ct reveals diminished left lung vasculature and associated decreased parenchymal density.
swyer-james syndrome
p poland syndrome
o obstruction (i.e. airway foreign body)
e embolus/emphysema
m mastectomy (not applicable in this young male)
s swyer-james syndrome
9 y/o boy with dyspnea on exertion. chest radiograph done a year later (patient at the time had a viral infection)  was reported as normal.


Keywords by value: 
- swyer-james: 0.18343763118139772
- embolus/emphysema: 0.10883356078970985
- syndrome: 0.09051505839757931
- unrevealing: 0.08480997870260722
- poland: 0.08316144299119335
- hyperlucent: 0.08170733143987997
- applicable: 0.06959832831627842
- o: 0.06425432730027497
- e: 0.06268949142818678
- mastectomy: 0.06268949142818678
- exertion: 0.06183772758266887
- hemithorax: 0.05958684416545955
- airway: 0.05870463473358122
- diminished: 0.05768374935277735
- vasculature: 0.0572979154823563
- i.e: 0.0563830022458906
- m: 0.05442961946545981
- p: 0.05413211882868128
- viral: 0.053143937252464794
- foreign: 0.05197960787627662
- parenchymal: 0.05185676428549677
- dyspnea: 0.04993621974692387
- young: 0.04594775584147822
- cxr: 0.044518916927470085
- done: 0.043734800807441375
- 9: 0.043608823397882836
- reveals: 0.041274663583889176
- reported: 0.03845771420463965
- later: 0.03809158816040647
- obstruction: 0.03720246973567204
- boy: 0.03586076271513545
- density: 0.034711498232839
- body: 0.034262514971470176
- radiograph: 0.03360430436939954
- follow: 0.03352098113514116
- decreased: 0.0313673629965995
- infection: 0.03066687128484947
- lung: 0.03055752000294748
- s: 0.030256390952031937
- time: 0.029797546015300155
- y/o: 0.029217642343452352
- up: 0.028368483346348436
- (: 0.02675413800903187
- ): 0.02642732193012241
- chest: 0.025243567901944673
- associated: 0.024894599529724712
- left: 0.023607537512911475
- demonstrates: 0.02304470619324921
- had: 0.022763578015317386
- male: 0.01907661157885769
- normal: 0.016538425365421
- as: 0.015957746986347256
- not: 0.01524467495977698
- ct: 0.014756835227062257
- a: 0.014688881548837083
- at: 0.014293372257180654
- was: 0.012200957064366504
- this: 0.011865891522396704
- year: 0.011803768756455738
- patient: 0.01057520902365911
- on: 0.008936926078585532
- in: 0.005202434940003147
- .: 0.0026295952664700945
- and: 0.0022223334041014623
- the: 0.0017067812926373554
- with: 0.0014444960011097499
