Texto: 
large left scrotal mass.
ultrasound show as large complex left extratesticular mass with dramatic blood flow.  contrast enhanced axial ct images show a mixed attenuation left scrotal mass and retroperitoneal adenopathy.
scrotal rhabdomyosarcoma
extratesticular masses:
adenomatoid tumor 
scrotal hematoma
lymphoma
pseudotumor
scrotal mesothelioma
sarcoma (rhabdomyosarcoma)
11 year old male with a left scrotal mass.
while in playing the odds, most extratesticular masses are benign, given the large size and heterogeneity, this doesn't have the appearance of a non-aggressive process.  since there is internal blood flow, this isn't a hematoma.


Keywords by value: 
- scrotal: 0.2915952870157463 (82)
- extratesticular: 0.20260843138668586 (8)
- n't: 0.103490984990026 (36)
- rhabdomyosarcoma: 0.09246510074488515 (97)
- odds: 0.07420102053171528 (3)
- heterogeneity: 0.059389048984146535 (14)
- hematoma: 0.058480132277347885 (649)
- masses: 0.05554985380761707 (522)
- flow: 0.054308728401125314 (681)
- non-aggressive: 0.05420639032325531 (24)
- large: 0.053900262456665765 (2420)
- adenomatoid: 0.05343674890331746 (35)
- dramatic: 0.05307386113425163 (37)
- mesothelioma: 0.0514402165496805 (92)
- show: 0.05044530643253127 (2621)
- pseudotumor: 0.047541513587102 (83)
- mass: 0.04571003872875248 (5255)
- blood: 0.0448540590867173 (1000)
- retroperitoneal: 0.04377729372043445 (99)
- playing: 0.04377729372043445 (96)
- 11: 0.03759849659161605 (860)
- left: 0.0367732795874198 (7401)
- adenopathy: 0.036585414710290795 (418)
- sarcoma: 0.036585414710290795 (836)
- mixed: 0.03608580183595703 (201)
- enhanced: 0.03515829927646125 (318)
- attenuation: 0.03303481798486576 (324)
- complex: 0.03290279690013593 (318)
- process: 0.03163524504648764 (446)
- since: 0.030180429054790545 (375)
- benign: 0.0283562535291654 (529)
- given: 0.028167446081887912 (460)
- does: 0.028034817984461603 (481)
- size: 0.027546883378642036 (636)
- internal: 0.027546883378642036 (516)
- while: 0.025852396537041477 (538)
- ultrasound: 0.02437617870198369 (868)
- appearance: 0.023499101699371555 (782)
- lymphoma: 0.02348267917682198 (867)
- axial: 0.02344991803911415 (1143)
- tumor: 0.019156079823180877 (2333)
- most: 0.01896956867046227 (1722)
- this: 0.018483407948348712 (5602)
- contrast: 0.018392073911614477 (1844)
- have: 0.017792673830433575 (1751)
- images: 0.01576215280720533 (1966)
- a: 0.015253838531484666 (549576)
- male: 0.014857745556610319 (2906)
- as: 0.012428629864366615 (55990)
- there: 0.012228034196778738 (3976)
- ct: 0.011493304359538875 (27172)
- are: 0.011200710312784632 (8518)
- :: 0.010868027076833318 (11095)
- is: 0.010813284199706263 (65037)
- ,: 0.010411925596818746 (45533)
- year: 0.00919331989685495 (4271)
- old: 0.008412832662137064 (3947)
- (: 0.00694578582926789 (9594)
- ): 0.006860939347243318 (10569)
- in: 0.004051896443656298 (113220)
- the: 0.003987960135681513 (67588)
- and: 0.003461711648696509 (31978)
- with: 0.0022500803094209565 (23954)
- .: 0.002048050159462285 (82185)
- of: 0.0011202288538268118 (41955)
