Texto: 
negative
surgery
• infiltrative mass in right frontal lobe.
• mass has elevated si on t2 scans and decreased si on t1 scans.
• minimal to no contrast enhancement.
dnet (dysembryoplastic neuroepithelial tumor)
• astrocytoma
• tumefactive multiple sclerosis
• oligodendroglioma
• cortical dysplasia
• dnet
2 year old boy with new onset seizures


Keywords by value: 
- •: 0.21247652225028987 (8449)
- si: 0.19728088645466124 (44158)
- dnet: 0.18134856003955158 (40)
- scans: 0.13488937345813629 (167)
- dysembryoplastic: 0.1046857812601905 (24)
- neuroepithelial: 0.0978134912922555 (24)
- tumefactive: 0.0935539247112232 (35)
- oligodendroglioma: 0.08489586329146065 (51)
- infiltrative: 0.08311009183963308 (56)
- seizures: 0.06226872656718369 (215)
- dysplasia: 0.0571711985329611 (406)
- minimal: 0.057025084244081314 (368)
- astrocytoma: 0.056243223706327054 (413)
- cortical: 0.05279787882331884 (525)
- sclerosis: 0.05202229209197195 (540)
- new: 0.05047098265763658 (569)
- boy: 0.04923257254111816 (395)
- elevated: 0.049140955277272254 (460)
- t1: 0.045906704003800744 (949)
- onset: 0.04571900382923983 (524)
- frontal: 0.045496473465819615 (673)
- negative: 0.04325627392160804 (803)
- decreased: 0.043063667842789144 (680)
- t2: 0.040993029978819526 (1171)
- mass: 0.0402868137948327 (5255)
- lobe: 0.038971616066500576 (1492)
- enhancement: 0.03882184349361078 (898)
- surgery: 0.03516947566712331 (1277)
- tumor: 0.03376664917984426 (2333)
- contrast: 0.032419926895049245 (1844)
- 2: 0.031188211805263495 (13754)
- multiple: 0.030505186499648625 (1682)
- has: 0.027198304584648777 (2768)
- on: 0.02453867838526875 (91641)
- year: 0.016205174055473132 (4271)
- right: 0.015281893374752826 (8044)
- old: 0.014829399946817874 (3947)
- no: 0.01458379916447122 (35870)
- (: 0.012243419088878991 (9594)
- ): 0.012093859188361103 (10569)
- to: 0.0072384425159828176 (40381)
- in: 0.007142325934580592 (113220)
- and: 0.0030510000971562447 (31978)
- with: 0.001983121628642199 (23954)
- .: 0.0018050611574921835 (82185)
