Texto: 
no palpable mass.
excisional biopsy.
a magnified cc mammogram of the right breast shows a smalll cluster of peiomorphic microcalcifications.  these are located at the 12 o'clock position, anterior third of the breast.
ductal carcinoma in situ with microinvasion
ductal carcinoma in situ
fibrocystic breast change
atypical ductal hyperplasia
involuting fibroadenoma
fat necrosis
infarcted papilloma
new microcalcifications were noted on annual screening mammogram.
see factoid.


Keywords by value: 
- ductal: 0.1678344450493522 (260)
- microcalcifications: 0.15901322140578283 (27)
- situ: 0.1543728301651393 (137)
- breast: 0.13135658099293968 (1038)
- mammogram: 0.12385582214658074 (169)
- smalll: 0.12243775588842358 (1)
- peiomorphic: 0.12243775588842358 (1)
- microinvasion: 0.12243775588842358 (1)
- involuting: 0.12243775588842358 (1)
- magnified: 0.09355662336509253 (10)
- cluster: 0.0891336548773351 (35)
- fibrocystic: 0.08792516353025691 (14)
- infarcted: 0.08792516353025691 (12)
- o'clock: 0.08578418186598943 (18)
- excisional: 0.0808303632001737 (24)
- fibroadenoma: 0.07519890336533809 (49)
- carcinoma: 0.06727576861155185 (1515)
- cc: 0.06363072110235053 (3964)
- papilloma: 0.059635136762742465 (167)
- annual: 0.05948498515018391 (116)
- hyperplasia: 0.0584770588608112 (142)
- atypical: 0.051437925494582704 (201)
- screening: 0.05062547817956037 (242)
- position: 0.049416986832482176 (557)
- located: 0.048850014686367516 (256)
- 12: 0.0485749781961428 (1027)
- third: 0.04758953741874996 (356)
- necrosis: 0.04684862102006534 (442)
- change: 0.046260020701053374 (1174)
- biopsy: 0.04210685057828834 (501)
- palpable: 0.04206418114721931 (406)
- factoid: 0.041603270744640784 (369)
- new: 0.0413581663444522 (569)
- fat: 0.03609600448446713 (1111)
- see: 0.03541968348928872 (2684)
- shows: 0.032630190274012205 (912)
- these: 0.030886731832747778 (1129)
- anterior: 0.030566566996704684 (1421)
- noted: 0.028130849839619356 (1365)
- were: 0.02694842134291557 (1679)
- mass: 0.016506402874271728 (5255)
- are: 0.016178803785133356 (8518)
- at: 0.016080043789328237 (83424)
- right: 0.012522662626533565 (8044)
- no: 0.011950613204219472 (35870)
- in: 0.01170547861500708 (113220)
- a: 0.011016661161627812 (549576)
- on: 0.010054041838408722 (91641)
- the: 0.005760386862651075 (67588)
- of: 0.004854325033249517 (41955)
- ,: 0.0037598620210734356 (45533)
- .: 0.0029582946747788563 (82185)
- with: 0.0016250580012484685 (23954)
