Texto: 
n/a
non weight bearing status for 6 weeks.
the ap and lateral plain films demonstrate an acute cortical reaction in the proximal tibia.  the delayed images from a bone scan demonstrate a full thickness uptake of the radiotracer (tc99m-hdp) in the proximal tibia.
grade 4 stress fracture
acute stress fracture
subacute stress fracture
infection (osteomyelitis)
primary bone tumor
infection
21 year old male with 4 weeks of lower leg pain with increase in exercise (running).
see factoid.


Keywords by value: 
- stress: 0.1277254848322591
- tibia: 0.08920839308510783
- tc99m-hdp: 0.0798154426674823
- fracture: 0.07680935216839017
- proximal: 0.05830779958425034
- infection: 0.056454922138018344
- bearing: 0.05618542514839327
- weeks: 0.055119949020480646
- running: 0.05463846862197758
- 4: 0.0541129978449783
- thickness: 0.050099990644343693
- subacute: 0.049826154830945275
- exercise: 0.049826154830945275
- bone: 0.048259879124087954
- acute: 0.04795180293423853
- radiotracer: 0.04530914416663861
- osteomyelitis: 0.045128765198953494
- demonstrate: 0.04469209412120547
- reaction: 0.04410277830495234
- 21: 0.04394043788168557
- full: 0.04194948232458227
- increase: 0.04073192962627172
- non: 0.040139939718505796
- films: 0.04008240219627231
- delayed: 0.039522503912104316
- uptake: 0.03857935709879787
- leg: 0.03818406032509996
- grade: 0.03698678173807921
- ap: 0.03551317010957316
- cortical: 0.03539857784745241
- n/a: 0.03517280281089871
- weight: 0.03480620210387347
- status: 0.034662810467973336
- factoid: 0.034039039700160645
- plain: 0.03153708764419414
- 6: 0.029001365470169026
- see: 0.028979741036690775
- primary: 0.028765730260178368
- scan: 0.027184902959465664
- (: 0.024625967940131607
- ): 0.02432514859477176
- tumor: 0.022639003427395582
- lower: 0.021839341697316623
- lateral: 0.020984864154824437
- images: 0.018627998772151752
- male: 0.017559153839630377
- from: 0.014391314922206959
- in: 0.014365814663872326
- an: 0.013428009821417385
- pain: 0.011859183721940168
- year: 0.010864832605374032
- old: 0.009942438600707438
- a: 0.009013631859513666
- for: 0.008285319870939944
- the: 0.007855072994524193
- with: 0.0026591858202247667
- of: 0.002647813654499737
- and: 0.0020455568833206645
- .: 0.002017019096440129
