Texto: 
parathyroid adenoma
adult patient, actual age and gender unknown.


Keywords by value: 
- actual: 0.56149646312284 (59)
- gender: 0.5204069064189256 (24)
- parathyroid: 0.4922110038458493 (253)
- adult: 0.3893562664375675 (253)
- adenoma: 0.3244085774369102 (638)
- unknown: 0.303170863693137 (260)
- age: 0.2364463932313006 (7466)
- patient: 0.07787199371967164 (8535)
- ,: 0.024610005956117034 (45533)
- and: 0.016364455066565316 (31978)
- .: 0.003227230554304207 (82185)
