Texto: 
parathyroid adenoma
adult patient, actual age and gender unknown.


Keywords by value: 
- actual: 0.56149646312284
- gender: 0.5204069064189256
- parathyroid: 0.4922110038458493
- adult: 0.3893562664375675
- adenoma: 0.3244085774369102
- unknown: 0.303170863693137
- age: 0.2364463932313006
- patient: 0.07787199371967164
- ,: 0.024610005956117034
- and: 0.016364455066565316
- .: 0.003227230554304207
