Texto: 
non-contributory
surgery
• large bifrontal, calcified, mass arising from the ethmoid roof
• profuse enhancement
• reactive hyperostosis (sclerotic bony changes)
• multiple "spoke-wheel" flow voids within center of mass.
• massive amount of associated intraaxial vasogenic edema
meningioma ethmoid roof
• meningioma
• olfactory neuroblastoma
• metastatic disease
• hemangiopericytoma
55 year old woman with syncope.
history of lymphoma treated many years previously


Keywords by value: 
- •: 0.19587679394948598
- roof: 0.14383145178444756
- ethmoid: 0.1385243618743723
- spoke-wheel: 0.12243775588842358
- profuse: 0.1128107117139799
- meningioma: 0.0912802593459743
- bifrontal: 0.0891336548773351
- olfactory: 0.08681345925701335
- syncope: 0.0808303632001737
- intraaxial: 0.07888922511162984
- hyperostosis: 0.07773114720969856
- hemangiopericytoma: 0.07086036607308598
- voids: 0.06782906654503017
- massive: 0.06782906654503017
- vasogenic: 0.06424810669361211
- neuroblastoma: 0.05933643946800687
- center: 0.05820202237058648
- 55: 0.057537355409785995
- reactive: 0.05617824721528935
- sclerotic: 0.053126192183163355
- calcified: 0.05094477704379229
- previously: 0.049857940975740235
- amount: 0.04956242155286128
- arising: 0.04913060784355529
- many: 0.04878074327649198
- bony: 0.047463273922899236
- non-contributory: 0.04383383622509551
- flow: 0.03922297051192383
- treated: 0.035525706056720265
- years: 0.0348505991252567
- changes: 0.03401455522548695
- lymphoma: 0.03391942547763174
- edema: 0.03356838179765682
- mass: 0.033012805748543456
- enhancement: 0.031812343973931054
- metastatic: 0.02987651949466792
- ``: 0.029168542189330793
- surgery: 0.028819431449448263
- '': 0.028607631971975595
- associated: 0.028006424470940303
- woman: 0.027415318715123697
- large: 0.025951978219876104
- multiple: 0.024997305603878733
- within: 0.022640714005362245
- disease: 0.019399132516884778
- from: 0.017589384904919615
- history: 0.016391868579265046
- year: 0.013279239851012703
- old: 0.012151869400864646
- (: 0.010032801753386951
- ): 0.009910245723795903
- ,: 0.007519724042146871
- of: 0.004854325033249517
- the: 0.001920128954217025
- with: 0.0016250580012484685
- .: 0.0009860982249262854
