Texto: 
bump in occipital scalp
surgical removal.  no chemo or radiation therapy contemplated at this time.
ct shows a soft tissue mass, with bone erosion, in the midline occipital bone. 
mri--isointense mass in the same location, with bone erosion and with both intracranial extradural and scalp components. no enhancement of mass.
langerhan cell histiocytosis
dermoid
metastatic disease
brown tumor
eosinophilic granuloma
5 year old girl who developed a bump on her head following a fall.


Keywords by value: 
- bump: 0.13814304576000136 (30)
- scalp: 0.11356551476240527 (92)
- erosion: 0.10154608832085255 (208)
- occipital: 0.09381658086268699 (226)
- bone: 0.07494475346328952 (2205)
- chemo: 0.07447778557857056 (489)
- contemplated: 0.07185256732781516 (15)
- langerhan: 0.07038005976365037 (85)
- extradural: 0.06632311286610061 (31)
- brown: 0.06632311286610061 (44)
- histiocytosis: 0.05594206368729505 (85)
- eosinophilic: 0.05389896375728516 (82)
- isointense: 0.04941644596617928 (116)
- granuloma: 0.04941644596617928 (365)
- components: 0.04930053659626149 (122)
- --: 0.04617846230287935 (461)
- dermoid: 0.04582985291927498 (441)
- fall: 0.04422673668962577 (368)
- intracranial: 0.04248837337517297 (292)
- mass: 0.041945682598149334 (5255)
- same: 0.041437807049905954 (239)
- removal: 0.03963271826235515 (264)
- midline: 0.03889564808633554 (381)
- developed: 0.03870665276276135 (313)
- girl: 0.03534561683517409 (357)
- location: 0.03506714925769286 (803)
- radiation: 0.032991191171321606 (533)
- her: 0.030228372452763948 (13092)
- 5: 0.02941365202875486 (8237)
- following: 0.028532679492954686 (761)
- head: 0.028512956594987014 (1929)
- time: 0.02839530855575662 (1157)
- shows: 0.02763969058504563 (912)
- cell: 0.027155773077429248 (1988)
- enhancement: 0.02694692666027101 (898)
- therapy: 0.026878127014595448 (1469)
- who: 0.026211393048725905 (941)
- both: 0.025672941066895546 (1020)
- metastatic: 0.025307169454306944 (1079)
- soft: 0.02448149134110059 (1339)
- tissue: 0.023828484570030513 (1668)
- tumor: 0.02343802707777425 (2333)
- mri: 0.02309736299899553 (1820)
- surgical: 0.02113202082648769 (1704)
- no: 0.0202457447224424 (35870)
- disease: 0.016432206367243577 (3336)
- in: 0.01487284341671488 (113220)
- ct: 0.014062395922259328 (27172)
- a: 0.013997640064185928 (549576)
- at: 0.0136207429744898 (83424)
- or: 0.011782620576043618 (60128)
- this: 0.011307496627225095 (5602)
- year: 0.011248297285563702 (4271)
- old: 0.010293348198379466 (3947)
- ,: 0.009554472900610143 (45533)
- on: 0.008516364851357977 (91641)
- and: 0.004235506017228669 (31978)
- with: 0.004129559156113755 (23954)
- the: 0.003252924345967666 (67588)
- .: 0.002505849606871502 (82185)
- of: 0.0013706329505645696 (41955)
