Texto: 
• bitemporal hemianopsia.
• no endocrine abnormality
trans-sphenoidal resection of mass
» ct- sella and suprasellar mass with a fluid/fluid level
» mri - hemorrhagic pituitary mass with extension into suprasellar cistern and compression of the chiasm.
pituitary apoplexy and adenoma
• cranipharyngioma
• pituitary adenoma
• dermoid cyst
• meningioma
• metastatic disease
• aneurysm
79 year old woman with recent onset of headaches and visual problems


Keywords by value: 
- pituitary: 0.18355366846342466 (251)
- •: 0.17908735446810148 (8449)
- suprasellar: 0.1330467240173379 (91)
- cranipharyngioma: 0.1259359774852357 (1)
- »: 0.12029566394224019 (455)
- trans-sphenoidal: 0.1102415162185484 (4)
- adenoma: 0.10195698148017178 (638)
- fluid/fluid: 0.09813726107015978 (10)
- bitemporal: 0.08632756716752452 (17)
- apoplexy: 0.08632756716752452 (25)
- hemianopsia: 0.08177822815154547 (27)
- ct-: 0.08114320297196212 (72)
- 79: 0.07783175134257177 (111)
- endocrine: 0.07555939856214766 (57)
- chiasm: 0.0725406972240447 (55)
- sella: 0.07033854465508388 (206)
- cistern: 0.06524318831310198 (163)
- hemorrhagic: 0.05696006695234567 (182)
- problems: 0.056510085994354656 (144)
- dermoid: 0.055650535687691044 (441)
- visual: 0.055341085733674196 (597)
- mass: 0.05093404315489562 (5255)
- aneurysm: 0.048249130214904325 (855)
- meningioma: 0.04694413337792964 (444)
- headaches: 0.046663461986732546 (322)
- compression: 0.045696390375713235 (537)
- abnormality: 0.04503654205472217 (336)
- extension: 0.043576104588309336 (611)
- recent: 0.041038843554854244 (581)
- onset: 0.03853458894178786 (524)
- resection: 0.03807022365028884 (574)
- level: 0.03518412896638474 (1166)
- cyst: 0.03280530194323004 (3901)
- metastatic: 0.030730134337372716 (1079)
- into: 0.029047519542281526 (1299)
- woman: 0.028198613535555802 (987)
- mri: 0.02804679792735171 (1820)
- -: 0.02616754941011948 (21459)
- disease: 0.01995339344593863 (3336)
- year: 0.013658646703898781 (4271)
- old: 0.01249906566946078 (3947)
- no: 0.0122920592957686 (35870)
- and: 0.010286228898983911 (31978)
- a: 0.005665711454551446 (549576)
- with: 0.005014464689566703 (23954)
- of: 0.004993020034199504 (41955)
- the: 0.0019749897814803686 (67588)
- .: 0.0010142724599241793 (82185)
