Texto: 
pre-procedure h/h - 7/21
post-procedure h/h - 5/15
patient was managed conservatively with blood transfusions.
axial noncontrast ct images demonstrate a hyperdense subcapsular fluid collection on the left with mass effect on the kidney.
renal injury
subcapsular hematoma
75 year old female with known follicular lymphoma admitted for acute rise in her creatinine.  ultrasound evaluattion showed new, bilateral hydronephrosis.  pt subsequently underwent placement of bilateral nephroureterostomy tubes.


Keywords by value: 
- h/h: 0.16389876931261046 (22)
- subcapsular: 0.16389876931261046 (33)
- 7/21: 0.12076052635570544 (1)
- 5/15: 0.12076052635570544 (2)
- evaluattion: 0.12076052635570544 (1)
- nephroureterostomy: 0.12076052635570544 (1)
- pre-procedure: 0.11126535949871989 (2)
- post-procedure: 0.10177019264173434 (4)
- transfusions: 0.08116639268589498 (20)
- follicular: 0.07722554237833633 (43)
- rise: 0.07561207613646807 (224)
- tubes: 0.07129589741537361 (51)
- creatinine: 0.06663390007376808 (66)
- conservatively: 0.06513801936191889 (62)
- managed: 0.06295905094233413 (76)
- noncontrast: 0.06256196139612519 (83)
- 75: 0.059902289965427145 (204)
- hydronephrosis: 0.05896793037602258 (145)
- hyperdense: 0.05852361153008896 (126)
- bilateral: 0.05681692409080668 (2204)
- subsequently: 0.05306679453913964 (152)
- admitted: 0.05056923896661971 (192)
- -: 0.05018434133447571 (21459)
- collection: 0.0495482382561736 (331)
- placement: 0.047512477989712726 (657)
- pt: 0.04352279115935277 (6984)
- hematoma: 0.04165708052632999 (649)
- effect: 0.041446003466701985 (544)
- kidney: 0.041238129521233007 (1021)
- new: 0.04079161612055559 (569)
- underwent: 0.04016706897915369 (413)
- showed: 0.03838086668388625 (635)
- injury: 0.037317925231353424 (916)
- known: 0.03704179567758657 (769)
- her: 0.03519741997924569 (13092)
- renal: 0.03517089793778177 (1899)
- ultrasound: 0.03472770664392196 (868)
- lymphoma: 0.0334547758135546 (867)
- axial: 0.03340810241188865 (1143)
- fluid: 0.03326902883018977 (1076)
- blood: 0.031950836609716426 (1000)
- acute: 0.028902456563102672 (1548)
- demonstrate: 0.026937700566206035 (3313)
- female: 0.02406520919791553 (1301)
- images: 0.022455669752730875 (1966)
- on: 0.019832630475765153 (91641)
- ct: 0.016374022649206066 (27172)
- mass: 0.016280287766404992 (5255)
- was: 0.013538048249502558 (7680)
- left: 0.013097332455793352 (7401)
- year: 0.013097332455793352 (4271)
- old: 0.01198540543646924 (3947)
- patient: 0.01173413603995052 (8535)
- for: 0.009987782858119385 (12260)
- in: 0.005772564796441848 (113220)
- a: 0.005432873997515086 (549576)
- with: 0.004808390798214646 (23954)
- the: 0.003787651635715775 (67588)
- ,: 0.003708357061880649 (45533)
- .: 0.002431475075160704 (82185)
- of: 0.001595942476684773 (41955)
