Texto: 
relatively homogeneous mass in the region of third ventricle and hypothalamus
chordoid glioma
• hypothalamic glioma (astrocytoma)
• langerhan histiocytosis
• germ cell neoplasm
• hypothalamic hamartoma
• chordoid glioma
46 y.o. woman with progressive headache over several months.


Keywords by value: 
- chordoid: 0.3589258667580646
- glioma: 0.26879119490976217
- hypothalamic: 0.262207655517142
- •: 0.18221097111580092
- hypothalamus: 0.1405332488773655
- langerhan: 0.1391233739514019
- histiocytosis: 0.11058314914930417
- hamartoma: 0.10866008599011548
- 46: 0.10523392983297924
- germ: 0.10281556440218742
- homogeneous: 0.09406590231397287
- relatively: 0.08503402615702253
- third: 0.0796848068406976
- progressive: 0.07854509569868146
- astrocytoma: 0.07717093485286736
- ventricle: 0.07447419343205645
- headache: 0.06825547529222786
- neoplasm: 0.06767805990492856
- several: 0.06388587990052064
- y.o: 0.05735766122294651
- region: 0.056130261098588666
- months: 0.05427770452767598
- cell: 0.05368001654840666
- over: 0.05059633930558052
- woman: 0.045904719709044334
- mass: 0.027638628068548013
- (: 0.01679910991264792
- ): 0.01659389981658849
- in: 0.009799935584657091
- and: 0.0041862559472608946
- the: 0.0032150996442703674
- with: 0.0027210273509276684
- of: 0.002709390716232289
- .: 0.0016511412138300592
