Texto: 
left hydronephrosis, delayed left urogram, bladder filling defect with mass at the left ureterovesical junction (uvj).
transitional cell carcinoma
transitional cell carcinoma
adenocarcenoma
thrombus
metastasis
hematuria


Keywords by value: 
- transitional: 0.33754835390389604
- adenocarcenoma: 0.28437156206343545
- urogram: 0.26201197559375977
- ureterovesical: 0.22160026693261886
- uvj: 0.20702010165058476
- carcinoma: 0.15625339806553978
- cell: 0.14891875558590234
- thrombus: 0.13921641140762042
- hydronephrosis: 0.13885996507902093
- hematuria: 0.13075304803770135
- junction: 0.11545407939150158
- delayed: 0.11219291433113483
- bladder: 0.11188422236287192
- filling: 0.11097548439620429
- defect: 0.10318539762257828
- metastasis: 0.10318539762257828
- left: 0.0925263163812498
- mass: 0.038337451837018206
- at: 0.03734719847843977
- (: 0.02330199116915679
- ): 0.02301734490688081
- ,: 0.017465165517244346
- the: 0.004459654345278252
- with: 0.003774328260964185
- .: 0.0011451463257208475
