Texto: 
large occipital-cervical mass
surgical repair of encephalocele
typical findings of a chiari 3 malformation with associated occipital-cervical encephalocele

no associated congenital malformations.
chiari 3 malformation cervical-occipital encephalocele
none
premature male born to a diabetic and hypertensive mother treated for eclampsia.  delivered by c-section.  no spontaneous breathing noted a time of birth.


Keywords by value: 
- encephalocele: 0.5133314554628919
- chiari: 0.2971122225592231
- malformation: 0.2191200646988509
- eclampsia: 0.18472076862235418
- delivered: 0.15973607673654328
- diabetic: 0.1507711226032261
- associated: 0.14974485055208075
- hypertensive: 0.1475183585724053
- malformations: 0.14331923801047497
- premature: 0.1401015478745337
- breathing: 0.13899458957971733
- born: 0.13562425690916632
- birth: 0.12693202743929705
- spontaneous: 0.12360676710910085
- mother: 0.12137520379999968
- repair: 0.10989429859307495
- typical: 0.10978237723053126
- congenital: 0.10206620194264912
- no: 0.09238784318544198
- treated: 0.08846023021579393
- time: 0.08419821739824968
- of: 0.08339725378103438
- none: 0.0776309020845363
- noted: 0.07531613342875611
- large: 0.07117545406958983
- findings: 0.07010870511088088
- surgical: 0.06904224585956603
- male: 0.0632473264701754
- by: 0.060323815017379524
- mass: 0.05426033919054044
- for: 0.04305508309727191
- to: 0.03551289591322411
- and: 0.029353451266721606
- with: 0.027815694540098693
