Texto: 
• bilateral lower extremity weakness
• bilateral supraclavicular adenopathy
• posterior thoracic soft tissue mass
radiation and chemotherapy
posterior paraspinal mass with epidural infiltration of the thoracic spinal canal compressing the spinal cord.
hodgkin lymphoma
• metastatic thyroid cancer
• epidural hematoma
• infection
• lymphoma
15 year old  with three month history of back pain. no trauma.  pain temporarily improved with chiropractic manipulation.  
now presents with bilateral lower extremity weakness.


Keywords by value: 
- epidural: 0.2914752881723128
- bilateral: 0.25871363584573887
- thoracic: 0.23981639238655525
- weakness: 0.23421693946900476
- extremity: 0.23114400232115284
- spinal: 0.2278764222927169
- temporarily: 0.22137300883009667
- lymphoma: 0.1911294013392548
- supraclavicular: 0.17530774913701644
- compressing: 0.17305618078968973
- manipulation: 0.17030965091905903
- posterior: 0.16595194999254
- lower: 0.16399190345062722
- hodgkin: 0.1639021829099814
- chiropractic: 0.15912299309234007
- infiltration: 0.15825739902808894
- paraspinal: 0.15620323210473358
- improved: 0.14239412748232094
- adenopathy: 0.13497664652682015
- thyroid: 0.12610347880797762
- with: 0.12568139429888467
- canal: 0.12350905251836487
- mass: 0.1225839440170481
- cord: 0.118943658701386
- pain: 0.11483798964842512
- chemotherapy: 0.11393821114635845
- hematoma: 0.11231077969424351
- now: 0.11014897988096854
- 15: 0.10843003744214606
- three: 0.10771423323445525
- back: 0.10701619276396776
- cancer: 0.10687863949487794
- radiation: 0.10633505567199562
- month: 0.09761052548512919
- infection: 0.09692797167801606
- trauma: 0.09318985715328214
- metastatic: 0.08800505204141557
- soft: 0.08542623582747717
- tissue: 0.08417443473531448
- presents: 0.07719021704633083
- the: 0.06403572792774584
- of: 0.06280317226897679
- history: 0.06130554478923424
- no: 0.05218022208233102
- year: 0.04945104487984948
- old: 0.04749012098864841
- and: 0.03315738420056043
