Texto: 
periorbital edema and erythema around the right eye and orbit.
surgery
• mixed signal intensity mass, probably arising from the right orbital roof.  
• the lesion has some small areas - some linear - of t1-shortening suggestive of blood products or perhaps lipid material.
• there is faint peripheral rim enhancement, that may be in the surrounding tissue, or a rim of this lesion.
• no internal contrast enhancement
dermoid cyst
• subacute blood products - hematoma
• atypical lipoma
• epidermoid tumor
• dermoid cyst
• mucocele of frontal sinus
• metastatic disease
25 y.o. woman with a two day history of painful and swollen right eye.  brought in by her spouse, she denies any history of trauma.
due to the presentation of this patient with acute onset of periorbital swelling and edema; and, with the mri findings - spouse abuse was as a diagnositic consideration.  in this clinical context, the mri findings were consistent with subacute or chronic hematoma.


Keywords by value: 
- spouse: 0.3163463538792521
- periorbital: 0.24088236004076272
- products: 0.21888538266530508
- subacute: 0.1937307180524753
- dermoid: 0.1748641725545716
- eye: 0.1656078732119776
- rim: 0.16485571136742005
- of: 0.16204710761737554
- hematoma: 0.14489424933630785
- the: 0.14457396983259566
- diagnositic: 0.14279874124763442
- context: 0.1315661169894856
- some: 0.13025136341816443
- edema: 0.12346785828079505
- blood: 0.12022598752089914
- lipid: 0.11970045452240395
- cyst: 0.11941890066423423
- enhancement: 0.11915381175804865
- perhaps: 0.1189887846830707
- faint: 0.11579720369745207
- mucocele: 0.11579720369745207
- roof: 0.11163151692470925
- or: 0.10802486901459951
- abuse: 0.10786384771396645
- and: 0.10694241253544609
- this: 0.10670074824996555
- mri: 0.10626275927407486
- consideration: 0.10443000338401989
- right: 0.10295069524862159
- findings: 0.10216984702979555
- brought: 0.1020854235742911
- probably: 0.10050657995560502
- swollen: 0.10000941858370069
- lesion: 0.09924724755890776
- orbit: 0.09586260363267572
- erythema: 0.09366047994185885
- painful: 0.09154248822614176
- orbital: 0.09078946502864513
- epidermoid: 0.08992524193715086
- lipoma: 0.0897851234420715
- material: 0.08718852215121271
- mixed: 0.08568038097913115
- atypical: 0.08491740501245996
- suggestive: 0.08428802671982275
- denies: 0.08348143815517248
- linear: 0.08338308964911637
- around: 0.08261492182450342
- arising: 0.08224269841438528
- with: 0.0810719653627816
- history: 0.07909143642820585
- in: 0.07724764892331473
- sinus: 0.0747935557511533
- peripheral: 0.07401621015003795
- intensity: 0.07349691463151474
- 25: 0.07332706701123429
- presentation: 0.07125258510411699
- areas: 0.07027416724933942
- internal: 0.06975770857162174
- swelling: 0.06966536610797038
- surrounding: 0.06903180157585305
- any: 0.06689459836554505
- frontal: 0.0666199622371668
- onset: 0.06646487364393111
- day: 0.06593227027373248
- clinical: 0.06559795724590647
- her: 0.06466538714598656
- she: 0.06161533228064915
- two: 0.06146816801131653
- chronic: 0.061438877843623056
- trauma: 0.06011299376044957
- due: 0.05949784146222672
- signal: 0.05867525279770209
- metastatic: 0.056768486462556306
- consistent: 0.05612394546865482
- acute: 0.05599340350312304
- surgery: 0.05564981444539248
- tissue: 0.05429751074422713
- tumor: 0.05414023777744798
- woman: 0.05390685507531207
- small: 0.053392466946457946
- were: 0.05335493796731759
- may: 0.05208805483957166
- contrast: 0.050292004234797565
- has: 0.04727904396972508
- that: 0.044918215525678436
- by: 0.04395513326648796
- disease: 0.04344861874793897
- be: 0.04198870725382933
- as: 0.04158249020574179
- there: 0.04118516834847681
- from: 0.04110864633756105
- mass: 0.039536962964260645
- was: 0.03607326180958664
- patient: 0.03366567530021325
- no: 0.03365934298294568
- is: 0.028346132535668925
- to: 0.025876580784802133
