Texto: 
obtunded - but with no focal neurological signs or symptoms
• abnormal white matter signal intensity (t2w and flair) in the posterior frontal and parietal lobes - vasogenic edema?
• no mass effect or hemorrhage. 
• no restricted diffusion.
posterior reversible encephalopathy syndrome
• autoimmune vasculitis
• posterior reversible encephalopathy syndrome (pres)
• stroke
• viral encephalitis 
• metastatic disease
49 year old woman, with lupus, presents with a first time seizure.
posterior reversible encephalopathy syndrome has become a little bit of a misnomer, because the lesions are not limited to the posterior brain (occipital lobe) and the lesions are not always reversible. pmid: 17885064 

in the original reports, a unifying theme has been elevated blood pressure, and lack of other causes for the abnormalities. 

more recent reports have also implicated underlying autoimmune dysfunction of endothelial cells, causing a breakdown in the blood-brain-barrier.  pmid: 20435835


Keywords by value: 
- reversible: 0.41896645724380877
- encephalopathy: 0.2862268098809209
- posterior: 0.23417770391181209
- autoimmune: 0.20265229729257517
- pmid: 0.1987984440852696
- syndrome: 0.16380696958688498
- 17885064: 0.1448442786993087
- 20435835: 0.1448442786993087
- reports: 0.14085929208331247
- misnomer: 0.13840644097343385
- unifying: 0.13840644097343385
- theme: 0.13840644097343385
- the: 0.1265067125102246
- bit: 0.1209630469632876
- implicated: 0.11777686559307918
- endothelial: 0.11394777609467735
- brain: 0.1129246390621885
- breakdown: 0.1128523306371199
- pres: 0.11182760984649445
- obtunded: 0.11086503262433156
- blood: 0.10520147200201682
- lesions: 0.10403300600629654
- original: 0.09613077281234796
- lupus: 0.09438421583634819
- t2w: 0.09137949542951135
- encephalitis: 0.09006654435865624
- vasogenic: 0.08908914897258667
- little: 0.08908914897258667
- no: 0.08835891061766742
- dysfunction: 0.08794637811047336
- 49: 0.08549882580025966
- always: 0.08549882580025966
- stroke: 0.08422793478439351
- vasculitis: 0.08405440670226294
- viral: 0.08354491930655765
- has: 0.0827412629003949
- become: 0.08037393914523992
- restricted: 0.0778483637715173
- occipital: 0.07750192832331003
- lack: 0.07750192832331003
- flair: 0.07705146799852393
- diffusion: 0.0762926640165345
- lobes: 0.07556847575923921
- seizure: 0.07536749001890905
- and: 0.07486234515625113
- neurological: 0.07439903979446964
- causing: 0.07439903979446964
- underlying: 0.07393610141936507
- parietal: 0.07313537739765551
- limited: 0.07229062172401365
- not: 0.07151130921543977
- cells: 0.06978441525964453
- matter: 0.06896297373542878
- pressure: 0.06896297373542878
- are: 0.06873587788075963
- causes: 0.06843804455642698
- in: 0.06759409128592153
- abnormalities: 0.06560787947989973
- intensity: 0.06431208232328182
- effect: 0.0635350386362727
- signs: 0.06329980971947476
- because: 0.06329980971947476
- or: 0.0630167429826569
- elevated: 0.061744109964491964
- recent: 0.06132625265213386
- first: 0.06112137675829324
- hemorrhage: 0.060640198678169006
- white: 0.05975681195170362
- frontal: 0.05829453545432859
- abnormal: 0.05441441968338623
- focal: 0.05417605164805817
- edema: 0.054019104787216395
- time: 0.05368428362251003
- with: 0.05320536518432767
- of: 0.05317359397459842
- been: 0.05276824867807612
- lobe: 0.05234102124949828
- signal: 0.05134266801789171
- more: 0.049733692381206784
- metastatic: 0.04967418827106195
- symptoms: 0.049555844904758756
- woman: 0.047170171955846114
- other: 0.04703547200503415
- have: 0.04524566112419852
- but: 0.04478797485030741
- presents: 0.04356978702130767
- also: 0.04260245339744954
- disease: 0.038018890449479925
- mass: 0.03459607018496242
- year: 0.027912494300967695
- for: 0.02745166541296315
- old: 0.02680565667861273
- to: 0.02264281163394123
