Texto: 
non contributory
supportive care only.
the left cerebral hemispheric cortex is  severely thickened with broad gyri and shallow sulci. heterotopias and gliosis are seen in the white matter. both the heterotopia and gliosis appear as areas of prolonged t1 and t2 relaxation times. 

there is marked deformity of the left lateral ventricle and left to right shift due to the hamartomatous enlargement of the left cerebral hemisphere
hemimegalencephaly
• gliomatosis cerebri
• hemimegalencephaly
• gliosarcoma
1 week old baby boy presents with seizure.
cranial ultrasound reveals left hemisphere, mass thought to be neoplastic.
initial cranial ultrasound was interpreted as a large left hemisphere tumor.  mri was required to make the actual diagnosis of hemimegalencephaly.


Keywords by value: 
- hemimegalencephaly: 0.45058672534065397
- hemisphere: 0.29311644408761406
- gliosis: 0.25350223263713684
- left: 0.2136886560819454
- cranial: 0.1706674616557854
- the: 0.14582787342129844
- cerebral: 0.14466529597244443
- heterotopias: 0.14159327238075933
- gliomatosis: 0.14159327238075933
- hamartomatous: 0.13943753300672632
- gliosarcoma: 0.13943753300672632
- relaxation: 0.13135083142430132
- actual: 0.13008808039429795
- gyri: 0.12890685569260144
- ultrasound: 0.1287977154109498
- hemispheric: 0.12779726564376942
- shallow: 0.12148577766150596
- cerebri: 0.1207386277818696
- heterotopia: 0.12002078556332765
- interpreted: 0.11565723670775836
- severely: 0.11213632504907761
- and: 0.10786993410117468
- sulci: 0.10733436887516976
- to: 0.10440404317960006
- make: 0.10137828294225262
- prolonged: 0.10112582886468796
- neoplastic: 0.09649827705329611
- broad: 0.09429932011386356
- baby: 0.09412746316628796
- times: 0.09395720491115717
- shift: 0.09172630062473618
- thought: 0.09014626961582341
- thickened: 0.08806714245261768
- supportive: 0.08722687415591641
- seizure: 0.0868782420827681
- deformity: 0.0853337308278927
- cortex: 0.08501906467438011
- as: 0.08388627808016559
- appear: 0.08222743795449064
- of: 0.08172627868376592
- enlargement: 0.08004196237498455
- matter: 0.0794955746228377
- reveals: 0.07941883392155322
- marked: 0.07896502644800368
- ventricle: 0.07685083676364829
- care: 0.07459921395623802
- required: 0.0745404574677585
- was: 0.07277225717953177
- boy: 0.07141986231149797
- contributory: 0.07137046246924766
- areas: 0.0708836616874397
- week: 0.07022318583138883
- initial: 0.07003877489657007
- white: 0.06888337098040598
- only: 0.06522623610863934
- t1: 0.06505075412733889
- t2: 0.06006699995418569
- due: 0.060013871816902174
- both: 0.05822127997377015
- is: 0.0571839623990584
- tumor: 0.054609801133292536
- diagnosis: 0.054122741246521895
- mri: 0.05359219307168788
- large: 0.05231201926031875
- lateral: 0.05181384089131755
- presents: 0.05022412851193698
- non: 0.04953798538186913
- seen: 0.04915296439466966
- be: 0.042352879246695896
- there: 0.04154237117311585
- with: 0.04088755505790259
- mass: 0.039879870749145424
- are: 0.03961689739699428
- right: 0.034614532092082984
- old: 0.030899640276302202
- in: 0.025972541673824567
