Texto: 
elevated serum growth hormone
transphenoidal surgery
• markedly thickened clavaria
• empty sella without obvious evidence of pituitary adenoma
acromegaly
• fibrous dysplasia
• pagets disease
• hyperostosis frontalis internica
• acromegaly
50 year old woman with increase in glove and shoe size and enlarging head over past 10 years.
the surgeon encountered excessive bleeding and large amount of csf leakage upon incising dura.  csf leak likely resulted from empty sella.

surgery abandoned due to excessive bleed, probably from abnormal bone.


Keywords by value: 
- acromegaly: 0.30482141468903085
- empty: 0.26792194632108035
- excessive: 0.2528108867655247
- sella: 0.24260076604335198
- clavaria: 0.18743765051143446
- internica: 0.18743765051143446
- incising: 0.18743765051143446
- abandoned: 0.18743765051143446
- csf: 0.18522433172379654
- glove: 0.1686109021279895
- frontalis: 0.16486479627399162
- transphenoidal: 0.15436901676655523
- pagets: 0.15436901676655523
- shoe: 0.15241070734451542
- leakage: 0.14118103920272274
- hyperostosis: 0.13473641225877098
- encountered: 0.13321373818119764
- dura: 0.1274870982438434
- surgery: 0.12602963146837326
- leak: 0.12537789440517572
- bleed: 0.12010314939956529
- hormone: 0.11934207359963618
- resulted: 0.11934207359963618
- surgeon: 0.11380817131368028
- probably: 0.11380817131368028
- enlarging: 0.109452882717838
- obvious: 0.10899627065140265
- pituitary: 0.1081124054578435
- serum: 0.10510018823820193
- markedly: 0.1034843316998565
- thickened: 0.09886496539957174
- growth: 0.0966450697555686
- bleeding: 0.09579641294998341
- increase: 0.09408794749450662
- amount: 0.09376266316955652
- adenoma: 0.09344244841754773
- from: 0.09309837956729188
- upon: 0.0922092765341214
- fibrous: 0.09104594525290521
- dysplasia: 0.08976707136793284
- 50: 0.08185361143394501
- elevated: 0.07990078040078816
- size: 0.0793600466308336
- past: 0.07629211116212888
- and: 0.07265745433925837
- years: 0.07184561026152132
- abnormal: 0.07041569795497726
- likely: 0.07003931162445542
- head: 0.06990413549620685
- 10: 0.06853602122509693
- due: 0.06737211172560315
- evidence: 0.06652620912285163
- over: 0.0651715987439519
- bone: 0.0639511582030862
- without: 0.0618216728613833
- woman: 0.0610411835732822
- large: 0.058725942844525855
- disease: 0.04919884696098902
- of: 0.045873327380035314
- year: 0.03612053164038545
- old: 0.034688213807089724
- to: 0.02930122923563687
- in: 0.029157008646023993
- the: 0.02338681156635955
- with: 0.022950368341106937
