Texto: 
not available
surgery
extradural, mixed signal intensity mass producing significant lumbar spinal stenosis.  the mass is in close proximity to the adjacent degenerated facet joint.
synovial cyst
• herniated disk
• hematoma
• epidural abscess
• facet osteoarthritis
• synovial cyst
71 year old man with long-standing bilateral leg pain, right worse than left


Keywords by value: 
- synovial: 0.36604060775911695
- facet: 0.3448677273243648
- degenerated: 0.23776074644633863
- proximity: 0.21131778537890442
- cyst: 0.20539221108616007
- extradural: 0.20465244148601058
- producing: 0.18302030387955848
- herniated: 0.18302030387955848
- disk: 0.17511052417867745
- 71: 0.17286433362698236
- osteoarthritis: 0.16261218894498622
- epidural: 0.16168970077002973
- close: 0.16108951731801383
- worse: 0.14913687387464547
- mixed: 0.14736430161493622
- lumbar: 0.1437523471691214
- mass: 0.13600165799036226
- stenosis: 0.1354203622791821
- leg: 0.13439282657941715
- intensity: 0.12640958608906955
- spinal: 0.12640958608906955
- hematoma: 0.12460402029880167
- available: 0.12078487956205314
- joint: 0.11730938610168722
- adjacent: 0.11539588881257293
- abscess: 0.11431496422557354
- significant: 0.10278776075623772
- signal: 0.10091735764712845
- than: 0.10091735764712845
- surgery: 0.09571381390966839
- bilateral: 0.09567724849523511
- man: 0.09424868891774835
- the: 0.07104490917327638
- not: 0.07028006769529456
- pain: 0.0637039259819125
- left: 0.06072823827941579
- right: 0.059022680698943425
- year: 0.054863825331643926
- old: 0.0526882639028228
- is: 0.04875337827478497
- to: 0.044505920864936765
- in: 0.044286862814614476
- with: 0.03485953674490116
