Texto: 
non contibutory
anticoagulation and plavix
short section irregular contour right proximal vertebral artery with intraluminal filling defect.
multiple small right cerebellar infarcts.
vertebral artery dissection with cerebellar infarcts
• fibromuscular dysplasia
• vasculitis
• thrombosis
• dissection
38 year old woman with 10 year history of sle (lupus). she presents now with a 1 week history of headache, left sided numbness, and nausea.  no trauma
the mra was interpreted as normal.  only after the catheter angiogram was the right vertebral luminal irregularity appreciated on the mra.


Keywords by value: 
- vertebral: 0.3120029570994961
- mra: 0.26936991872887933
- infarcts: 0.26651833776375505
- dissection: 0.24738869797123686
- cerebellar: 0.22290425315000187
- contibutory: 0.20125038595928899
- plavix: 0.1750211324694375
- artery: 0.16916747275917723
- luminal: 0.15749769517905812
- fibromuscular: 0.1556602583711651
- interpreted: 0.15086926650483284
- sle: 0.14454975945643153
- lupus: 0.14192349958800687
- intraluminal: 0.13911144193044978
- right: 0.13545894444122344
- irregularity: 0.13191374841558262
- anticoagulation: 0.12639078949029844
- vasculitis: 0.12639078949029844
- section: 0.1241624991891973
- appreciated: 0.12278471914162487
- contour: 0.12256262548973448
- angiogram: 0.1223425788130596
- numbness: 0.1210632605408983
- catheter: 0.1210632605408983
- 38: 0.12085655019843934
- short: 0.1170588972504772
- thrombosis: 0.11103929388998822
- the: 0.10870022947756856
- with: 0.10667167254477442
- filling: 0.1054674489271739
- irregular: 0.10514553534807318
- nausea: 0.10461847431014322
- dysplasia: 0.10430773375772406
- history: 0.10406576145048752
- defect: 0.09990342650915517
- was: 0.09492788670300757
- headache: 0.09388431214282716
- now: 0.09348858658475188
- week: 0.09160274652579102
- sided: 0.08760505064860709
- proximal: 0.0850844675067474
- only: 0.0850844675067474
- year: 0.08394282536165434
- she: 0.08107131138819312
- 10: 0.07963763266220233
- trauma: 0.0790945866108794
- woman: 0.07092876516290987
- small: 0.07025195115209232
- multiple: 0.06661402636852436
- after: 0.06606853051192965
- presents: 0.0655149443747008
- non: 0.06461990387661046
- and: 0.0562844428901255
- normal: 0.055605909002398195
- as: 0.05471279447802187
- of: 0.05330398715276507
- left: 0.046457751255905594
- no: 0.0442877929094507
- on: 0.04113204697656723
- old: 0.04030708493864774
