Texto: 
unremarkable
see topic discussion.
smooth protrusion of posterior pharyngeal wall at level of c5-c6 into pharyx lumen.
cricopharyngeal bar/shelf.
cricopharyngeal hyperplasia.
65 year-old woman complains of dysphagia.
none


Keywords by value: 
- cricopharyngeal: 0.5096794101971615
- pharyx: 0.30943097637876277
- pharyngeal: 0.21757536515786352
- protrusion: 0.1995767393153462
- topic: 0.18516492912686353
- hyperplasia: 0.1763997431137512
- dysphagia: 0.17476080287300977
- lumen: 0.17229284457706306
- discussion: 0.16944079031248951
- complains: 0.16836389148396458
- 65: 0.16556744641673699
- smooth: 0.1597512236679871
- unremarkable: 0.12971489137099945
- see: 0.12036207400558978
- wall: 0.11770157329688094
- level: 0.11687853032525766
- of: 0.11359480159575275
- none: 0.10574049528232358
- into: 0.10285540246675057
- woman: 0.10076968517722516
- posterior: 0.10005481226910852
- at: 0.07308323127317515
