Texto: 
limited range of motion in back
positive straight leg raising on both sides
lumbar laminectomy and disc removal
herniated intervertebal disc with inferior migration l4/l5.
reactive changes in adjacent marrow.
l4-l5 and l5-s1 herniated discs
• hnp (herniated nucleus pulposis)
• epidural hematoma
• epidural abscess
32 year old woman with worsening low back and bilateral leg pain


Keywords by value: 
- herniated: 0.4038487014579884
- epidural: 0.2378540315325833
- disc: 0.22752057460925917
- intervertebal: 0.20940495172275517
- leg: 0.19769889769564578
- pulposis: 0.18837174774492763
- hnp: 0.17758294255421603
- back: 0.17465791386836133
- raising: 0.16473711468822488
- laminectomy: 0.16315340213005794
- discs: 0.15436191937965005
- nucleus: 0.1480205984232555
- sides: 0.1443693117175895
- migration: 0.13845091479538046
- straight: 0.1265173153406944
- reactive: 0.1123791352957473
- 32: 0.11221219108783492
- marrow: 0.10881672482357974
- lumbar: 0.10573362172609325
- limited: 0.10451233758118253
- range: 0.10161128375999073
- motion: 0.10150670623328331
- removal: 0.10009054717385969
- worsening: 0.09999265906215205
- hematoma: 0.09164952508444293
- inferior: 0.08908207784361584
- positive: 0.08628413030643266
- adjacent: 0.08487670286246134
- abscess: 0.08408165447788249
- and: 0.08117275625625983
- changes: 0.07913595535303308
- low: 0.07513529587068574
- both: 0.07301975611674544
- bilateral: 0.07037312572216307
- woman: 0.06819508281492902
- in: 0.06514829834071295
- with: 0.051280207166230635
- pain: 0.046855908406937125
- year: 0.04035378251763641
- on: 0.039546767005910706
- old: 0.03875360002540742
- of: 0.025624792775537985
