Texto: 
tender mass right parietal bone.
multimodality approach with chemotherapy and radiation therapy.
mr - enhancing mass right parietal bone.
nm bone scan - increase uptake right parietal bone
metastatic neuroblastoma
• osteomyelitis
• trauma
• langerhans histiocytosis
• metastasis
9 year old boy with 2 year history of ??????????.
developed a new painful mass of the right parietal bone.
this 9 year old boy had 2 year history of neuroblastoma, when he developed a painful mass of the right parietal bone, metastasis was the primary concern.


Keywords by value: 
- parietal: 0.5054637152688468
- bone: 0.4098610537380127
- neuroblastoma: 0.23004855452119866
- painful: 0.22144641107660706
- right: 0.20753625285934274
- mass: 0.19128425986577013
- developed: 0.18576853884233577
- multimodality: 0.18500107686846856
- metastasis: 0.18351705102671237
- boy: 0.17128309652637036
- nm: 0.1608896193030646
- year: 0.1543302688664589
- langerhans: 0.13139841147803533
- histiocytosis: 0.12556697242383386
- approach: 0.12009200642056063
- concern: 0.11479917585667224
- osteomyelitis: 0.10793250617187745
- increase: 0.1005011386493917
- of: 0.09800025950399316
- uptake: 0.09626744437166762
- history: 0.09566330937309062
- tender: 0.09152462779882843
- chemotherapy: 0.08889657843987293
- new: 0.08661174797289957
- radiation: 0.0829644640050673
- mr: 0.08100673127609576
- enhancing: 0.07842706078910773
- primary: 0.0769812854883654
- when: 0.07562489309424206
- the: 0.07494268674322378
- scan: 0.0742766747618124
- he: 0.07413576131152354
- old: 0.07410524043006915
- trauma: 0.07270835098144394
- therapy: 0.07193252253184651
- metastatic: 0.06866307565471057
- had: 0.06237664391432772
- with: 0.049029407317847315
- was: 0.043631621328808164
- this: 0.04301918197950666
- and: 0.025869969133180747
