Texto: 
physical exam: (pertinent postives)
thyroid: non-palpable, non-tender.

labs:
tsh - <0.02 uiu/ml
free t4 - 63.4 pmol/l

24 hour radioactive iodine uptake: 0.4%
see factoid.
planar neck demonstrates a not well visualized thyroid gland which appears to be of normal contour.  there is diffusely decreased trapping throughout, thereby significantly confounding further assessment.
amiodarone thyrotoxicosis
1) excess iodine - jod basedow effect
2) factitious thyrotoxicosis
3) struma ovarii
4) subacute thyroiditis
72 year old female with known arrythmia is on amiodarone 200mg po qd. she has an abnormal tsh on routine screening.
see factoid.


Keywords by value: 
- amiodarone: 0.2807571056273288
- thyrotoxicosis: 0.26901797355046886
- iodine: 0.2380455398054291
- tsh: 0.20861000351600312
- postives: 0.1726402729836516
- thyroid: 0.1696762302807785
- 200mg: 0.16496699743283214
- jod: 0.15529981352183078
- basedow: 0.15529981352183078
- arrythmia: 0.15529981352183078
- factoid: 0.15078325815647106
- confounding: 0.14893220226462162
- factitious: 0.14893220226462162
- ovarii: 0.14893220226462162
- thereby: 0.14218226232605388
- struma: 0.14218226232605388
- see: 0.1343067947261252
- radioactive: 0.130035417545883
- excess: 0.12641976863358192
- qd: 0.12484180286423309
- trapping: 0.1226970998730678
- planar: 0.12139143557945754
- thyroiditis: 0.11958772606706805
- po: 0.11062153437135802
- pertinent: 0.1095795486772909
- t4: 0.10827388438368064
- assessment: 0.10562894188698559
- 72: 0.10405097611763674
- hour: 0.10236231027903672
- significantly: 0.10146096726200704
- subacute: 0.10102589922633369
- diffusely: 0.10039149481501958
- contour: 0.09715024154808564
- gland: 0.08769450817274586
- screening: 0.08769450817274586
- visualized: 0.08429737475164796
- free: 0.08403269035230874
- routine: 0.08359961364888943
- uptake: 0.08300948840773284
- throughout: 0.07939383949543177
- appears: 0.0790540704756554
- 24: 0.07653545910407528
- effect: 0.07572757800785211
- labs: 0.07479079683477989
- further: 0.0703115691733161
- known: 0.06989193721195594
- decreased: 0.06686827519307394
- neck: 0.06603781100818192
- on: 0.06520728946811613
- abnormal: 0.06485668852608686
- she: 0.06426182086514383
- is: 0.05912729912515179
- physical: 0.05853456918034816
- exam: 0.05434357044430471
- demonstrates: 0.054234389606518225
- well: 0.05227135191892076
- female: 0.052092278852335104
- has: 0.04930976336245317
- which: 0.04908728172812843
- normal: 0.044076466781762295
- be: 0.04379219723451791
- there: 0.04295414489782452
- not: 0.042617257841440596
- an: 0.04128084678873757
- year: 0.03326897464674717
- old: 0.031949732002247405
- to: 0.026988026152666208
- with: 0.02113853777335066
- of: 0.02112591504414581
