Texto: 
blood cultures positive for mrsa
spinal surgery and antibiotic.
• epidural mass at l3 with contiguous abscess in adjacent posterior paraspinal muscles. 
• septic effusion right shoulder.
spine, epidural abscess; septic arthritis right shoulder
» spine findings (extradural mass)
• hematoma
• trauma
• epidural abscess

» shoulder findings
• crystal arthropathy
• septic arthritis
43 year old man presents with back pain and bilateral leg weakness, as well as right shoulder pain and swelling.  pmh - known iv drug abuser.


Keywords by value: 
- shoulder: 0.3983126289050077
- septic: 0.36547998667431153
- epidural: 0.34928114063864674
- abscess: 0.2469425133859568
- arthritis: 0.20852026835142962
- abuser: 0.18031481312916212
- spine: 0.1693637064258587
- mrsa: 0.15691105826296775
- crystal: 0.1511170721659155
- extradural: 0.14736300015048578
- contiguous: 0.132222828358192
- arthropathy: 0.1297233441641503
- right: 0.12750044770878086
- l3: 0.12712034898425958
- findings: 0.12653339744017902
- paraspinal: 0.12478780716561884
- cultures: 0.1207434551790748
- antibiotic: 0.11996399454604417
- 43: 0.11996399454604417
- drug: 0.11664628954825633
- pmh: 0.11599487595851064
- muscles: 0.1098533747614916
- as: 0.10299660639055391
- mass: 0.09792999390271166
- leg: 0.09677153118547398
- effusion: 0.0951908034992526
- weakness: 0.09355574108025734
- pain: 0.09174189749112587
- iv: 0.09159383456675343
- spinal: 0.09102308146731669
- hematoma: 0.08972295726703372
- swelling: 0.08627785705683495
- back: 0.08549321192838504
- positive: 0.08447034863709661
- adjacent: 0.08309250677380774
- known: 0.08299372773434333
- and: 0.0794664209565447
- blood: 0.07444761396766857
- trauma: 0.07444761396766857
- surgery: 0.06892013929156171
- bilateral: 0.06889380982716095
- man: 0.06786515449471749
- posterior: 0.0662879367327763
- well: 0.06207002585017558
- presents: 0.06166580415820921
- with: 0.05020224416854449
- at: 0.04841882665106775
- year: 0.0395055042681029
- for: 0.03885327744073199
- old: 0.03793895926705206
- in: 0.031889406860854334
