Texto: 
dry mucous membranes with evidence of recent mucositis. diffuse rash.
wbc: 15.3, anc: 10.9, hgb: 15.3, plts: 131
ciprofloxacin, ditropan and pyridium. 
acyclovir, biotene, mycelex, pentamidine and voriconazole 
monthly dose ivgg (goal igg >1000) 
tacrolimus and keppra (seizure prophylaxis)
prednisone
* enhancement of gallbladder wall
* diffuse enhancement of walls of entire colon with bowel wall thickening 
* inflammatory changes and free fluid in right paracolic gutter 
* high attenuation of spleen
graft vs host (gvhd) of the skin and gi system.
* pseudomembranous colitis 
* typhilitis 
* cmv colitis 
* shock bowel
12 y.o. girsl with sickle-cell disease s/p bone marrow transplantation from her sibling 36 days prior. hemorrhagic cystitis.
colonoscopy with biopsy. findings revealed acute colitis with ulceration. no increase in epithelial apoptosis in the crypts as would be expected in gvhd.


Keywords by value: 
- gvhd: 0.2827189077895796
- colitis: 0.2622460334170457
- mucositis: 0.1413594538947898
- ditropan: 0.1413594538947898
- biotene: 0.1413594538947898
- mycelex: 0.1413594538947898
- ivgg: 0.1413594538947898
- typhilitis: 0.1413594538947898
- girsl: 0.1413594538947898
- crypts: 0.1413594538947898
- anc: 0.13507650483138792
- pyridium: 0.13507650483138792
- pentamidine: 0.13507650483138792
- tacrolimus: 0.13507650483138792
- voriconazole: 0.13061868152791822
- apoptosis: 0.12716092514223246
- keppra: 0.12194706609082417
- paracolic: 0.12194706609082417
- ciprofloxacin: 0.11987790916104667
- plts: 0.11805278340111446
- sibling: 0.11642015277536087
- acyclovir: 0.11359496009764478
- monthly: 0.11359496009764478
- gutter: 0.11359496009764478
- host: 0.11359496009764478
- bowel: 0.11345328772976947
- pseudomembranous: 0.1112062937239526
- diffuse: 0.11086654991963449
- wall: 0.10754081778443819
- 1000: 0.1056793804084893
- igg: 0.10420248636024854
- cystitis: 0.10420248636024854
- of: 0.10378856898416648
- transplantation: 0.1028541877307732
- enhancement: 0.10175480281184265
- shock: 0.10161387322490593
- goal: 0.10046552135708103
- cmv: 0.09888833143100094
- prophylaxis: 0.0974569459588738
- ulceration: 0.09657123866737133
- rash: 0.09533092416150404
- epithelial: 0.09493860804161773
- 131: 0.09346171399337697
- dry: 0.09311348228168553
- prednisone: 0.09311348228168553
- membranes: 0.09277290463734114
- graft: 0.09211341536390164
- colonoscopy: 0.09211341536390164
- and: 0.0913265294597845
- mucous: 0.09117399689547191
- in: 0.08795711658061316
- with: 0.08654215219116923
- spleen: 0.08604719233723745
- hgb: 0.08583046630049976
- walls: 0.08289803680013444
- dose: 0.08254584757111105
- entire: 0.08043322452860034
- expected: 0.07969166394194697
- gallbladder: 0.07898397662333789
- hemorrhagic: 0.07667457210547701
- gi: 0.07425188670817832
- seizure: 0.07355421509337706
- marrow: 0.07345706330787459
- 36: 0.0731692099710451
- increase: 0.07095810708048618
- free: 0.0688067448702263
- attenuation: 0.06763279303122441
- vs: 0.06743455161916345
- system: 0.06743455161916345
- colon: 0.0673037857880366
- skin: 0.06575602732195149
- would: 0.06257169587287706
- wbc: 0.06247604335291964
- biopsy: 0.06196025519306443
- 12: 0.06042477635281332
- thickening: 0.060135129433132234
- recent: 0.05985079743685397
- inflammatory: 0.05977050886848102
- revealed: 0.0579587356807055
- days: 0.05595651474714426
- her: 0.05522285540602403
- changes: 0.05342096898910925
- fluid: 0.051036100105701726
- high: 0.05023671982872082
- evidence: 0.050171929522362435
- prior: 0.04945597010580027
- bone: 0.04822990885161617
- acute: 0.04781716714018057
- findings: 0.043625430376257865
- disease: 0.03710418968484926
- be: 0.035857456542081514
- as: 0.03551055588471195
- the: 0.03527516379276493
- from: 0.03510590337163718
- right: 0.029305896134869776
- no: 0.02874435788055655
