Texto: 
moving all extremities.
fusion of cervical spine.
fracture dislocation though the c2-c3 disc.
fractures involving the transverse formamena at c2.
occlusion of the vertebral artery at the c2 level with distal reconsitutionvia muscular collateral branches.
c-spine fracture with left vertebral artery occlusion
none
44 year old male in car crash.  multiple injuries to chest and neck.


Keywords by value: 
- c2: 0.4648910906708664
- occlusion: 0.27606383879877033
- formamena: 0.24026130598445755
- reconsitutionvia: 0.24026130598445755
- vertebral: 0.2294536653262973
- spine: 0.19849239645437203
- artery: 0.1866140807098257
- crash: 0.18549471078948027
- fracture: 0.17076947571411963
- moving: 0.16341549649527906
- muscular: 0.15826013925045998
- car: 0.1515762797761093
- branches: 0.14898364732616207
- collateral: 0.14377347806343638
- 44: 0.13287052913080863
- injuries: 0.13093468265418734
- though: 0.13052315607686432
- disc: 0.13052315607686432
- dislocation: 0.1303197792739942
- fusion: 0.12620206700568223
- the: 0.11991071963214103
- transverse: 0.11575531252049326
- extremities: 0.11417234554922844
- at: 0.11349266189667974
- fractures: 0.11107027429339608
- cervical: 0.10760225370360853
- involving: 0.10523235269505073
- neck: 0.09190399460665276
- level: 0.09075170387310241
- all: 0.08943237136482517
- distal: 0.08729129831281032
- none: 0.08210344610384677
- chest: 0.07930258167260033
- multiple: 0.073484075220766
- male: 0.06689119050042358
- with: 0.05883647661409755
- of: 0.058801342825770736
- left: 0.051249039789159165
- year: 0.04630001539761359
- old: 0.044464041929777855
- to: 0.03755889803300014
- in: 0.03737403321466886
- and: 0.031044589710097353
