Texto: 
non-contributory
surgical removal
• 2.5 cm mass within the right lateral ventricle without hydrocephalus.
• mass has cystic and solid components.
• following contrast there is mil irregular enhancement of the mass.
atypical liponeurocytoma who ii
• central neurocytoma
• ependymoma
• choroid plexus papilloma
28 year old man with a longstanding history of behavior problems and learning disability.  the patient had a mri scan done to evalute a new onset (2 months) of headaches.


Keywords by value: 
- evalute: 0.27414711933394165
- liponeurocytoma: 0.26196220817875643
- learning: 0.23248663292613483
- behavior: 0.21359588126027657
- longstanding: 0.1994714785670462
- mass: 0.19644019908797913
- mil: 0.1917802485126055
- neurocytoma: 0.1917802485126055
- disability: 0.18900427426377903
- choroid: 0.1607692825703084
- papilloma: 0.15719134776167124
- components: 0.15569593037359025
- plexus: 0.15455096566002333
- problems: 0.14869973312519905
- ependymoma: 0.14480269556459402
- 28: 0.14227258105911722
- atypical: 0.14063794734529914
- hydrocephalus: 0.13993903936640495
- done: 0.13636110455776781
- ii: 0.13515887670078697
- irregular: 0.13234826073219277
- solid: 0.13142352042913308
- removal: 0.13103575132550166
- headaches: 0.12786948992129563
- ventricle: 0.12618390673739716
- new: 0.11859507957489386
- central: 0.11447630793935838
- onset: 0.110077355737326
- cystic: 0.10324390701550261
- following: 0.10283916435108628
- the: 0.10261695561957637
- scan: 0.10170500376798657
- of: 0.10064179091968764
- months: 0.09978366486629571
- enhancement: 0.09866968674773617
- cm: 0.09845176201775986
- who: 0.09696899601922489
- man: 0.09075492896366262
- without: 0.0904206464448808
- mri: 0.08799477763928794
- had: 0.08541061948027166
- lateral: 0.08507484293038907
- surgical: 0.08331851418834492
- contrast: 0.08329227962659956
- within: 0.0789534216623923
- has: 0.07830229498151334
- and: 0.07084607157240605
- there: 0.06820978027708773
- history: 0.06549456657455542
- right: 0.05683473431394151
- patient: 0.05575619591202309
- year: 0.05283004599664507
- old: 0.05073513173103597
- is: 0.046946110687312345
- to: 0.042856104768573614
- with: 0.03356730812192685
