Texto: 
orbital swelling and redness
pappilodema
anticoagulation and antibiotics
• flattening of optic globes.
• dilatation of  both optic nerve sheaths.
• negative mri brain
• positive mrv for segmental superior saggital sinus thrombisis.
superior sagittal sinus thrombosis
• thrombosis of the superior sagittal sinus (sss)
• septic thrombophlebitis of the sss
15 year old girl  presents with orbital cellulitis and headache.  s/p  renal transplant
the mri was interpreted as consistent with  pseudo-tumor cerebri.
mrv confirmed diagnosis of superior sagittal sinus thrombosis


Keywords by value: 
- sss: 0.34091517153624223
- sinus: 0.3224093791634784
- superior: 0.2900826142034353
- thrombosis: 0.27283685731040674
- mrv: 0.25959031955429607
- sagittal: 0.25731686719199914
- orbital: 0.1956811302825274
- optic: 0.19204045814770776
- pappilodema: 0.17838625056581062
- thrombisis: 0.17838625056581062
- sheaths: 0.1512779665718286
- globes: 0.14691450746090448
- saggital: 0.13898584266321495
- thrombophlebitis: 0.13062739147821845
- redness: 0.12899690635298935
- cerebri: 0.12899690635298935
- interpreted: 0.12356795838023069
- cellulitis: 0.11707324948122741
- mri: 0.11451558192974515
- transplant: 0.11155433654261782
- flattening: 0.11001381638323966
- of: 0.1091452390964967
- septic: 0.10600916538407949
- segmental: 0.10576922993895321
- anticoagulation: 0.10351910748423639
- dilatation: 0.09105767954448721
- confirmed: 0.08225001312761088
- antibiotics: 0.08217851581416569
- nerve: 0.07957629995374514
- girl: 0.07824801520401851
- headache: 0.07689500349661893
- 15: 0.07537595273805067
- swelling: 0.07507587789647512
- positive: 0.07350304929309738
- brain: 0.06953744787055033
- renal: 0.06946281230878837
- and: 0.06914881199093033
- negative: 0.06905733231795161
- the: 0.0667723739061301
- both: 0.0622034980726804
- consistent: 0.06048277232251689
- diagnosis: 0.05782462756457667
- presents: 0.05365935758371855
- as: 0.04481196513744403
- with: 0.0436841813403396
- was: 0.038874866382626515
- year: 0.034376264268096
- for: 0.033808720018355914
- old: 0.033013113336556855
