Texto: 
unremarkable abdominal exam.
none indicated
incidentally found on ct are two well-defined cysts with thin calcified rim in the posterior right hepatic lobe.  serpentine calcifications are noted within the matrix of one of the cysts.
echinococcal cyst (hydatid disease) of the liver
metastatic carcinoma
hepatic cystadenoma and cystadenocarcinoma
primary hepatic tumor
echinococcal cyst
liver abscess
injured in motor vehicle accident with comminuted tibial plateau fracture.  abdomen/pelvis ct imaging included in trauma work-up.
the patient's ct findings were consistent with type v cysts due to the presence of calcifications.  in turn, no treatment was indicated because these cysts are considered inactive.


Keywords by value: 
- cysts: 0.3646321316463965
- echinococcal: 0.33192552858047786
- hepatic: 0.28739654140358933
- indicated: 0.19788362094093376
- calcifications: 0.1755918254140424
- liver: 0.165973540629994
- inactive: 0.16066287524140777
- hydatid: 0.15844096125527576
- the: 0.14402225198623433
- serpentine: 0.1408760089781179
- turn: 0.1408760089781179
- cyst: 0.13879037510819855
- ct: 0.13739515436545674
- are: 0.13694228175217155
- cystadenocarcinoma: 0.13458118646425665
- comminuted: 0.1332627147889097
- plateau: 0.13202184643195755
- injured: 0.12672195738312636
- cystadenoma: 0.1217368305653026
- matrix: 0.12100956270350137
- in: 0.11970444779577814
- vehicle: 0.10451241797346944
- included: 0.1040275994267969
- tibial: 0.10386843883753087
- accident: 0.10278673106984476
- incidentally: 0.10248759587028707
- calcified: 0.09690903387747761
- rim: 0.09579884713452977
- motor: 0.09569097642375156
- of: 0.09416674716613792
- considered: 0.09373978089179091
- thin: 0.09364192142163572
- presence: 0.08643488061767991
- because: 0.08407467972306787
- type: 0.08070015806092799
- unremarkable: 0.08064737035382519
- found: 0.0778379610568334
- abscess: 0.0772464383213251
- primary: 0.07396998011838747
- carcinoma: 0.07195652263658446
- two: 0.0714391947007721
- with: 0.07066725883134824
- trauma: 0.06986419156836486
- lobe: 0.06951923895872293
- due: 0.06914925266217721
- one: 0.06887596143396223
- fracture: 0.06836921263394061
- these: 0.06793197489892083
- metastatic: 0.06597715677031521
- abdominal: 0.06579388963825053
- none: 0.0657418188019776
- consistent: 0.06522806189656721
- noted: 0.06378155430097922
- imaging: 0.063220403375777
- tumor: 0.06292256810089311
- posterior: 0.0622068708955746
- were: 0.06200988129324242
- exam: 0.060557817820441756
- findings: 0.0593716376349943
- treatment: 0.057304078797073804
- within: 0.05540531543340391
- disease: 0.050496613688603545
- was: 0.04192486708620538
- right: 0.03988359612459411
- patient: 0.03912673519181717
- no: 0.039119375681019614
- on: 0.03633190756413419
- to: 0.030074136787929043
- and: 0.024858003998048203
