Texto: 
afebrile
palpable masses noted in right neck and abdomen
chemotherapy followed by bone marrow transplant
• periaortic adenopathy
• no intraspinal mass
• level vi cervical adenopathy
hodgkin's lymphoma
• leukemia
• neuoblastoma
• lymphoma
44 year old man with 3 year history of stage ivb hodgkin lymphoma. now presents with leg weakness.  mri done to exclude intraspinal tumor.


Keywords by value: 
- intraspinal: 0.39270893147843294
- hodgkin: 0.330410523422918
- lymphoma: 0.28897341885630706
- adenopathy: 0.2720995147043945
- neuoblastoma: 0.25865287379473145
- ivb: 0.22750366976697398
- periaortic: 0.21600742536039655
- vi: 0.1848582213326391
- transplant: 0.16174929199696308
- exclude: 0.15627169715160502
- leukemia: 0.14773439598934152
- 44: 0.14304152747980753
- afebrile: 0.13964865259498557
- marrow: 0.13440827621790621
- stage: 0.12879927793481122
- done: 0.12865424832251288
- leg: 0.12209689315926696
- weakness: 0.11803952240064244
- cervical: 0.11583901133471967
- chemotherapy: 0.1148440591648967
- palpable: 0.11362624871727015
- now: 0.11102470220594883
- masses: 0.11010753671697125
- followed: 0.10921911226217673
- year: 0.09968839543482522
- neck: 0.09893907893668068
- abdomen: 0.09868659973151625
- level: 0.09769858243451351
- bone: 0.08824881664167403
- noted: 0.08575278706631796
- man: 0.08562564233583676
- tumor: 0.08459790049266545
- mri: 0.08302148923040795
- presents: 0.07780390585589217
- by: 0.06868296377835888
- with: 0.06334030233389852
- history: 0.061792944983725624
- mass: 0.06177926429473437
- right: 0.0536225490801317
- no: 0.05259507281857304
- old: 0.04786768380594111
- to: 0.04043396365050648
- in: 0.0402349477651603
- and: 0.03342099682424299
- of: 0.03165123955885492
