Texto: 
n/a
n/a
noncontrast axial ct of the right ankle with sagittal reformats show a 1.3 x 2.1 x 1.3cm lucent (fat density) mass with a single bony septation.
intraosseous lipoma
intraosseous lipoma
solitary bone cyst
left ankle pain
n/a


Keywords by value: 
- intraosseous: 0.4667543637362664
- ankle: 0.3605659339407302
- lipoma: 0.3542365970711634
- reformats: 0.31202679129342975
- septation: 0.262404412600236
- noncontrast: 0.19728767281259493
- lucent: 0.19728767281259493
- solitary: 0.18686937365916736
- bony: 0.15732365504532134
- sagittal: 0.15700827873356876
- single: 0.15700827873356876
- density: 0.13539739639082135
- show: 0.129622979979504
- fat: 0.12701727878741664
- axial: 0.11794609427326497
- cyst: 0.11778829102064671
- bone: 0.11141111270335013
- with: 0.07996496531664286
- mass: 0.07799420818318796
- ct: 0.07773613222871154
- pain: 0.07306583373375895
- left: 0.06965283995726944
- right: 0.0676966342026425
- the: 0.04074282268535922
- of: 0.03995860739992159
