Texto: 
not available
chemotherapy
• infiltrative lesions l4, l5 and l2.
• soft tissue epidural mass l4-5 through upper sacrum.
metastatic neuroblastoma
• epidural abscess
• hematoma
• herniated disc
• metastatic neuroblastoma
7 year old boy with grade 4 neuroblastoma.  now presents with back pain and leg weakness.


Keywords by value: 
- neuroblastoma: 0.5091214172261008
- l4: 0.3527075089650863
- epidural: 0.33552739758082667
- sacrum: 0.20462039204062699
- metastatic: 0.20261138616982938
- l2: 0.18989560241842807
- herniated: 0.18989560241842807
- infiltrative: 0.18927880373365752
- l5: 0.17038176664085738
- disc: 0.16047528352337684
- leg: 0.13944139651745024
- weakness: 0.1348076549853568
- grade: 0.13282452810340442
- chemotherapy: 0.13115825945543674
- hematoma: 0.12928486619697807
- now: 0.12679634283025593
- boy: 0.12635577886572488
- available: 0.12532225649984366
- back: 0.12319008202120714
- abscess: 0.11860929381552018
- through: 0.10995508829472853
- lesions: 0.10608261698877737
- upper: 0.09870762303780714
- soft: 0.098337127555646
- tissue: 0.09689613554093397
- presents: 0.08885635830967416
- and: 0.07633724904201634
- not: 0.07292019251475226
- with: 0.07233812413027782
- mass: 0.07055533245912554
- pain: 0.06609701297794288
- year: 0.05692482714479618
- old: 0.054667539076931566
