Texto: 
non-contributory
none to date.
• spindle-shapped left paraspinal mass extending from t5 to t10.  mass has smooth borders, enhances following contrast administration.

• no evidence of spinal canal or neuroforaminal encroachment.
thoracic ganglioneuroma
• ganglioneuroma
• gangliocytoma
• neurofibroma
• schannoma
• neurenteric cyst
38 year old woman with suspected left lower quadrant mass.


Keywords by value: 
- ganglioneuroma: 0.38872244562685787
- schannoma: 0.24842721968006187
- neuroforaminal: 0.24022857217664625
- neurenteric: 0.21711788288007688
- gangliocytoma: 0.21411521496512922
- encroachment: 0.19582302971849055
- t5: 0.19436122281342894
- t10: 0.1916449792844416
- mass: 0.18629058302762452
- borders: 0.16353087185169884
- neurofibroma: 0.16077074996683038
- paraspinal: 0.15825450014640996
- date: 0.15025725974638462
- 38: 0.1442640537257871
- enhances: 0.14329789386174369
- smooth: 0.13422228527293958
- suspected: 0.13320435611852063
- administration: 0.1294614131668454
- canal: 0.12513097908720042
- thoracic: 0.12148283615092853
- spinal: 0.11543445298528272
- quadrant: 0.11387009153165137
- left: 0.1109113823314769
- extending: 0.11022358753253537
- following: 0.09752569980066725
- cyst: 0.0937798242510768
- evidence: 0.09227417434870006
- none: 0.0888427055318392
- woman: 0.08466625244030754
- lower: 0.08307272634165573
- to: 0.08128365559286471
- contrast: 0.07898875792927597
- has: 0.07425659438460518
- from: 0.0645653511679121
- or: 0.05655471718790669
- no: 0.052865455163124735
- year: 0.05010043827986265
- old: 0.04811376344576507
- with: 0.03183296204002029
- of: 0.03181395321055783
