Texto: 
surgical resection: mucinous cystadenoma with low grade dysplasia;characteristic ovarian stroma was present
a 7cm unilocular cyst with well defined capsule and eccentric wall nodulaity.
mucinous cystadenoma, ovarian struma
mucinous cystadenoma
oligocystic serous cystadenoma
pseudocyst
solid pseudopapillary neoplasm
50 year old lady with abdominal pain
variable malignant potential

30% symptomatic

"mother" lesion - exclusively female, ovarian stroma, 40-50 years old

large, solitary
macrocysts (<6 cysts of >2cm)
fibrous capsule
smooth capsule
body and tail (95%)
malignant features-internal complexity, more/thicker septa, solid nodules,  peripheral calcifications


Keywords by value: 
- cystadenoma: 0.40188787992114555
- mucinous: 0.31861959728721506
- capsule: 0.2914400008459165
- ovarian: 0.2537555136226643
- stroma: 0.23408323360751812
- nodulaity: 0.15877681629537627
- macrocysts: 0.15877681629537627
- solid: 0.15223218986043593
- pseudopapillary: 0.1517197244508121
- oligocystic: 0.14671263810298954
- lady: 0.14671263810298954
- malignant: 0.14154642346973223
- complexity: 0.13965554625842536
- 50: 0.13867497581514726
- struma: 0.1307646620087461
- unilocular: 0.12619823033792354
- septa: 0.1195932400172373
- exclusively: 0.11785129442183519
- serous: 0.1141340521455368
- 7cm: 0.11284420807401264
- pseudocyst: 0.11284420807401264
- eccentric: 0.11107268739919086
- 2cm: 0.1031041344298092
- tail: 0.09792034676680814
- variable: 0.09640591983670099
- 95: 0.09414235423668496
- solitary: 0.09086325492224395
- potential: 0.08871585168923916
- mother: 0.08483205378738244
- smooth: 0.0819723706725647
- characteristic: 0.0802656221165599
- nodules: 0.07888720314623578
- fibrous: 0.07712423456234875
- symptomatic: 0.07634361359551292
- dysplasia: 0.07604091153015556
- cysts: 0.07523464430300844
- calcifications: 0.0724598156936562
- grade: 0.07139387468029895
- peripheral: 0.07099635492017393
- defined: 0.0708287299001235
- neoplasm: 0.06777633630497383
- 30: 0.0677297367321556
- body: 0.0653417608093554
- resection: 0.06364237007635198
- years: 0.060859796476305454
- wall: 0.06039563750126946
- old: 0.058768173163022325
- with: 0.0583231769294642
- cyst: 0.0572733097151869
- low: 0.056969727657410776
- abdominal: 0.054301082703763846
- present: 0.05094587268083365
- large: 0.04974623942071461
- surgical: 0.04825528881509819
- well: 0.048073828300348995
- female: 0.04790913526027594
- lesion: 0.047598984048624435
- and: 0.041031668392615184
- pain: 0.03552748824837268
- was: 0.03460147572228076
- year: 0.030597390658217535
- of: 0.019429449884811673
