Texto: 
left mastectomy
resection of mass followed by radiation therapy
vasogenic edema surrounding a ring enhancing mass right parietal lobe.
breast cancer, metastatic
• astrocytoma
• tumefactive ms
• abscess
• gbm
• metastasis
41 year old woman diagnosed with breast cancer 1 year prior to admission.  presents with headache


Keywords by value: 
- breast: 0.3189080032339205
- cancer: 0.2925141345019442
- tumefactive: 0.24957225203656572
- mastectomy: 0.2330586372139602
- gbm: 0.23217368630994983
- vasogenic: 0.2159869835919548
- ms: 0.2132164595237478
- 41: 0.20134880904637617
- ring: 0.1849632930739547
- admission: 0.18320757715288272
- parietal: 0.1773087939457079
- mass: 0.16774884325553208
- astrocytoma: 0.16576445856370475
- metastasis: 0.16093730372274254
- diagnosed: 0.15905919129487242
- headache: 0.15137036495984157
- followed: 0.14828098029760636
- surrounding: 0.14644530072608875
- radiation: 0.14551320508996796
- abscess: 0.1409997738189075
- resection: 0.1407548503905674
- enhancing: 0.13755495341369028
- year: 0.1353416329175784
- edema: 0.13096346338338846
- lobe: 0.12689513176604886
- therapy: 0.1261640393792698
- prior: 0.12285645532150215
- metastatic: 0.12042968431932052
- woman: 0.11435896822173014
- presents: 0.10563022526314424
- by: 0.09324720726856667
- with: 0.0859937599554158
- left: 0.07490417304353914
- right: 0.07280048316609501
- old: 0.06498740863487901
- to: 0.05489504211518109
- of: 0.042971204693143215
