Texto: 
non-contributory
symptomatic treatment with analgesics
marked degenerative hypertophy of the c1-2  facet joint, on the left .  there is fluid with in the joint capsule suggesting and inflammatory component.

the left greater occipital nerve exits in close proximity to the enlarged facet joint and is likely impinged by the bone.
greater occipital nerve entrapment, unilateral occipital headache
• degenerative arthritis
• inflammatory arthritis
cppd
65 y.o. woman with a long history of left sided occipital headaches
this case was provided courtesy of dr azaria simonovich, neuroradiologist at rambam hospital in haifa, israel.


Keywords by value: 
- occipital: 0.3894889419862541
- joint: 0.22495166476226788
- facet: 0.2204386536105143
- degenerative: 0.19333453977832843
- arthritis: 0.18510235547802203
- hypertophy: 0.18198013289428058
- impinged: 0.173891732196462
- azaria: 0.16815292057238473
- simonovich: 0.16815292057238473
- rambam: 0.16815292057238473
- haifa: 0.16815292057238473
- greater: 0.16766827243111354
- nerve: 0.16235898893424192
- neuroradiologist: 0.16006451987456616
- israel: 0.16006451987456616
- courtesy: 0.1569894526459666
- inflammatory: 0.15389200859732322
- exits: 0.15197611917674758
- the: 0.13623522484005893
- proximity: 0.13507383962625216
- dr: 0.1324100952307745
- analgesics: 0.1308133672271673
- cppd: 0.1260574366924843
- entrapment: 0.12324313723787307
- left: 0.11645204832282201
- capsule: 0.11134348057881122
- unilateral: 0.10414182367276986
- close: 0.10296804686206948
- suggesting: 0.10259164983415645
- component: 0.09751626825691538
- 65: 0.09737223549656353
- provided: 0.09335612356626982
- symptomatic: 0.08750031189626281
- marked: 0.08606576731157406
- in: 0.08492418082053553
- headaches: 0.08488036214108878
- hospital: 0.08405375440416948
- headache: 0.07844417891421751
- enlarged: 0.07757435390391398
- long: 0.07545662247684912
- sided: 0.07319759936477795
- likely: 0.06800001601847215
- with: 0.06684640576679464
- of: 0.06680648890559265
- fluid: 0.06570169892247812
- is: 0.06232609324878638
- bone: 0.0620891279675469
- woman: 0.05926388144740654
- case: 0.0571684767259896
- treatment: 0.05420574912214247
- by: 0.048323201256515104
- and: 0.0470279518205682
- there: 0.045277969397132
- history: 0.04347559791271266
- at: 0.042981140075504916
- was: 0.039658064049885124
- this: 0.039101399910401666
- on: 0.034367505906942424
- to: 0.028448081672586313
