Texto: 
n/a
n/a
cardiomegaly
pulmonary vasculature prominence
sclerosis and surface irregularity of the humeral heads
sickle cell anemia
cardiomegaly: congestive heart failure, dialated cardiomyopathy, pericardial effusion.
prominence of pulmonary vasculature: cardiogenic pulmonary interstitial edema, pulmonary hypertension.
sclerosis and irregular cortical surfaces of both humeral heads: prior trauma, osteonecrosis.
sickle cell anemia
see factoid


Keywords by value: 
- pulmonary: 0.32572708916007936
- heads: 0.28816010737474884
- prominence: 0.28250998064524235
- cardiomegaly: 0.2794205576707215
- sickle: 0.2642334087381536
- vasculature: 0.2628139283309147
- humeral: 0.25753066987554435
- anemia: 0.2454825389945294
- dialated: 0.19218688041238427
- sclerosis: 0.19031236022714526
- cardiogenic: 0.17372149734275635
- cardiomyopathy: 0.16092164359071828
- cell: 0.1528439782153344
- surfaces: 0.15269203357436742
- congestive: 0.14595462463238945
- osteonecrosis: 0.14595462463238945
- pericardial: 0.13071810172951112
- irregularity: 0.12939833656169744
- interstitial: 0.12110939123532886
- surface: 0.11146389993228216
- irregular: 0.10314055611600395
- hypertension: 0.10221800047230503
- failure: 0.1014273892167076
- effusion: 0.0992040955879582
- cortical: 0.09591171771010257
- factoid: 0.09329877269760467
- heart: 0.0928902803472432
- see: 0.08310378264868946
- edema: 0.07967846420003497
- of: 0.0784313312962356
- trauma: 0.07758636276667201
- prior: 0.07474614235285376
- both: 0.07449864061118636
- and: 0.05521117678605638
- the: 0.02665686679215505
