Texto: 
urinalysis- normal
large herterogenous enhancing mass of left kidney.  the mass appears contained within the kidney without invasion of surrounding structures.
renal cell carcinoma
renal cell carcinoma
oncocytoma
patient had chest ct for work up of lung lesion (which was negative).  however, the included portion of the left kidney was abnormal in appearance so abdominal ct was recommended.


Keywords by value: 
- kidney: 0.38809041945992173
- herterogenous: 0.294476271749741
- renal: 0.22933550011913797
- carcinoma: 0.22028570062557432
- cell: 0.21067049798119844
- oncocytoma: 0.20928711418654986
- contained: 0.20706001417857248
- was: 0.1925214361669967
- invasion: 0.16425039241217598
- included: 0.1592336023508562
- so: 0.15489263556115193
- work: 0.15013111582656044
- the: 0.1469685745501842
- recommended: 0.14647284924754106
- of: 0.14413973268197827
- mass: 0.14067137282528688
- ct: 0.1402059036621905
- structures: 0.13836038265256695
- appears: 0.13484424889965718
- portion: 0.13167376946153708
- left: 0.12562677211820367
- surrounding: 0.12280657855607303
- enhancing: 0.11535128207200952
- negative: 0.11399839221617018
- lung: 0.1120130921899622
- appearance: 0.1110094834805496
- abnormal: 0.11062746545242576
- however: 0.10898799019717546
- abdominal: 0.1007097935307598
- chest: 0.09719720991022736
- without: 0.09712571453962883
- large: 0.09226212906883074
- had: 0.09174417317786587
- up: 0.09108598241800588
- lesion: 0.08827971040582262
- within: 0.0848081472076515
- which: 0.08372924500065686
- normal: 0.07518218886866437
- patient: 0.05989075040807084
- for: 0.055810724156474985
- in: 0.04580748413154233
