Texto: 
microcephaly
us:  periventricular and basal ganglionic foci of increased echogenicity worisome for torch infection

ct:  periventricular calcifications
cytomegalovirus
cmv
herpes
rubella
toxoplasmosis
abnormal prenatal ultrasound
small head at birth


Keywords by value: 
- periventricular: 0.39374521665128226
- worisome: 0.3062490895213571
- microcephaly: 0.2754885964435484
- ganglionic: 0.2641929982830258
- rubella: 0.25575620473860516
- cytomegalovirus: 0.24901955519719052
- torch: 0.2344056362173671
- toxoplasmosis: 0.21533803196325912
- cmv: 0.21423725566717441
- herpes: 0.21423725566717441
- prenatal: 0.18886899071690122
- echogenicity: 0.18689367575333263
- birth: 0.17111533937925694
- basal: 0.16386491201655212
- foci: 0.1565190566852237
- us: 0.1523286628668678
- calcifications: 0.1397606596531421
- ultrasound: 0.11812033016576123
- infection: 0.1156766653280713
- abnormal: 0.11505022244934263
- head: 0.11421439497922509
- increased: 0.1035537220182013
- small: 0.09878179460875151
- ct: 0.07290558605440967
- at: 0.0723317144864388
- for: 0.05804197179246278
- and: 0.039570988321758455
- of: 0.03747556775578002
