Texto: 
• ptosis os
• palsy of all the extrocular muscles expect for lateral rectus msucle.
none to date
• small enhancing mass lateral aspect of left cavernous sinus - which has been stable for 5 years.

• severe atrophy of all the extraocular muscles left orbit except for the lateral rectus msucle.
cavernous sinus mass, denervation atophy extraocular muscles
• orbital pseudotumor
• myasthenia gravis
• idiopathic
11 year old boy with several years history of ptosis and extra-ocular muscle dysfunction left eye.


Keywords by value: 
- msucle: 0.3700854292866277
- muscles: 0.2974721698433108
- ptosis: 0.27875427032886574
- extraocular: 0.2517163299547496
- rectus: 0.2395009978023106
- cavernous: 0.20073748979069758
- extrocular: 0.18504271464331384
- atophy: 0.1768181925570666
- lateral: 0.1722704209543414
- sinus: 0.1672200255278806
- denervation: 0.1664565201446437
- myasthenia: 0.16275827918465746
- gravis: 0.16275827918465746
- years: 0.1418552432952782
- all: 0.13775675368556228
- expect: 0.1346384524398392
- os: 0.12280981562885462
- pseudotumor: 0.1201602939962504
- left: 0.11841184422009285
- palsy: 0.11571697481507646
- dysfunction: 0.11235401698118282
- atrophy: 0.10947012586529288
- except: 0.1078277358549218
- orbit: 0.10716262160311821
- date: 0.10694567656937677
- for: 0.10521086649283536
- orbital: 0.10149147548395947
- idiopathic: 0.097875858537594
- eye: 0.09256463510794473
- stable: 0.09152950402992288
- of: 0.09057438572199086
- mass: 0.0883949411119766
- 11: 0.08662332103644997
- muscle: 0.08216052718360595
- boy: 0.07915214373388638
- several: 0.07591597667962918
- aspect: 0.07464780329910768
- severe: 0.07324834035151742
- enhancing: 0.07248432698961606
- the: 0.06926397797800218
- been: 0.06741294906535557
- none: 0.06323383820118594
- small: 0.059686222938033974
- has: 0.05285216660814597
- which: 0.05261370193902656
- history: 0.044207257850411096
- year: 0.035659010934352774
- old: 0.03424499416994128
- to: 0.028926840393880823
- and: 0.023909697532884956
- with: 0.022657125973969267
