Texto: 
none.
none required for asymptomatic patient.
round mass adjacent to and appearing to emanate from the renal artery on non-contrast ct.  ultrasound confirms color/arterial flow within it, consistent with an aneurysm.
renal artery aneurysm.
renal artery aneurysm
renal vein aneurysm
lymph node
asymptomatic patient with hematuria had <2cm round mass adjacent to renal artery seen on non-contrast ct performed to rule out stone, possibly an aneurysm.  ultrasound was recommended to further evaluate.


Keywords by value: 
- aneurysm: 0.48284473010587603
- renal: 0.3948970104304899
- artery: 0.3150746253132206
- round: 0.20783900598182908
- emanate: 0.20282564068149708
- asymptomatic: 0.1726841952369296
- adjacent: 0.16441990980045268
- to: 0.15853379980642981
- ultrasound: 0.15645977384504012
- none: 0.138621439602503
- 2cm: 0.1317079068000322
- confirms: 0.12254225762174692
- possibly: 0.11920095661010525
- stone: 0.11584763423511027
- hematuria: 0.11216766714982036
- node: 0.10901116978698865
- appearing: 0.10134415504856825
- recommended: 0.1008857159001402
- rule: 0.10065999303771885
- lymph: 0.09862272924859522
- evaluate: 0.09862272924859522
- an: 0.09699723075152106
- mass: 0.09688984837149155
- ct: 0.09656924841054551
- vein: 0.09090880385293643
- required: 0.09054961169536262
- flow: 0.08447643986205787
- out: 0.08336585530241315
- further: 0.08260522772835109
- patient: 0.08250158663198495
- on: 0.07660848789741498
- performed: 0.07503188049673282
- consistent: 0.06876907277100862
- it: 0.0649214991543766
- had: 0.06319039083532281
- seen: 0.05970961261592001
- within: 0.05841308262358412
- from: 0.05037071909144862
- with: 0.04966903020775319
- was: 0.04420082632744687
- for: 0.03844060445574865
- and: 0.026207460963572866
- the: 0.02530678882551909
