Texto: 
non-contributory
resection of tumor and surgical fusion of vertebrae.
radiation therapy and chemotherapy
lytic lesion l5 vertebral body with extension into posterior elements.
malignant melanoma with metastatic lesion to l5
• metastatic disease
• myeloma
• infection
55 year old woman with know malignant melanoma.  new onset low back pain.


Keywords by value: 
- melanoma: 0.36515715597284587
- l5: 0.36068505024340863
- malignant: 0.2787348416633405
- know: 0.22749746823612874
- metastatic: 0.21445633368326436
- myeloma: 0.20303384487333248
- vertebrae: 0.2023414175248276
- elements: 0.1938805381720092
- lesion: 0.1874649313900365
- 55: 0.1680457724500603
- lytic: 0.16468759310805461
- fusion: 0.16423362636514638
- vertebral: 0.14930027864605314
- chemotherapy: 0.13882595636315612
- extension: 0.1383988606431975
- new: 0.13525783506679154
- back: 0.13039194803328732
- radiation: 0.12956202884062962
- body: 0.1286717453309172
- onset: 0.12554336048575568
- resection: 0.12532528559511788
- infection: 0.11810013718098958
- with: 0.11485066940044211
- therapy: 0.1123339211626933
- low: 0.11218544156000965
- into: 0.10393044049514452
- tumor: 0.10226375249717046
- woman: 0.10182292342311919
- posterior: 0.10110057870950412
- surgical: 0.09502486857374641
- disease: 0.0820686974491635
- and: 0.08080003233033947
- of: 0.07652139142048837
- pain: 0.06996113761732678
- year: 0.06025273285872429
- old: 0.057863480545453705
- to: 0.04887744054113347
