Texto: 
follow-up echocardiography or mr is recommended to evaluate aortic stenosis, regurgitation or other complications.  patients are at high risk for endocarditis and should receive prophylactic antibiotics prior to dental or surgical procedures.
contrast enhanced ct of the heart demonstrates a bicuspid aortic valve with thickening of the edge of the valve leaflets.  there is associated post-stenotic dilation of the ascending aorta.  

the patient was also noted to have a small muscular ventricular septal defect.
bicuspid aortic valve
bicuspid aortic valve.
25 y/o woman with known cardiac condition presents with atypical chest pain.
this patient's bicuspid valve and vsd were seen on a prior echocardiogram performed in cardiology clinic.  the patient was noted to have moderate aortic stenosis.


Keywords by value: 
- bicuspid: 0.5059713099933059
- valve: 0.4276284142960575
- aortic: 0.36041026722298025
- stenosis: 0.1418981663527451
- leaflets: 0.1341777236616226
- the: 0.1116649908187588
- endocarditis: 0.11071306322889336
- vsd: 0.10922560946088024
- cardiology: 0.10660389222360497
- echocardiography: 0.10488117228665232
- prior: 0.1043699467088831
- dental: 0.10332278254341405
- regurgitation: 0.10190008417348059
- prophylactic: 0.10190008417348059
- noted: 0.0989036982438762
- receive: 0.09825152719507849
- muscular: 0.09825152719507849
- echocardiogram: 0.09825152719507849
- or: 0.09734137266060912
- edge: 0.09410203381018409
- to: 0.09326970414619465
- have: 0.09318739861411882
- procedures: 0.09150121206028132
- patient: 0.09100857261376252
- ascending: 0.09079531611122123
- septal: 0.09079531611122123
- dilation: 0.08207857462995108
- clinic: 0.0785657090248538
- ventricular: 0.07845706598963406
- atypical: 0.07651920194018101
- aorta: 0.07576731238373662
- condition: 0.07452936983995978
- recommended: 0.07419222971751328
- of: 0.07301044673807912
- evaluate: 0.07252800972362158
- complications: 0.07143512752678768
- enhanced: 0.07101763974072384
- moderate: 0.07001830331414523
- cardiac: 0.06926060559045583
- antibiotics: 0.0687145197712192
- defect: 0.06841883871833318
- risk: 0.0666434594230017
- 25: 0.06607513085792634
- was: 0.06501134142391092
- heart: 0.06485253488968074
- thickening: 0.06345341362065107
- should: 0.060858954264946495
- known: 0.06038604184211094
- mr: 0.06035022426668461
- performed: 0.05517909512047057
- with: 0.05479055284695576
- high: 0.053008805207298434
- patients: 0.05246972176500841
- is: 0.05108548569993923
- chest: 0.0492328630364375
- associated: 0.0491605146146638
- woman: 0.04857554854464319
- other: 0.04843683537637761
- small: 0.048112032624654286
- were: 0.048078215204856445
- demonstrates: 0.046858053313484686
- surgical: 0.04533247486100274
- contrast: 0.04531820099135449
- presents: 0.044867894620235584
- seen: 0.04391096654286526
- also: 0.0438717404945188
- and: 0.03854638779679727
- there: 0.03711201741663012
- ct: 0.03550893106024358
- are: 0.03539188892379791
- at: 0.03522942482420148
- pain: 0.033375594829929064
- this: 0.03204940181308934
- for: 0.028269553631199488
- on: 0.028169272932663254
- in: 0.023202657713888818
