Texto: 
unknown
none needed.  incidental finding.
pa chest radiograph demonstrates round opacity in the superior mediastinum with deviation of the trachea to the left.  

ct of the chest with contrast demonstrates right sided aortic arch with aberrant left subclavian artery.
right aortic arch with aberrant left subclavian artery
right paratracheal mass:
right sided aortic arch
adenopathy
aortic branch vessel aneurysm
34 year old male with cough and upper respiratory symptoms.


Keywords by value: 
- aortic: 0.4391966207362566
- arch: 0.3615592790787354
- aberrant: 0.2884302703178166
- subclavian: 0.26591574590953426
- right: 0.1884141809080722
- sided: 0.18277900284978482
- artery: 0.1764753387881991
- paratracheal: 0.15738666828149503
- chest: 0.14998814574139582
- left: 0.14539403926478028
- deviation: 0.14291538285313185
- demonstrates: 0.1427532768983893
- branch: 0.13937943360976754
- with: 0.13909972795303271
- trachea: 0.13761229072447856
- mediastinum: 0.12717480245011645
- vessel: 0.12461807067313081
- 34: 0.12382100210569168
- opacity: 0.1236256578331608
- adenopathy: 0.11950990783723321
- needed: 0.11730157779994228
- round: 0.11641197369538471
- the: 0.11339597093063647
- respiratory: 0.1130134860886888
- pa: 0.10902936380149654
- aneurysm: 0.10817778453954804
- unknown: 0.10765996407755489
- cough: 0.10607177565048041
- incidental: 0.10531411214458808
- finding: 0.09338751124903123
- radiograph: 0.09253544638540849
- superior: 0.09236847637188365
- symptoms: 0.07773506886969107
- none: 0.07764276635365441
- upper: 0.07592236418363284
- contrast: 0.06903105482610779
- male: 0.06325699250885453
- of: 0.05560666621140211
- mass: 0.054268631755090266
- ct: 0.0540890616400193
- year: 0.04378453582984362
- old: 0.04204831078985715
- to: 0.0355183233209054
- in: 0.03534350220708087
- and: 0.02935793733136884
