Texto: 
non-contributory
pending
bilateral cerebral hemisphere multifocal enhancing lesion.  no restricted diffusion on dwi images.
diffuse large b-cell lymphoma
• multifocal glioma
• metastatic disease
• cerebritis
• primary cns lymphoma
64 year old man with three week history of unsteady gait, memory loss and headache


Keywords by value: 
- multifocal: 0.40140167198603094
- unsteady: 0.2551997622357959
- lymphoma: 0.24619651285292896
- cerebritis: 0.24534648238807497
- memory: 0.24050808940820753
- dwi: 0.1964330709254424
- 64: 0.19426271426221287
- hemisphere: 0.1934297092182103
- cns: 0.19302027973693478
- gait: 0.1790135823843914
- restricted: 0.17765634043514117
- glioma: 0.17558525540541178
- diffusion: 0.1741061062118856
- pending: 0.1699997406252639
- cerebral: 0.14319854804300292
- headache: 0.14248505420203902
- week: 0.13902239901301933
- three: 0.13874824292406454
- diffuse: 0.12962185929777748
- enhancing: 0.1294805954792297
- primary: 0.12709366621035575
- loss: 0.12592472214249878
- metastatic: 0.11336056501102587
- bilateral: 0.11108424367019257
- man: 0.10942564183225582
- large: 0.10356326516211767
- lesion: 0.09909304228577383
- images: 0.09560909980981931
- disease: 0.08676222103373693
- history: 0.07896854821863886
- no: 0.06721408965101394
- year: 0.06369859750014376
- on: 0.062424720479189864
- old: 0.06117270341686362
- and: 0.042710500364164475
- with: 0.0404729999545658
- of: 0.04044883178721136
