Texto: 
n/a
pt was only seen in the er and discharged same day.
ct brain revealed numerous scattered cystic lesions, several of which 
show focal luminal calcifications, noted throughout the cerebral 
parenchyma; the largest cystic lesion is noted in the posterior right 
temporal lobe measuring 2.8 cm x 2.4 cm. punctate isolated 
calcific densities are noted in the right frontal lobe. no evidence for acute hemorrhage, infarction or midline shift.
neurocystericosis
• pyogenic abscess
• tuberculoma
• metastasis
• amoebic encephalitis
• cysticercosis
24 year old woman presents to the emergency room with a chief complaint of dizziness.
current treatment recommendations include albendazole or praziquantel.


Keywords by value: 
- neurocystericosis: 0.21652253107885047
- noted: 0.21535516188465115
- amoebic: 0.19477441803515072
- tuberculoma: 0.19044702533158375
- praziquantel: 0.19044702533158375
- albendazole: 0.18082333199969114
- cystic: 0.1630849313301424
- the: 0.1620945937082175
- recommendations: 0.1575434005008355
- luminal: 0.15657449257607683
- lobe: 0.15648544080529642
- cm: 0.15551521936870324
- pyogenic: 0.15388464210240743
- cysticercosis: 0.1492763591597878
- chief: 0.1431567986098415
- calcific: 0.14262340654061725
- punctate: 0.1410915880854614
- largest: 0.13786049798151587
- densities: 0.13540296533178467
- encephalitis: 0.1346372554386222
- dizziness: 0.13213652905870768
- isolated: 0.1286723205051577
- shift: 0.11895115291641056
- current: 0.11856521029605294
- scattered: 0.11781165658660579
- complaint: 0.11726178763495289
- discharged: 0.11619885114705081
- numerous: 0.11436576910550952
- room: 0.1107988288029614
- parenchyma: 0.10998497942062425
- same: 0.10710067629061795
- infarction: 0.106288153735471
- measuring: 0.10474207577361694
- temporal: 0.10400523328656348
- midline: 0.10182800428364178
- er: 0.10126731014297294
- in: 0.10104398919052682
- emergency: 0.10045034791250106
- throughout: 0.09957442016583684
- metastasis: 0.09923290422795944
- calcifications: 0.09881280568260352
- pt: 0.0974376541209193
- 24: 0.09598948748224874
- or: 0.0942014749459026
- cerebral: 0.09380136136371914
- hemorrhage: 0.09064886387524386
- right: 0.08977661743626447
- several: 0.08883094615035812
- revealed: 0.08877632023859269
- frontal: 0.08714241582741407
- abscess: 0.08693955178744779
- day: 0.08624287855620663
- show: 0.08595045249763875
- only: 0.08458572876783314
- brain: 0.08440350178300614
- focal: 0.08098584170554518
- include: 0.08055747170229571
- lesions: 0.07775760968435162
- evidence: 0.07684914499865661
- acute: 0.07324231788500098
- woman: 0.0705130027573064
- posterior: 0.07001277458598187
- presents: 0.06513091610614656
- lesion: 0.06491031085934502
- treatment: 0.06449476551250687
- seen: 0.06374182480033981
- which: 0.061564444378290915
- of: 0.05299153572525201
- ct: 0.05154530270427749
- are: 0.05137540256445035
- was: 0.04718572444804588
- no: 0.04402819161402973
- year: 0.041725389287318525
- for: 0.04103651266670905
- old: 0.04007081731776833
- is: 0.03707823279347603
- to: 0.03384792916743626
- and: 0.02797726047809609
- with: 0.02651159907761033
