Texto: 
his glasgow coma score (gcs) was 15 when initially evaluated.  exam notable for multiple facial abrasions and contusions.  there were no focal neurologic deficits.
the patient was placed in a cervical spine orthos and scheduled for follow-up imaging in six weeks.
minimally displaced fracture of the right lateral mass of the atlas (first cervical vertabra).
atlas fracture
• atlas fracture
• transverse ligament injury
20 y/o male ejected from a vehicle during a rollover crash.  the patient reports a brief loss of consciousness.
given the stability of the fracture and the lack of neurologic findings, conservative management was appropriate.


Keywords by value: 
- atlas: 0.47466012436807564
- fracture: 0.2607182328763876
- orthos: 0.18340661544720535
- vertabra: 0.18340661544720535
- neurologic: 0.1832824332304485
- rollover: 0.16947101614471405
- cervical: 0.16427917999868866
- the: 0.16018698274593063
- abrasions: 0.15822004145602522
- ejected: 0.15553541684222277
- glasgow: 0.1491329618979984
- crash: 0.14159981753973147
- contusions: 0.1371135566051668
- brief: 0.1371135566051668
- gcs: 0.13430366791009238
- score: 0.13034884285104262
- coma: 0.12766421823724017
- was: 0.119906791805731
- stability: 0.11570773887998959
- notable: 0.1146938356450962
- of: 0.11221693842081955
- minimally: 0.10874591746858873
- consciousness: 0.10709898846600174
- scheduled: 0.10643246930510979
- six: 0.10302350999420277
- appropriate: 0.1007582363426049
- vehicle: 0.0996365610994124
- deficits: 0.09857417252273543
- ligament: 0.09857417252273543
- lack: 0.09813550450217429
- evaluated: 0.09799138331149532
- displaced: 0.09581576867015136
- facial: 0.09456662039437264
- initially: 0.08993554620462035
- placed: 0.0893665038793897
- reports: 0.0891803468085929
- conservative: 0.0885420449435687
- transverse: 0.08836333425570644
- management: 0.08471262420637492
- given: 0.0788917683343764
- 15: 0.07749727534462776
- first: 0.07739390843309538
- spine: 0.07576088558358261
- injury: 0.07478675913676971
- patient: 0.07460268199994464
- 20: 0.07398778698231102
- during: 0.07264135459878923
- and: 0.07109488275708145
- loss: 0.06987043217792675
- his: 0.06955381429569965
- for: 0.06952041305314892
- when: 0.06927650203695089
- weeks: 0.06873309544360359
- focal: 0.06859950810822578
- imaging: 0.06027095828248012
- were: 0.05911691113882622
- exam: 0.057732591325608866
- in: 0.05705991573988429
- lateral: 0.05691575034410165
- findings: 0.056601750447424895
- multiple: 0.05609503149200561
- male: 0.051062266571174714
- there: 0.04563288854324776
- from: 0.045548102671652484
- mass: 0.04380668810240147
- right: 0.03802289181694349
- no: 0.037294324835181
