Texto: 
non-contributory
stereotactic biopsy followed by gamma knife radiation
• isointense  mass arising within the atrium of the right lateral ventricle
• mass is attached to the glomus of the choroid plexus
• mass enhances homogeneously.
• minimal edema in the periventricular white matter.
• no hydrocephalus
intraventricular meningioma
• meningioma
• choroid plexus papilloma
• ependymoma
• metastatic disease
• xanthogranuloma of the choroid plexus
71 year old woman with headache and blurred vision


Keywords by value: 
- choroid: 0.4072539202895223
- plexus: 0.3915019439242069
- meningioma: 0.2169278514119056
- xanthogranuloma: 0.20823486808126945
- the: 0.17329660988347112
- stereotactic: 0.1718192818241694
- blurred: 0.16951085289344525
- mass: 0.1658713238043412
- glomus: 0.163628835825818
- knife: 0.16035005964906926
- gamma: 0.1561110254162766
- attached: 0.15363342772237132
- homogeneously: 0.15084213075174302
- intraventricular: 0.15084213075174302
- periventricular: 0.1488110293955704
- atrium: 0.1469305232617881
- 71: 0.1405533642307742
- papilloma: 0.13273014925086432
- isointense: 0.1309794399243516
- enhances: 0.1275910513936003
- vision: 0.12536550295188947
- ependymoma: 0.12226934667775949
- hydrocephalus: 0.11816254422149901
- arising: 0.11501225044832662
- minimal: 0.11042877318507632
- matter: 0.11021463503246552
- ventricle: 0.10654790491207759
- biopsy: 0.10146423165746911
- headache: 0.0997841071344503
- followed: 0.0977475692018253
- radiation: 0.09592303784183065
- white: 0.09550161286877892
- edema: 0.08633177481215454
- of: 0.08498050382453443
- metastatic: 0.07938785458748943
- woman: 0.07538600795373453
- lateral: 0.07183599326831247
- within: 0.06666715178881508
- by: 0.06146902877946715
- disease: 0.060760693866019316
- right: 0.04799044524740751
- no: 0.04707088726071695
- year: 0.04460894311241813
- old: 0.04284002715679159
- is: 0.039640631415172205
- to: 0.03618708830506293
- in: 0.036008975531371445
- and: 0.029910710059882037
- with: 0.028343759885106616
