Texto: 
deformed pinna
no patent external auditory canal
surgery pending
• deformed pinna
• bony atretic plate
a• nterior displacement descending portion facial nerve canal
• normal middle ear and inner ear
microtia and atresia of the external auditory canal
none
5 year old girl with decreased hearing on the right side.


Keywords by value: 
- pinna: 0.4029522227967417
- deformed: 0.3604018117466145
- canal: 0.33074579855002717
- auditory: 0.2935486053372736
- ear: 0.26067121629543205
- external: 0.2315927416601248
- nterior: 0.2290616905984567
- microtia: 0.2116571279116206
- atretic: 0.19760546856014335
- atresia: 0.14203887716427613
- inner: 0.14015005645322565
- plate: 0.13134012114815774
- hearing: 0.13009063570436977
- patent: 0.12984803018153968
- descending: 0.12936973998180068
- facial: 0.1181069171845271
- pending: 0.11780620129954908
- displacement: 0.11678118239655723
- bony: 0.11035945831166068
- portion: 0.10242392726964308
- middle: 0.10242392726964308
- nerve: 0.1021821005888012
- girl: 0.10047648062423852
- side: 0.0989498194691256
- decreased: 0.08872182543744485
- none: 0.07827625048256011
- surgery: 0.0770084355274314
- and: 0.05919493506283006
- normal: 0.05848131390288794
- the: 0.057160581990661055
- right: 0.04748786111010486
- no: 0.046577933274896705
- year: 0.04414177205212569
- on: 0.04325900239489327
- old: 0.0423913812236351
- with: 0.02804692737946239
- of: 0.028030179353977613
