Texto: 
myocardial ischemia
60 y/o male with chest pain with activity. r/o ischemic disease.


Keywords by value: 
- myocardial: 0.4959764672800208
- ischemic: 0.40672133790896214
- ischemia: 0.3982956303506432
- 60: 0.34396820942960626
- activity: 0.3376359890315388
- chest: 0.24274797675985182
- male: 0.20475627419133444
- disease: 0.19304129361006064
- with: 0.18010051320542586
- pain: 0.16456199413236688
