Texto: 
right sided weakness
none required.
• lipoma choroid plexus glomerula on right.
• lipoma hyperintense on t1 and hypointense on t2 sequences.
• lipoma measures -92 ct units
choroid plexus lipoma
• choroid plexus cyst
• choroid plexus xanthogranuloma
• choroid plexus lipoma
• choroid metastasis or meningioma
72 year old woman presents with stroke-like symptoms


Keywords by value: 
- choroid: 0.5964642791526393
- plexus: 0.47782827276325696
- lipoma: 0.4597379015791546
- glomerula: 0.16198274650532524
- xanthogranuloma: 0.15249044183078772
- units: 0.11207859682659242
- 72: 0.10216869525649974
- on: 0.09604153562151566
- hypointense: 0.09328074563052377
- measures: 0.08642396933303374
- sequences: 0.08479825298072195
- hyperintense: 0.0843180639922483
- meningioma: 0.07942815776245213
- metastasis: 0.07769023038304193
- weakness: 0.07736133188887606
- required: 0.07567937527409874
- right: 0.07028682820378875
- sided: 0.06818465738961924
- t1: 0.06604467695406063
- cyst: 0.06114754058971297
- t2: 0.06098477505438347
- symptoms: 0.05799724208359287
- none: 0.05792837623648754
- woman: 0.05520519097809192
- presents: 0.05099151251001489
- ct: 0.04035522766782677
- or: 0.03687554217982611
- year: 0.032667139310032726
- old: 0.03137176174852969
- and: 0.021903619862183237
- with: 0.02075614188848923
