Texto: 
left shin numbness, left weak foot dorsiflexion.
ct should be promptly obtained if there is concern for leakage/rupture, as in the case of low back pain.

typically, the risks of surgical correction begin to outweigh the risk of rupture when the lesion is over 5.0 cm in ap dimension, although treatment may be instituted at lesser sizes.
lateral radiograph of the lumbar spine shows, in addition to mild multi-level disco-vertebral degenerative changes, a calcified aorta with aneurysm.

ultrasound was used to assess aneurysm size.
abdominal aortic aneurysm
abdominal aortic aneurysm.
68 yom with low back pain.


Keywords by value: 
- aneurysm: 0.37723103048199563
- rupture: 0.20026509733986056
- aortic: 0.19144248808772157
- outweigh: 0.17422235589777327
- yom: 0.16797594175187897
- back: 0.16520915322427193
- instituted: 0.15917211548155097
- dorsiflexion: 0.15582505607369163
- promptly: 0.15582505607369163
- shin: 0.14412187506532864
- begin: 0.14323551088607422
- weak: 0.14238391518056223
- sizes: 0.14238391518056223
- low: 0.14214115276112554
- risks: 0.1407748156574693
- abdominal: 0.1354828047995096
- lesser: 0.13531804879500064
- dimension: 0.12775529786080286
- correction: 0.12733367476433993
- the: 0.12357111706422043
- 68: 0.11909385182008993
- assess: 0.11447852495330696
- concern: 0.11357368956305965
- numbness: 0.11010039196697519
- degenerative: 0.10521756796255605
- aorta: 0.10061507757691117
- be: 0.10048874014630216
- addition: 0.10025217931532762
- lumbar: 0.10001357353820796
- calcified: 0.09977756135349593
- foot: 0.0978687390268571
- of: 0.09695410238747723
- to: 0.09289301239876697
- used: 0.09272473967076748
- in: 0.09243579318412828
- ap: 0.08892206416752245
- pain: 0.08864213226889328
- risk: 0.08849907207845402
- obtained: 0.08760991542190001
- typically: 0.0869498978202965
- left: 0.08450155068228077
- although: 0.08432037368267574
- size: 0.08386444286870569
- spine: 0.08182063199642865
- should: 0.08081754798962154
- radiograph: 0.0806710036276385
- ultrasound: 0.07639811262877731
- changes: 0.07485480551040001
- when: 0.07481759400649757
- shows: 0.07269412068113444
- if: 0.07196476362140884
- cm: 0.07113323993693586
- mild: 0.07021176188830087
- over: 0.06887067298421716
- is: 0.06783888652036787
- may: 0.06232941366660785
- case: 0.06222507465173454
- lateral: 0.061468165634992196
- surgical: 0.06019918526069045
- lesion: 0.059380435374521166
- treatment: 0.059000291399142965
- as: 0.04975828414602904
- there: 0.04928284234893125
- with: 0.048506016220275436
- ct: 0.04715402646466952
- at: 0.04678285661928586
- was: 0.04316585183606105
- for: 0.03754050714194692
