Texto: 
hard mass mandibular body.
resection followed by local radiation
lytic mass mandibular body with bony tumor matrix and cortical erosion.
ostoegenic sarcoma jaw (osteosarcoma)
• metastatic disease
• squamous cell carcinoma
• chondrosarcoma
• osteogenic sarcoma
27 year old man with with a painless mass left jaw (mandible).


Keywords by value: 
- jaw: 0.37769562169856
- mandibular: 0.37426305193336196
- sarcoma: 0.28737032661341616
- ostoegenic: 0.2739201721152444
- body: 0.22545390170709675
- osteogenic: 0.21341906017495937
- mass: 0.19627757999159154
- mandible: 0.18110602494478908
- matrix: 0.1722977257320993
- hard: 0.16938963432329482
- osteosarcoma: 0.16204948017704612
- erosion: 0.1589582809737759
- painless: 0.15863366364047013
- chondrosarcoma: 0.15706122004315112
- squamous: 0.15414370254389712
- local: 0.1474434133293917
- lytic: 0.14427977305146666
- 27: 0.13880523814618398
- bony: 0.13197179212419075
- cortical: 0.12297045152479594
- followed: 0.11566590229680658
- radiation: 0.11350691187130697
- resection: 0.10979517899329537
- carcinoma: 0.10245426001787457
- with: 0.10061856028846396
- cell: 0.09798225630154676
- metastatic: 0.09394062591275333
- man: 0.09067979930787265
- tumor: 0.08959139376092737
- by: 0.07273705868230095
- disease: 0.07189887725680576
- left: 0.0584286585068992
- year: 0.05278631169795276
- old: 0.05069313166528816
- and: 0.03539371153333828
