Texto: 
n/a
na
enlarged hila, hyperaeration, flattened diaphragm.
pulmonary arterial hypertension
1.pulmonary arterial hypertension
2.hilar lymphadenopathy
3.mass
60 pack/year tobacco use with history of copd for several years.


Keywords by value: 
- arterial: 0.3560137003632783
- hypertension: 0.3307738731625866
- hyperaeration: 0.3109550104253065
- hila: 0.2777812599422024
- flattened: 0.26458302809879874
- pulmonary: 0.2635103660256157
- copd: 0.23031086567438466
- tobacco: 0.22941923492102567
- diaphragm: 0.20936424488613076
- na: 0.20495886336336075
- lymphadenopathy: 0.17474760228327216
- use: 0.1653869365812933
- 60: 0.16167203988548437
- enlarged: 0.14735433882951057
- several: 0.14181753468922936
- years: 0.1324988610221978
- history: 0.08258293705649795
- for: 0.06551429778520433
- with: 0.04232544833522284
- of: 0.04230017399134258
