Texto: 
macrocephay
diffuse, symmetric involvement of cerebral white matter
subcortical white matter preferentially affected early
no contrast enhancement
mrs: elevation of naa
canavan disease
alexander disease
canavan disease
metachromatic leukodystrophy
2 y.o. girl whose parents noted irritability in early neonatal course.  this improved by 5 months of age when patient was noted to be hypotonic.

she was also diagnosed in infancy with cortical blindness and has developmentally delay.  head size noted to be large.


Keywords by value: 
- canavan: 0.3900029243608741
- macrocephay: 0.2040717609396323
- noted: 0.20297151938075186
- metachromatic: 0.19500146218043704
- matter: 0.194324492706245
- mrs: 0.18856598279485687
- early: 0.18396660415199406
- alexander: 0.18357423717696322
- hypotonic: 0.18357423717696322
- preferentially: 0.17604731648933922
- naa: 0.17604731648933922
- leukodystrophy: 0.17604731648933922
- developmentally: 0.17306020465008143
- white: 0.16838328655615484
- irritability: 0.16219934177679662
- disease: 0.1606949613612878
- infancy: 0.16054153834456375
- whose: 0.157554426505306
- blindness: 0.157554426505306
- subcortical: 0.13762326487282586
- neonatal: 0.13492480360924552
- parents: 0.13297834960133526
- delay: 0.11701131574949518
- elevation: 0.11633678899186209
- improved: 0.1132392072528733
- symmetric: 0.1093543359208951
- affected: 0.10495390515104212
- be: 0.10353031364715284
- course: 0.09425752911616508
- diagnosed: 0.09243523884552443
- involvement: 0.0923592791486532
- cortical: 0.09161353978577691
- girl: 0.08951480398330451
- was: 0.08894477476635736
- cerebral: 0.08840746917491919
- size: 0.0864028353962833
- age: 0.08011309013677577
- diffuse: 0.08002553578142876
- when: 0.07708215828500536
- head: 0.07610776164100146
- she: 0.07596155125622954
- of: 0.07491651762381356
- months: 0.07427773909041392
- enhancement: 0.07344850741052256
- large: 0.06393756289850368
- to: 0.06380311993344662
- in: 0.063489081109275
- contrast: 0.062001753720313454
- also: 0.06002278973831255
- has: 0.05828727021212072
- by: 0.05418943605446296
- this: 0.043848146542216505
- patient: 0.04150422995764435
- no: 0.041496423253941116
- and: 0.02636847437347147
- with: 0.024987093408414054
