Texto: 
bilateral coarse breath sounds and crackles.
ongoing.
selected axial ct images of the head show severe intracranial posttraumatic changes to include left frontoparietal contusion and hemorrhage with edema and resulting extracranial herniation of brain.

portable ap view of the chest shows, in addition to various tubes and lines, increased pulmonary vascular and interstitial markings with a predominantly central distribution as well as patchy alveolar opacities consistent with pulmonary edema.  in a patient with normal underlying cardiopulmonary reserve, no history of recent fluid resuscitation, and severe head trauma, this patient’s pulmonary edema was felt to most likely be neurogenic in nature.
neurogenic pulmonary edema
cardiogenic pulmonary edema
noncardiaogenic pulmonary edema
22 y/o white male status post severe traumatic brain injury.
please see factoid.


Keywords by value: 
- pulmonary: 0.38046084253777157
- edema: 0.37226913733002814
- neurogenic: 0.22630760324863938
- severe: 0.197563539280973
- noncardiaogenic: 0.16636414990270323
- reserve: 0.14632914788553528
- extracranial: 0.14351795670085346
- frontoparietal: 0.13893482475386276
- cardiogenic: 0.1352752645706749
- posttraumatic: 0.1322287585760439
- brain: 0.12970213079420892
- and: 0.1289772422164223
- resuscitation: 0.12733652355555836
- head: 0.1240897124433427
- cardiopulmonary: 0.12182393468303838
- ongoing: 0.11580143436072152
- tubes: 0.11266746227640179
- selected: 0.11173204468903106
- portable: 0.11041315847632781
- coarse: 0.10958407731118143
- alveolar: 0.10918325579754294
- crackles: 0.10730152153839038
- markings: 0.10433772155735853
- various: 0.1040362825498481
- lines: 0.1037397452073965
- contusion: 0.10232534324084702
- patchy: 0.10126785022353949
- opacities: 0.09932076058592378
- interstitial: 0.09430672191955759
- nature: 0.09184965146821311
- felt: 0.09139560366435268
- predominantly: 0.09109906632190107
- distribution: 0.08824590355427016
- herniation: 0.08750647883514208
- please: 0.08726651952122241
- resulting: 0.08656502362323627
- underlying: 0.08492097009428808
- addition: 0.08420168523887624
- intracranial: 0.08370474319022853
- as: 0.08358384642217812
- 22: 0.08193098684279781
- with: 0.08148028976257891
- of: 0.08143163438044068
- sounds: 0.08031456227337627
- traumatic: 0.07882981870235889
- to: 0.07802072976678057
- in: 0.07763671189645496
- breath: 0.07624517260168583
- view: 0.0761801577565637
- ap: 0.07468553510716679
- factoid: 0.07265085987536815
- status: 0.07259745824206587
- recent: 0.07043764504064835
- hemorrhage: 0.06964966233818363
- central: 0.06946910002411082
- vascular: 0.06867798898391794
- white: 0.0686350286701957
- injury: 0.06783744183616086
- patient: 0.067670469470907
- show: 0.06603965828533145
- see: 0.06471211886025158
- changes: 0.06287046142288047
- likely: 0.062164834580351436
- include: 0.06189598482562985
- shows: 0.061055704824702274
- trauma: 0.060415756891791184
- axial: 0.06009057779050847
- fluid: 0.06006373945639072
- post: 0.05660520360588699
- consistent: 0.05640661749029876
- increased: 0.056253642940602075
- bilateral: 0.05590873157700743
- chest: 0.05491149118245993
- most: 0.05413955918582217
- well: 0.05037109172713006
- images: 0.04812008725068933
- male: 0.04631747088023669
- normal: 0.04247412147892635
- be: 0.04220018619862812
- the: 0.041514893241096876
- history: 0.03974489288048816
- ct: 0.03960461030612926
- was: 0.03625494721601806
- this: 0.035746051245487666
- left: 0.03548637556479787
- no: 0.03382887052504462
