Texto: 
negative
surgery and radiation therapy
large heterogeneous right frontal mass with irregular ring enhancement, probable necrosis, and surrounding vasogenic edema.
glioblastoma multiforme
• high grade astrocytoma
• metastatic disease
• abscess/cerebritis
55 year old woman with 1 week history of morning headaches.  patient has had nausea and vomiting for two days.


Keywords by value: 
- multiforme: 0.23193193759524847
- probable: 0.23033920839437963
- glioblastoma: 0.22194632657217736
- morning: 0.22070760515521873
- vasogenic: 0.21892027980346274
- 55: 0.19129810729639407
- ring: 0.18747525985000293
- irregular: 0.1718292447238179
- nausea: 0.1709679195161326
- necrosis: 0.17012519890714486
- astrocytoma: 0.16801568801383765
- headaches: 0.16601440589276745
- vomiting: 0.16468668599792619
- heterogeneous: 0.16108687340508607
- grade: 0.1600428927977211
- week: 0.14969756631176295
- surrounding: 0.14843415875201738
- radiation: 0.14748940442437397
- frontal: 0.14324815266336646
- days: 0.14089264669116
- and: 0.13797038475521475
- negative: 0.13778785832685309
- edema: 0.13274206422590126
- two: 0.13217061702731153
- enhancement: 0.12810397097175594
- therapy: 0.12787745975574444
- high: 0.12649080182593
- metastatic: 0.12206522703070138
- surgery: 0.11965982638930746
- woman: 0.1159120651846031
- large: 0.11151561808839841
- had: 0.11088957388254247
- has: 0.10166075573928784
- disease: 0.09342446561677693
- with: 0.08716163204703725
- history: 0.08503233700057411
- mass: 0.08501351121136773
- right: 0.07378917877133799
- patient: 0.07238890015806418
- year: 0.06858984660702823
- for: 0.06745744394893889
- old: 0.06586999570736919
- of: 0.04355479204564988
