Texto: 
• normal exam
• negative renal ultrasound
medical therapy for seizures with anti-epileptic drugs.
• ct calcified subependymal lesions in the lateral ventricular walls and low density lesion in both cerebral hemispheres.

• mri bilateral sub-cortical and subependymal lesions best seen on t2 sequences. no mass effect of enhancement.
tuberous sclerosis
none
2 year old boy presents with seizures.  ct scan ordered. patient had prior mri at age 2 months.


Keywords by value: 
- subependymal: 0.37413844401630875
- seizures: 0.2866433351953176
- lesions: 0.20166310665271908
- mri: 0.1802436021891911
- drugs: 0.17558270341412827
- tuberous: 0.1750822354333933
- hemispheres: 0.17047993237395556
- walls: 0.16465542268105227
- ordered: 0.15424894833073483
- ventricular: 0.1476852473343962
- calcified: 0.1414349537193668
- best: 0.14126903362664536
- sequences: 0.1404525904584721
- ct: 0.13368191124824796
- sclerosis: 0.12505432998722255
- effect: 0.12315969483680794
- cerebral: 0.12163615894090912
- boy: 0.12010119863597335
- density: 0.11642065413229034
- medical: 0.11158143816394794
- age: 0.11022426788220684
- renal: 0.1093320864963932
- negative: 0.10869387488420494
- ultrasound: 0.10829452411265511
- scan: 0.10416343294231145
- months: 0.1021956511377674
- enhancement: 0.10105474576681354
- t2: 0.10100997760959347
- therapy: 0.10087606252090214
- low: 0.10074272757159772
- prior: 0.09823144161429433
- both: 0.09790617462230342
- none: 0.09594761940811865
- bilateral: 0.09435752599139882
- exam: 0.08838177224642205
- had: 0.08747517826251672
- in: 0.08735198544752487
- lateral: 0.0871312852696303
- presents: 0.08445799024957935
- lesion: 0.08417192217473445
- seen: 0.08265669730030777
- and: 0.07255857383667258
- normal: 0.07168384809248327
- with: 0.06875740463249094
- mass: 0.06706286071415418
- at: 0.06631482139923674
- patient: 0.057103943354146855
- no: 0.05709320243529336
- year: 0.054107062087764474
- for: 0.05321376688504112
- on: 0.05302500148093913
- old: 0.051961509228600704
- the: 0.03503247621197973
- of: 0.03435817331587634
