Texto: 
difficulty bearing weight and limping.
casting. conservative management.
non-displaced spiral fracture of the tibia.

soft tissue swelling of ankle, but no evident additional fracture.
toddler's fracture
toddler's fracture
4 year-old girl with pain after twisting leg while sliding down a slide at the playground.


Keywords by value: 
- toddler: 0.45687220088085334
- fracture: 0.3829189366716194
- playground: 0.26937075090901696
- limping: 0.22843610044042667
- slide: 0.21903276407885844
- spiral: 0.20137976818601483
- sliding: 0.1914443794368695
- twisting: 0.17947176168474296
- casting: 0.17809811361026812
- bearing: 0.16568145578197066
- ankle: 0.14871959855049297
- evident: 0.1447766690854598
- tibia: 0.1439207219481625
- difficulty: 0.14168729216608228
- down: 0.13682980864682964
- additional: 0.13057445612156113
- conservative: 0.130042403733984
- leg: 0.12715625893285432
- management: 0.1244181031218756
- girl: 0.11815779829326367
- weight: 0.11746093742975518
- swelling: 0.11336773736755215
- while: 0.10885881582908025
- soft: 0.08967337940146076
- tissue: 0.08835934240585475
- but: 0.08329338601055185
- after: 0.08171255670059073
- the: 0.06721939776569753
- of: 0.06592556303036597
- at: 0.06362157117332383
- pain: 0.060273699968715864
- no: 0.05477447070816976
- and: 0.034805872745952
- with: 0.03298247676928371
