Texto: 
bitemporal hemianopsia noted
radiation therapy
• isointense enhancing hypothalamic mass.
• enhancing tumor extending along the ependymal surfaces
• enhancing tumor right basal ganglia and  corpus callosum.
germinoma, primary intracranial
• craniopharyngioma
• metastatic disease, lymphoma
• ependymoma
• langerhan histiocytosis
• germinioma
• trilateral retinoblastoma
34 year old man presents with signs and symptoms of hypo-thyroidism and evidence of pituitary dysfunction


Keywords by value: 
- enhancing: 0.2938299742478985
- germinioma: 0.2500361036034508
- trilateral: 0.2500361036034508
- ependymal: 0.1987325009505439
- bitemporal: 0.19137974266007113
- langerhan: 0.18981310672594198
- germinoma: 0.188331196259747
- retinoblastoma: 0.18692531543190577
- hemianopsia: 0.18309462688687872
- hypothalamic: 0.17869984857681823
- surfaces: 0.17869984857681823
- tumor: 0.1635592066068077
- histiocytosis: 0.15681381699315133
- dysfunction: 0.1518166261466807
- craniopharyngioma: 0.15106565678560693
- callosum: 0.1472671947781567
- ganglia: 0.14694662191846666
- pituitary: 0.14421864837783258
- corpus: 0.1425400422445849
- isointense: 0.14147549418488495
- 34: 0.13626163290532176
- basal: 0.1337869907857593
- ependymoma: 0.13206741649597628
- intracranial: 0.12580359321796497
- signs: 0.10927071419889539
- extending: 0.1060066332641528
- along: 0.10474785081269956
- radiation: 0.10360984281369909
- and: 0.09692282596993788
- primary: 0.09613777398186862
- lymphoma: 0.09311551634919528
- therapy: 0.08983264632749602
- evidence: 0.08874393202859437
- metastatic: 0.08574961052306891
- symptoms: 0.08554532137569296
- noted: 0.08289601594844247
- man: 0.08277310692161889
- presents: 0.07521194402338492
- disease: 0.0656297598819813
- of: 0.06119361828390935
- mass: 0.059721147888741596
- right: 0.05183616574823472
- year: 0.04818368650484224
- old: 0.04627301824165275
- the: 0.031197292666682964
- with: 0.03061509072812618
