Texto: 
n/a
surgery is the definitive treatment in symptomatic patients.
barium swallow shows opacification of the esophagus with a distal round posterior luminal cavity not completely coated. a ct of the abdomen shows the gastric fundus protuding above the gastroesophageal junction.
sliding hiatal hernia
paraesophageal hernia
bochdalek hernia
morgagni hernia
mediastinal abscess
complaints of difficulty swallowing


Keywords by value: 
- hernia: 0.5035980115173274
- protuding: 0.2432318864682374
- coated: 0.20982972215366802
- bochdalek: 0.20031977064333534
- morgagni: 0.18320615097941362
- shows: 0.17853238540689817
- luminal: 0.17588889716154887
- paraesophageal: 0.17383690056961834
- sliding: 0.1728672374674368
- gastroesophageal: 0.16472490863629802
- swallow: 0.15849608335831236
- fundus: 0.157946315495983
- hiatal: 0.1543859951243212
- swallowing: 0.15345036239903484
- the: 0.15174161328424812
- opacification: 0.14624366629318244
- definitive: 0.13892641247531767
- completely: 0.1359047527812056
- barium: 0.1354328325557198
- gastric: 0.12811557873785503
- difficulty: 0.1279384166463297
- cavity: 0.12557434279240015
- esophagus: 0.1252531003922371
- complaints: 0.1252531003922371
- round: 0.12462199881825718
- mediastinal: 0.12281365872191086
- junction: 0.12181279281139597
- symptomatic: 0.1169515902126042
- above: 0.10972336084030937
- abscess: 0.09766406795911271
- abdomen: 0.09280286536032094
- of: 0.08929254016023074
- distal: 0.08837056418173311
- patients: 0.0855613581748719
- surgery: 0.08177232516868088
- posterior: 0.07864927106926486
- treatment: 0.07245058241639019
- not: 0.060043209163938766
- ct: 0.05790372555164717
- is: 0.0416520556282494
- in: 0.03783612415857981
- with: 0.029781964143899744
