Texto: 
none pertinent
patient planned for surgical resection
• multiple mri sequences demonstrating a left sided cpa mass
• expansion of the internal auditory canal (iac)
vestibular schwannoma
• epidermoid inclusion cyst
• arachnoid cyst
• meningioma
• facial nerve schwannoma
56 y.o. man with dizziness and left sided hearing problems progressive for several months.
none


Keywords by value: 
- schwannoma: 0.31609471180565685
- sided: 0.2372668118833047
- iac: 0.22390181494385766
- cpa: 0.22215376683122431
- cyst: 0.21277927565615337
- none: 0.20157732946679754
- inclusion: 0.20149166342713706
- vestibular: 0.19023055465867433
- planned: 0.1889869007770568
- auditory: 0.1889869007770568
- pertinent: 0.18720676232485717
- dizziness: 0.17999230494094215
- 56: 0.17222829866969128
- arachnoid: 0.1684606421713876
- expansion: 0.16813893788070455
- hearing: 0.1675049761087331
- epidermoid: 0.16022780092734495
- problems: 0.15997813934343166
- demonstrating: 0.15207471494126767
- facial: 0.15207471494126767
- sequences: 0.14753913789609344
- canal: 0.14195632858639137
- progressive: 0.14125192132322137
- meningioma: 0.1381957942413181
- nerve: 0.13156988760331179
- left: 0.12582473779931064
- internal: 0.12429351316033484
- several: 0.12100277539895027
- resection: 0.11822066398143057
- for: 0.11179734406883733
- months: 0.10735194143716574
- man: 0.09763840436504231
- mri: 0.0946689042596992
- multiple: 0.09020768520850955
- surgical: 0.08963796096048232
- mass: 0.07044652307454306
- patient: 0.059985127689255666
- and: 0.038109761435827526
- the: 0.036800042788880556
- with: 0.03611328267544482
- of: 0.03609171788261015
