Texto: 
• absent dtrs both lower extremities
• diminished reflexes both arms
• spinal tap csf: showed elevated protein levels of 153 mg/dl on 5 feb and 132 mg/dl on followup a week later (11 feb)
patient started on immunoglobulin and iv timentin. a repeat lp
done on 2-9 shows protein of 132 with 22 wbcs and 2 rbcs.
with clinical improvement, the patient was discharged with physical
rehab therapy as an outpatient.
• t1w mr images of the lumbar spine without and with iv gadolinium. show enhancement and thickening of the nerve roots of the cauda equina. 
• findings suggest polyneuritis and are consistent with guillain-barre
guillain-barre syndrome
• guillain-barre syndrome
• dejerine-sotas
• von recklinghausen neurofibromatosis (nf1)
• hiv polyradiculitis
• sarcoid
• lyme disease
• arachnoiditis
this 5 y.o. boy had a neck abscess three weeks ago.  that was treated with drainage and antibiotics.  now, he presents with lower extremity weakness.


Keywords by value: 
- 132: 0.20997009448166826
- feb: 0.19372086672439326
- protein: 0.15638943048172688
- timentin: 0.1347467381130867
- polyneuritis: 0.1347467381130867
- polyradiculitis: 0.1347467381130867
- and: 0.12187605605688855
- iv: 0.12040768035913034
- arachnoiditis: 0.11851937680068039
- recklinghausen: 0.11624245089705464
- with: 0.11549126255125307
- rehab: 0.11253034056222558
- immunoglobulin: 0.10828105172672885
- dtrs: 0.1060041258231031
- 153: 0.1060041258231031
- tap: 0.10403176289123213
- wbcs: 0.10229201548827405
- nf1: 0.10229201548827405
- on: 0.10178933808632855
- syndrome: 0.10159165429352322
- lp: 0.1014934004138202
- rbcs: 0.1014934004138202
- equina: 0.0986713653887665
- cauda: 0.09804272665277732
- both: 0.09397269619078809
- von: 0.09333891639191694
- lyme: 0.09246979626325684
- roots: 0.0894292006910723
- outpatient: 0.08634075157548399
- t1w: 0.08634075157548399
- lower: 0.08611176622261449
- arms: 0.08500914948189207
- diminished: 0.08355511274332905
- neurofibromatosis: 0.08355511274332905
- hiv: 0.08332610380235037
- of: 0.08244449839703398
- sarcoid: 0.07902011324343729
- followup: 0.07439367760063612
- repeat: 0.07390534285075129
- reflexes: 0.07366709928564487
- improvement: 0.07354940319829044
- discharged: 0.07231310333635108
- started: 0.07097406753308479
- gadolinium: 0.07020658161833214
- absent: 0.06912531018287041
- suggest: 0.06844607415459726
- lumbar: 0.06803688508444126
- drainage: 0.06748242070607088
- the: 0.06725002292407876
- done: 0.06702318845916795
- levels: 0.0667988178541706
- csf: 0.06657780454155701
- 22: 0.06636004952935984
- extremities: 0.064031746945028
- 11: 0.063078462595426
- antibiotics: 0.06207477826239954
- ago: 0.06164969048505758
- weakness: 0.061493384467616076
- extremity: 0.06068658840108868
- later: 0.06029913587018183
- nerve: 0.06010915536295725
- spinal: 0.059828689073128646
- was: 0.05872943035717322
- now: 0.057838972568698195
- boy: 0.05763800646438885
- elevated: 0.05743973797323853
- thickening: 0.05732204188588409
- week: 0.056672252058485875
- three: 0.056560492780219074
- showed: 0.0561217244554083
- spine: 0.05566065424660277
- patient: 0.05480973534934507
- mr: 0.05451870728214887
- abscess: 0.05410439716366613
- show: 0.05348885889932169
- clinical: 0.05339870125942509
- treated: 0.05246978031705271
- neck: 0.051542895940182215
- weeks: 0.05049741738518173
- he: 0.04989444465184708
- shows: 0.04945210295087982
- enhancement: 0.04849738517114314
- therapy: 0.04841163293719471
- physical: 0.04568657201239269
- consistent: 0.04568657201239269
- without: 0.04444287868545149
- had: 0.0419803877682394
- findings: 0.04158465726922974
- presents: 0.04053240303395656
- images: 0.038974892117921135
- that: 0.03656477232927633
- disease: 0.03536847655116015
- as: 0.03384939204426124
- an: 0.03221994124079741
- are: 0.03197204411159125
- this: 0.028952534596965104
