Texto: 
non contributory
none.
• left pleural based mass
• smooth, sessile, well demarcated
• attenuation like normal fat
pleural based lipoma
• tumor
  mesothelioma
  fibrous tumor of pleura
  malignant thymoma, lymphoma 
  mets – breast, lung, prostate, thyroid, renal
  lipoma
  extrapleural tumors

• inflammatory
  infectious – tb
  asbestos related
  actinomycosis

• trauma, surgery, chest tubes
  hematoma
60 y.o. man for routine annual physical exam


Keywords by value: 
- lipoma: 0.2813862797123737
- extrapleural: 0.24785710651745313
- pleural: 0.2441993328114315
- based: 0.2349800928087587
- actinomycosis: 0.21661962120397277
- sessile: 0.19853618088123662
- asbestos: 0.1875704141548058
- demarcated: 0.1814540265712542
- mesothelioma: 0.17967634871971144
- thymoma: 0.17720230338192045
- tubes: 0.1756649784786841
- pleura: 0.17281924700540316
- tumor: 0.16967532601064403
- mets: 0.1667465697832245
- prostate: 0.15710145088087415
- annual: 0.14991243585120417
- tb: 0.14442749316520376
- smooth: 0.13391425988164762
- infectious: 0.13050788234674765
- thyroid: 0.12746628154915074
- fibrous: 0.12599409661592484
- routine: 0.12560547665557997
- attenuation: 0.1241020294931243
- related: 0.12326038203528458
- 60: 0.12131446822113363
- like: 0.12055037198663292
- tumors: 0.11928644904057872
- breast: 0.11778167546828569
- malignant: 0.11561874069470789
- hematoma: 0.11352452446859405
- contributory: 0.11087576072143358
- inflammatory: 0.109675219992626
- renal: 0.10100372824030164
- fat: 0.1008956156215573
- lung: 0.09866540432713991
- lymphoma: 0.09659747024317955
- trauma: 0.0941969617468946
- none: 0.0886388212880325
- physical: 0.08794612967477895
- surgery: 0.08720316714592478
- man: 0.08586831761542071
- chest: 0.08561501006506327
- exam: 0.08164930160432216
- well: 0.07853586621563084
- non: 0.0769584730684441
- normal: 0.06622333977126742
- mass: 0.06195435553873828
- left: 0.05532842645007698
- for: 0.049160214730528964
- of: 0.03174094368485724
