Texto: 
pes planus deformity
conservative therapy with nsaids.
calcaneocuboid coalition
pes planus deformity
enlarged steida's process vs. partially fused os trigonum
talonavicular osteoarthritis
calcaneocuboid coalition
congenital (can be familial, sometimes associated with other skeletal abnormalities)
inflamatory(ankylosing spondylitis, psoriasis) 
iatrogenic
long history of mild foot paint.
regarding the ancillary findings on this study:

there is a groove on the posterior aspect of the talus for the tendon of flexor hallucis longus. occasionally there is a process lateral to this groove known as steida's process. an os trigonum is the accessory osicle that is present when this process is not fused to the talus.  the presence of an os trigonum or large steida's process can lead to tarsal compression syndrome.

there is an association between tarsal coalitions and pes planus deformity.  the altered biomechanics related to tarsal coalitions leads to premature secondary osteoarthritis, as in this case.


Keywords by value: 
- steida: 0.31157378498950855
- trigonum: 0.31157378498950855
- planus: 0.262023448989413
- pes: 0.2591624815276561
- process: 0.25486748667410286
- tarsal: 0.23438731352760828
- os: 0.2164048763081686
- calcaneocuboid: 0.20771585665967235
- coalitions: 0.19554355905585716
- groove: 0.16936508423642888
- deformity: 0.16664733386105388
- coalition: 0.16023888645479137
- talus: 0.15284830556973036
- fused: 0.14426991753877907
- osteoarthritis: 0.12415922929921669
- is: 0.11167395097999101
- osicle: 0.10868877640620106
- the: 0.10848979065857188
- ancillary: 0.10043038707285182
- biomechanics: 0.09777177952792858
- paint: 0.09559953899648692
- this: 0.09341422592542058
- talonavicular: 0.09076869092012202
- inflamatory: 0.09076869092012202
- to: 0.08495397653911312
- psoriasis: 0.08391360840615332
- there: 0.08112765410701098
- hallucis: 0.08067369838659014
- longus: 0.08011944322739568
- an: 0.07796728971063353
- flexor: 0.07528859515103078
- familial: 0.07392547163225985
- ankylosing: 0.07329825643283787
- iatrogenic: 0.07299661152788084
- accessory: 0.07270241541174845
- spondylitis: 0.07241530905324088
- regarding: 0.07133144059955537
- can: 0.07133040929683081
- altered: 0.06898776779625654
- leads: 0.06856967797442615
- premature: 0.06703020581768153
- nsaids: 0.06650059252319047
- occasionally: 0.0651936026174989
- sometimes: 0.06360266456069719
- skeletal: 0.06161232584250427
- association: 0.06116267484370937
- lead: 0.060518499730623614
- tendon: 0.05932607164352675
- partially: 0.05832885329785835
- as: 0.05460687293664794
- foot: 0.05370267371786016
- of: 0.05320079299983499
- conservative: 0.052470989129558034
- vs: 0.05184923046210089
- related: 0.05164898478481744
- compression: 0.049769906183722436
- abnormalities: 0.04923107910999485
- congenital: 0.048832569140290015
- presence: 0.048832569140290015
- enlarged: 0.04633176969497096
- study: 0.0453269008011452
- long: 0.04506694131011449
- between: 0.0441595291635293
- known: 0.044001721063925116
- aspect: 0.043845975874435505
- when: 0.04105401662714461
- on: 0.04105241715949815
- syndrome: 0.04097268977664561
- secondary: 0.04028380790439825
- therapy: 0.03904956232301406
- mild: 0.03852669787447446
- associated: 0.035821974506780034
- other: 0.03529464847229541
- posterior: 0.03514462335461232
- present: 0.03487438968624266
- case: 0.03414423149126889
- large: 0.034053195041956814
- lateral: 0.03372889929873839
- findings: 0.033542819508332496
- that: 0.02949370366728296
- be: 0.027570162229814725
- not: 0.026830458087913192
- with: 0.02661629023048767
- history: 0.02596607368896607
- or: 0.02364336634278716
- for: 0.02059928048826436
- in: 0.016907166648506666
- and: 0.01404386967679805
