Texto: 
pain and swelling at lateral aspect of foot.
casting and non-weightbeariing.
fracture of the left foot 5th metatarsal.
fractures of the base of the fifth metatarsal
fracture of base of 5th metatarsal
jones’ fracture (>1.5 cm from proximal tip)
normal apophysis of 5th metatarsal
19 year old male playing soccer was involved in a collision at the goal line and struck foot on goalpost. patient was able to walk afterwards with severe difficulty.
see factoid on jones fractures.


Keywords by value: 
- metatarsal: 0.4655893879171971
- 5th: 0.3265554891750412
- foot: 0.27746831103347525
- jones: 0.2759714436819502
- fracture: 0.19957153492068563
- goalpost: 0.18718925973881229
- base: 0.17807629475080172
- fractures: 0.17307125122605152
- apophysis: 0.16148322874712773
- of: 0.160343877535181
- afterwards: 0.15042330671823417
- soccer: 0.13994143612810447
- goal: 0.13303720447379985
- collision: 0.1296657930937248
- casting: 0.12376270970431116
- walk: 0.11994398973237828
- fifth: 0.11639734697929928
- struck: 0.11544278095706088
- playing: 0.1133743220507053
- tip: 0.11001143027593266
- able: 0.10266880380707086
- difficulty: 0.09846035341796995
- involved: 0.09385440609538509
- the: 0.09342327825413874
- 19: 0.09269361251739663
- line: 0.09120963093855268
- at: 0.08842292469516959
- factoid: 0.08174513972759084
- was: 0.08158652853039777
- swelling: 0.0787807242044029
- aspect: 0.07551373782871237
- severe: 0.07409804073576669
- proximal: 0.07312652347830066
- see: 0.07281264402616167
- and: 0.07256116930169604
- on: 0.07070253095734495
- cm: 0.06722344008888702
- lateral: 0.058089601339697906
- male: 0.05211539320289954
- normal: 0.04779094151201754
- from: 0.0464875031951524
- pain: 0.04188498283792519
- left: 0.03992848445216654
- patient: 0.03807065733165854
- year: 0.03607266502054041
- old: 0.03464224528259683
- to: 0.02926239949706108
- in: 0.029118370027341058
- with: 0.022919954709114346
