Texto: 
not available
chemotherapy
multiple well defined pulmonary nodules of varying sizes consistent with metastatic disease
lung metastatic disease
1) metastatic disease to the lungs:  given known history of colon carcinoma this is the main consideration.
25 y/o female with colon cancer
in general, multiple lung nodules has a differential of:

1) neoplasm (metastatic disease and lymphoma) 
2) infection (variety of etiologies including tb and fungal)
3) granulomatous disease
4) pneumoconiosis


Keywords by value: 
- metastatic: 0.36226520628564823
- disease: 0.34658143572161343
- nodules: 0.2624137964839623
- colon: 0.25146748015297515
- lung: 0.20090265462191792
- pneumoconiosis: 0.19742520561283383
- sizes: 0.1898302179384462
- variety: 0.174600740757069
- varying: 0.17331393979156587
- consideration: 0.1666036875198176
- etiologies: 0.1656222967513682
- multiple: 0.16153870412767454
- fungal: 0.14781374589619048
- tb: 0.14704174667481165
- granulomatous: 0.1467889218785332
- main: 0.1439156640250446
- general: 0.13256056977352526
- of: 0.12926192093328384
- lungs: 0.1218682392500489
- including: 0.11817620163780987
- defined: 0.11780387167975938
- chemotherapy: 0.11725420475102012
- 25: 0.11698323626554444
- given: 0.11359360788390052
- neoplasm: 0.1127270647977754
- available: 0.11203687502795247
- cancer: 0.10998917529734638
- differential: 0.1072943699768699
- known: 0.10691094377317158
- pulmonary: 0.10065518910535433
- infection: 0.0997489088417939
- carcinoma: 0.09877412801861046
- lymphoma: 0.09834596196084452
- consistent: 0.08953802518663787
- well: 0.07995742840842927
- female: 0.07968350739097387
- has: 0.07542720303093592
- and: 0.06824475611727226
- the: 0.06589938773196638
- not: 0.06518994090885785
- with: 0.06466957745012003
- history: 0.06308974687917461
- this: 0.05674211606983509
- is: 0.04522235041975091
- to: 0.04128252072633937
- in: 0.04107932824482336
