Texto: 
abdominal distension.
ng for decompression
npo
electrolyte correction
proton pump inhibitor
abdominal radiographs: paucity of abdominal bowel gas; nonspecific air-fluid level right upper quadrant

ct coronal reconstruction: numerous pills in the stomach
gastric outlet obstruction from pyloric stenosis as result of anti-inflammatory induced peptic ulcers
gastric dysmotility
gastric outlet obstruction (malignancy, peptic ulcer disease, crohn)
high ng tube output; history of multiple sclerosis, crohn, on anti-inflammatories.


Keywords by value: 
- gastric: 0.30425069220094464
- peptic: 0.28386516740644574
- outlet: 0.27220374118099383
- ng: 0.23748967577970495
- crohn: 0.23440708097136698
- abdominal: 0.1975475008761172
- dysmotility: 0.16935576464376603
- obstruction: 0.16866475039371756
- electrolyte: 0.15303651282148606
- pump: 0.1514723606280602
- pills: 0.1514723606280602
- npo: 0.14737442693713818
- inhibitor: 0.14737442693713818
- output: 0.14193258370322287
- paucity: 0.13610187059049692
- pyloric: 0.13213276575824198
- proton: 0.13095988648431112
- ulcers: 0.12682842396057745
- distension: 0.12503104955089134
- reconstruction: 0.12503104955089134
- correction: 0.12377683531767132
- induced: 0.11939431669759959
- ulcer: 0.11939431669759959
- decompression: 0.11633004773240375
- nonspecific: 0.11315813207068655
- gas: 0.10543457853897466
- numerous: 0.10170020898049639
- stomach: 0.10045422389644153
- tube: 0.09620657088422921
- coronal: 0.09587933338639011
- stenosis: 0.09158494180798839
- result: 0.09013463919378488
- malignancy: 0.09013463919378488
- sclerosis: 0.08575727413150123
- quadrant: 0.08433237519685878
- radiographs: 0.07808890923830544
- bowel: 0.07726647808307116
- level: 0.07272769775431091
- of: 0.0706843966460408
- high: 0.0684266536348727
- upper: 0.06433912658192126
- multiple: 0.05888955671712632
- disease: 0.05053903886687033
- as: 0.04836837508876914
- from: 0.04781720420322861
- history: 0.045999220399512826
- ct: 0.04583686270803409
- right: 0.03991710468193898
- for: 0.03649187992768061
- on: 0.03636243213880539
- in: 0.029951254637563124
- the: 0.024023875593296176
