Texto: 
normal
temporal lobe lesion resected.
• three lesions consistent with cerebral cavernous angiomas
- left frontal lobe
- insula
- base of temporal lobe
cerebral cavernous malformation (cavernous angiomas)
• metastatic disease
• melanoma
• cerebral cavernous angioma
• avm
• amyloid angiopathy
32 year old man with first time seizure.


Keywords by value: 
- cavernous: 0.5291277111059458
- angiomas: 0.39195680901194435
- cerebral: 0.3169577053146138
- lobe: 0.26438457561649414
- temporal: 0.2342912697211712
- insula: 0.20366921312840194
- angiopathy: 0.18513881855973507
- amyloid: 0.17238886951141108
- angioma: 0.16005539168799612
- melanoma: 0.14241127856089572
- resected: 0.13956458025173096
- avm: 0.1348710827782425
- 32: 0.13068541117309215
- seizure: 0.1268985675623122
- malformation: 0.11761672561173044
- base: 0.11600299477184314
- first: 0.10291194726158248
- three: 0.10236911219807338
- frontal: 0.09815230736765618
- time: 0.09038988416087934
- lesions: 0.08758179049141929
- metastatic: 0.0836379629311903
- consistent: 0.08268834987798478
- man: 0.08073475793277626
- lesion: 0.07311131694368592
- disease: 0.06401357849567549
- normal: 0.06226423731601225
- with: 0.059722342943241254
- left: 0.05202066653098354
- year: 0.04699712758107417
- old: 0.04513351093727084
- of: 0.029843340083032292
