Texto: 
soft tissue swelling mid to proximal left arm with point tenderness.
frontal radiograph of left humerus: transverse fracture through mid to proximal humeral diaphysis. fracture appears at the center of a well circumscribed lucent bony lesion measuring 7cm in the long axis. there is a fallen fragment sign visualized within this lesion.

t2 sagittal mr of left humerus: fracture well visualized through mid to proximal humeral diaphysis at center of a heterogenous fluid signal bone lesion demonstrating ahemorrhagic component.
unicameral bone cyst with pathologic fracture
unicameral bone cyst
aneurysmal bone cyst
chondromyxoid fibroma
enchondroma
fibrous dysplasia
giant cell tumor
injured left arm playing football with friends.


Keywords by value: 
- unicameral: 0.25389173613571564
- fracture: 0.2431239312155285
- bone: 0.2334118366435971
- mid: 0.23089593185264456
- diaphysis: 0.2082155417632147
- humeral: 0.20616044479252982
- humerus: 0.2019110572413105
- proximal: 0.20044099831310278
- center: 0.1935440367775967
- cyst: 0.1850792574128892
- ahemorrhagic: 0.1710296087331975
- arm: 0.17071902127669822
- visualized: 0.16702182835838478
- lesion: 0.15381657992416267
- friends: 0.14754272477027278
- left: 0.1459261729586865
- fallen: 0.13743758230718128
- chondromyxoid: 0.1359369362676
- through: 0.1273245678902414
- 7cm: 0.12155238532307021
- enchondroma: 0.11307853797821184
- injured: 0.11265721537290943
- football: 0.11224515335901082
- fibroma: 0.10757883360697826
- aneurysmal: 0.10491716564863453
- playing: 0.1035869577548375
- well: 0.10356736249478557
- lucent: 0.10333187807966336
- axis: 0.10333187807966336
- heterogenous: 0.10073365541677763
- giant: 0.09539539529487852
- fragment: 0.09262425281393843
- component: 0.09164829665659585
- point: 0.08841214140656392
- demonstrating: 0.0881848893281936
- pathologic: 0.08762852604121392
- of: 0.08371527504415338
- fibrous: 0.08307590471210358
- circumscribed: 0.0828196629066383
- measuring: 0.08273502137724842
- transverse: 0.08240022557127723
- bony: 0.08240022557127723
- sagittal: 0.0822350432964263
- dysplasia: 0.08190898174028267
- at: 0.08078956150989156
- to: 0.08020871619814164
- appears: 0.07831652782139839
- sign: 0.07403984276630361
- swelling: 0.07197975169727791
- long: 0.07091607426202566
- radiograph: 0.06965559053690887
- mr: 0.06919880440653177
- frontal: 0.06883317504542148
- tenderness: 0.06706825094438722
- with: 0.062823971175783
- fluid: 0.061748146245973766
- t2: 0.06152886810984419
- cell: 0.06117792212469481
- signal: 0.06062453071168756
- soft: 0.056935665587521736
- tissue: 0.05610135364956619
- tumor: 0.0559388558442735
- within: 0.04925593545492451
- the: 0.04267912258607281
- there: 0.04255340001715406
- this: 0.036748501175572344
- is: 0.02928783261302843
- in: 0.026604643021044115
