Texto: 
no contributory findings
the patient's dizziness subsided and the patient was discharged home with outpatient follow up.

due to the fact that pathology was not obtained the diagnosis of meningioma is presumed and not confirmed.  bone invasion is an unusual but not unheard of complication of aggressive meningeal tumors.
extraaxial hyperdense lesion on unenhanced ct which has a peripheral rim of calcification and involves the inner table of the skull.  on mr images, the anterior fossa extraaxial mass is hypintense on t1 and t2 images and enhances with contrast administration.
meningioma
meningioma
extramedullary hematopoesis
metastatic disease
70 year old woman with twenty four hours of dizziness
see factoid


Keywords by value: 
- meningioma: 0.2805087437433004
- extraaxial: 0.27145876023796717
- dizziness: 0.2435646498005571
- hypintense: 0.1995558489080621
- unheard: 0.19068626714718148
- hematopoesis: 0.19068626714718148
- the: 0.17429169197600156
- subsided: 0.1721515584922539
- not: 0.14778457401109057
- of: 0.14651737411212293
- meningeal: 0.14031703355520614
- extramedullary: 0.14031703355520614
- twenty: 0.14031703355520614
- unenhanced: 0.13632873487692965
- and: 0.12892482683003748
- table: 0.1282847258177006
- outpatient: 0.12786804502492397
- presumed: 0.127459153116049
- inner: 0.12209707968611624
- fact: 0.11969740707254482
- images: 0.11544127585729687
- hyperdense: 0.11487301629822952
- complication: 0.11333343072405434
- on: 0.11306020124895096
- unusual: 0.1118951140661681
- invasion: 0.11130651137538701
- home: 0.11035939027683953
- enhances: 0.10999173321562533
- involves: 0.10857994788931978
- aggressive: 0.10790681538789161
- discharged: 0.10709352170997344
- 70: 0.10302553230528746
- is: 0.10251835941847064
- skull: 0.10124401851203661
- four: 0.10112215145474468
- rim: 0.09937121080442536
- administration: 0.09937121080442536
- pathology: 0.0979594254781198
- fossa: 0.0979594254781198
- hours: 0.09510424491551252
- confirmed: 0.0920108536410117
- tumors: 0.09177177934653545
- peripheral: 0.08923051995901468
- calcification: 0.08908984371723916
- obtained: 0.08826427101558755
- factoid: 0.08714560213128095
- was: 0.08697651234404448
- contributory: 0.08530110443932533
- patient: 0.08117156243801131
- mr: 0.08074055866145481
- t1: 0.07774786626980225
- see: 0.07762298440709364
- with: 0.07330245910412087
- t2: 0.07179134419447955
- due: 0.0717278460941409
- anterior: 0.06967176819175354
- metastatic: 0.06843746192992006
- bone: 0.06808572146017228
- follow: 0.06726909745171428
- woman: 0.06498761147017305
- diagnosis: 0.06468683883898632
- up: 0.06172565428462563
- but: 0.061705594603984094
- findings: 0.061585621285670314
- contrast: 0.06062971447140021
- lesion: 0.05982394590475969
- has: 0.05699742891498915
- which: 0.056740261160114644
- that: 0.05415132332312907
- disease: 0.05237964541173687
- an: 0.04771675972355691
- mass: 0.04766393409970444
- ct: 0.047506218346529655
- no: 0.040578147270156
- year: 0.0384557922852747
- old: 0.03693087239671662
- to: 0.031195609090344092
