Texto: 
pt is asymptomatic
a nodular opacity is seen in the left mid lung field on pa chest radiograph. it is unchanged 3 weeks later, and is not seen on a lateral image. review of prior ct (6 years ago) reveals previously unidentified calcified pleural plaques that correlate to chest x-ray findings.
asbestos pleural plaques
pt is a 76yo man, retired navy shipyard worker.  a pulmonary nodule was found incidentally on chest x-ray.
this man worked fro 20+ years in a naval shipyard and was likely exposed to asbestos. asbestos exposure can cause benign pleural disease, asbestosis, carcinoma, and malignant pleural mesothelioma. pleural calcifications usually indicate benign disease. malignant findings include multiple pleural nodules, diffuse pleural thickening >1 cm (often circumferential), and mediastinal pleural involvement.


Keywords by value: 
- pleural: 0.5323028762103973
- asbestos: 0.3066478615965672
- shipyard: 0.2701380244767216
- plaques: 0.17835207812146495
- 76yo: 0.14135161279126188
- chest: 0.1399669552115641
- unidentified: 0.1350690122383608
- naval: 0.1350690122383608
- pt: 0.12721973540548923
- malignant: 0.12601219566627764
- navy: 0.12194030177797634
- worker: 0.12194030177797634
- benign: 0.12143314519470462
- is: 0.12102823615384085
- fro: 0.11987125962279122
- retired: 0.11493688291024559
- exposed: 0.11358865906989012
- years: 0.10836129085835876
- asbestosis: 0.1081917166789683
- worked: 0.10567351845203915
- unchanged: 0.09839090645432055
- mesothelioma: 0.09791410577310913
- correlate: 0.09745154009473296
- circumferential: 0.0949333418678038
- man: 0.0935873819060178
- indicate: 0.08999896515525818
- findings: 0.08724602101231292
- exposure: 0.08400068082695146
- seen: 0.08322468514378242
- field: 0.08307257113294893
- on: 0.08008405604992623
- opacity: 0.07691055328584989
- incidentally: 0.07530224277938902
- disease: 0.07420426308621521
- and: 0.07305717091622145
- review: 0.07278950142854948
- mediastinal: 0.07137184595821766
- calcified: 0.07120342256631582
- previously: 0.07095417108718377
- nodular: 0.07038771847122001
- nodules: 0.07022960690034354
- nodule: 0.06976472804744692
- pa: 0.06782984083849317
- reveals: 0.06723508468926022
- ago: 0.06467157053428266
- calcifications: 0.06450760287195756
- involvement: 0.06397324648833902
- mid: 0.06360986770274461
- later: 0.06325481584583037
- was: 0.0616081681497289
- cause: 0.060213994502948426
- asymptomatic: 0.06017283963281445
- thickening: 0.06013179378233168
- often: 0.05767314757163995
- radiograph: 0.05756857035017408
- found: 0.057191048254978234
- image: 0.05652735795876206
- usually: 0.05564350456057217
- diffuse: 0.055430200117379216
- pulmonary: 0.0538765450449996
- lung: 0.053767426287722214
- weeks: 0.052972646975679966
- carcinoma: 0.05286969111850928
- likely: 0.052818468594187803
- include: 0.052590039894551154
- cm: 0.05076221620406756
- prior: 0.049453226820006586
- can: 0.04638320868332365
- it: 0.04524456858345737
- to: 0.04419363983620868
- in: 0.04397611883246303
- lateral: 0.043865010456394495
- multiple: 0.043232481836262125
- that: 0.038357066096478265
- not: 0.03489346966683222
- ct: 0.033650131617988924
- this: 0.030371699656589746
- left: 0.030151065726204875
- the: 0.01763660355286301
- of: 0.017297135318269413
