Texto: 
non contributory
none required
abnormal high signal intensity noted in the subarachnoid spaces over the cerebral convexity - seen on flair images only.
cerebrospinal fluid hyperintensity on flair imaging due to oxygen administration
• subarachnoid blood
• high protein in the csf
• meningitis
13 year old girl, mentally handicapped, with increase in  behavior problems.  sedation was required to obtain diagnostic scan.
pediatric anesthesiologist confirmed the use of 100% oxygen administration during the period of sedation.


Keywords by value: 
- sedation: 0.3454662586480728
- oxygen: 0.2794151501241671
- subarachnoid: 0.24459142761654024
- flair: 0.23121661201125143
- administration: 0.21643903128729045
- handicapped: 0.20766553314094993
- anesthesiologist: 0.2008121114143606
- required: 0.19404533079148734
- mentally: 0.19115275600997353
- cerebrospinal: 0.17096766238985014
- behavior: 0.16932405199592226
- high: 0.15446705879022182
- obtain: 0.15203012613978933
- convexity: 0.14913895837579888
- the: 0.13557938341688275
- hyperintensity: 0.1355173490088129
- meningitis: 0.12800082160257129
- protein: 0.12611554099582745
- spaces: 0.12365739308125905
- pediatric: 0.1216429907401041
- period: 0.11881322224123042
- problems: 0.11787887104803234
- 100: 0.11148804447159487
- increase: 0.10909042365240158
- csf: 0.10737932623974862
- use: 0.10397811255312467
- diagnostic: 0.10357260656376169
- 13: 0.10249179474686007
- in: 0.10141842319869514
- confirmed: 0.10020377063318604
- intensity: 0.09649408487884216
- girl: 0.09532820567263142
- cerebral: 0.09414895670302068
- contributory: 0.09289656563066334
- during: 0.08607527189502324
- only: 0.08489917416631854
- on: 0.08208494270247026
- abnormal: 0.08164359544708441
- scan: 0.08062469765168977
- blood: 0.07892233777871965
- fluid: 0.07846249020964205
- due: 0.07811470444641269
- signal: 0.07703472794926354
- over: 0.07556331609313864
- none: 0.07426548440913266
- noted: 0.07205106449514799
- imaging: 0.07141715831417811
- to: 0.06794671572654701
- non: 0.0644791773938768
- seen: 0.06397802991396563
- images: 0.0628602532737014
- of: 0.053187903992969424
- was: 0.047360578391115106
- year: 0.04188000912050598
- old: 0.040219305880611796
- with: 0.02660984187646562
