Texto: 
no higher brain functions.  pupils fixed and dilated
no treatment available
• small subdural hematoma right convexity
• massive cerebral hemisphere edema on ct
• minor degree of subfalcine herniation.
• marked degree of downward transtentorial herniation
• hemorrhage in brain stem seen on dwi images
• marked white matter-gray matter contrast on adc map
• no cerebral blood flow on nm study
brain herniation with brain death
none
4 year old girl who reportedly fell in shower.  no reported loss of consciousness.  four hours later mother found child comatose and not breathing.
because of the patient's age, this case will be considered as possible non-accidental trauma - even though there are no other findings on skeletal survey and no skull fracture.


Keywords by value: 
- herniation: 0.28027874623865545
- brain: 0.2769528312828873
- no: 0.2167042610705893
- degree: 0.194210967687249
- matter: 0.16913484061876127
- marked: 0.16800604594790236
- on: 0.1677190873002331
- shower: 0.16412278762173377
- transtentorial: 0.15622824219600553
- cerebral: 0.15389499285621933
- functions: 0.1483336967702773
- subfalcine: 0.14442656915495655
- nm: 0.14273242765063615
- comatose: 0.13006526346903874
- reportedly: 0.12923661310526677
- map: 0.12623524623061444
- downward: 0.12555200613730183
- convexity: 0.12189056436507052
- survey: 0.12134206767953856
- stem: 0.1174349400642178
- fixed: 0.11456041627477175
- adc: 0.11456041627477175
- massive: 0.11418233944938265
- pupils: 0.11013952944025625
- subdural: 0.1089591471551306
- death: 0.1089591471551306
- breathing: 0.10867490349794114
- dwi: 0.10555297682808211
- minor: 0.10438673936356936
- hemisphere: 0.10393912551884842
- consciousness: 0.10371911928290145
- higher: 0.10087464564009323
- skeletal: 0.10068652490401327
- fell: 0.09889900027239883
- though: 0.09649219393784116
- mother: 0.09489893527433176
- even: 0.0934262487462185
- child: 0.09193734439863528
- skull: 0.09011422689080473
- four: 0.09000575672325588
- of: 0.08694044407581511
- considered: 0.08654624295265607
- hours: 0.08464940082930691
- reported: 0.07999501251781942
- dilated: 0.07954739867309846
- later: 0.07948428566899562
- girl: 0.07791129102610188
- hematoma: 0.07773770582240092
- because: 0.07762283619884791
- available: 0.07535502797319704
- possible: 0.07525335492378926
- hemorrhage: 0.07436142746591759
- study: 0.07407297263866361
- flow: 0.07397776293932286
- white: 0.073278154333304
- found: 0.07186471980706356
- will: 0.07148500440858557
- age: 0.06972829077311968
- and: 0.06885124435536988
- loss: 0.06766543543696277
- edema: 0.06624215998577401
- blood: 0.06450285289386803
- trauma: 0.06450285289386803
- fracture: 0.06312259780006597
- who: 0.06282574687754416
- none: 0.060696828689554914
- other: 0.05767832091695832
- small: 0.05729154756145242
- case: 0.055798315797427216
- in: 0.055259197978103046
- findings: 0.054815491634088734
- contrast: 0.05396466800209944
- treatment: 0.05290659609578853
- seen: 0.052288940851581575
- images: 0.051375387297234044
- be: 0.04505500787384488
- as: 0.04461912609759884
- there: 0.04419278909943151
- not: 0.043846187422957275
- ct: 0.04228384255899848
- are: 0.04214446941758115
- this: 0.03816425389081971
- right: 0.036822951442667784
- patient: 0.03612417159118614
- year: 0.03422833311233008
- old: 0.0328710482193812
- the: 0.022161677593738386
- with: 0.021748097742608413
