Texto: 
amylase - 648
ct abdomen: parallel pancreatic ducts

mrcp: dorsal duct of santorini tranversely crossing the bile duct to enter the minor papilla.
pancreatic divisum
persistent duct of santorini
45 year old male with recurrent pancreatitis. no history of alcohol use or gallstones.


Keywords by value: 
- santorini: 0.4666807678830065
- duct: 0.37680141345834806
- pancreatic: 0.2645469797891425
- tranversely: 0.23334038394150325
- 648: 0.22296919399738918
- divisum: 0.21561071762728953
- papilla: 0.20129658426207023
- mrcp: 0.1818021836694383
- enter: 0.17713867142484765
- crossing: 0.16773282252299868
- parallel: 0.16242171868464841
- gallstones: 0.15802604660118091
- amylase: 0.15486418682227007
- ducts: 0.15049984175027276
- pancreatitis: 0.1446920523704347
- bile: 0.14167933879642025
- minor: 0.13713452050805636
- alcohol: 0.13485937708860724
- dorsal: 0.13458870258744374
- 45: 0.1169940154870868
- recurrent: 0.1169940154870868
- persistent: 0.11242088673466169
- use: 0.11164065407813378
- abdomen: 0.08902885451606572
- of: 0.0856612835867684
- male: 0.06496433543353328
- the: 0.058228296984858145
- history: 0.05574571546737025
- ct: 0.055548956792016504
- or: 0.050759170932950265
- no: 0.047447972662606995
- year: 0.04496630585232711
- old: 0.04318321909128654
- to: 0.036476983472348914
- with: 0.028570822061099847
