Texto: 
lipase 90. normal ast, alt, alkphos, amylase.
the patient was not a candidate for surgery and decided to undergo chemotherapy for treatment.
large heterogeneously hypoattenuating pancreatic head mass 
encasing the smv, splenic vein, and a portion of the portal vein.
pancreatic adenocarcinoma
• pancreatic adenocarcinoma
• chronic  pancreatitis
• islet cell carcinoma
• metastases
• lymphoma
65 y/o woman with abdominal pain.


Keywords by value: 
- pancreatic: 0.4305832450259227
- adenocarcinoma: 0.2588066188510365
- alkphos: 0.23395557828033214
- vein: 0.2269687419395288
- encasing: 0.20346380983561982
- smv: 0.2012422401943152
- islet: 0.19727050436581436
- hypoattenuating: 0.18664062957525485
- decided: 0.18095660084775572
- candidate: 0.17297204139090747
- amylase: 0.16804053519059314
- lipase: 0.166778735921102
- heterogeneously: 0.16441519766474427
- pancreatitis: 0.15700292247721093
- splenic: 0.15532029799763583
- alt: 0.15223325232567395
- ast: 0.1518704392674609
- portal: 0.15151230779882252
- undergo: 0.14785068473541213
- 65: 0.1354765506688941
- metastases: 0.1279957219849606
- portion: 0.11321446799617284
- chemotherapy: 0.11242015867199608
- for: 0.09597327500679129
- the: 0.09477382462675306
- carcinoma: 0.09470196116309111
- head: 0.09442761161069732
- lymphoma: 0.094291447132876
- chronic: 0.09397630404539252
- cell: 0.0905683358536995
- abdominal: 0.08659132143946054
- surgery: 0.0851214095364975
- woman: 0.082455396004832
- large: 0.07932793221791291
- treatment: 0.07541788354803117
- and: 0.0654312254944416
- normal: 0.06464242309125934
- not: 0.06250235133446749
- mass: 0.06047535018490625
- pain: 0.05665397450055372
- was: 0.05517730692209613
- patient: 0.05149468624669355
- to: 0.03958056378694309
- with: 0.031001720465509284
- of: 0.030983208006108525
