Texto: 
small stature.
delayed bone age.
hormone replacement
ectopic posterior pituitary bright spot located at superior end of infundibular stalk at level of median eminence.

very small pituitary gland occupying floor of sella
ectopic pituitary posterior lobe
none
16 year old girl with short stature and delayed onset of puberty.


Keywords by value: 
- pituitary: 0.4155700524231494
- stature: 0.36463450277268983
- ectopic: 0.2656312198048906
- delayed: 0.23503094769649416
- infundibular: 0.2160394734218406
- eminence: 0.20056523757933098
- puberty: 0.1854180404665074
- stalk: 0.1736689616052296
- occupying: 0.1633479521494498
- median: 0.15542097541224356
- sella: 0.15542097541224356
- posterior: 0.15531323986939455
- small: 0.15493031048428257
- hormone: 0.15291181300936782
- floor: 0.15197148879476718
- spot: 0.14656291337233596
- bright: 0.13691103403121566
- replacement: 0.1349042511283376
- end: 0.132154664413506
- short: 0.1290780611680137
- gland: 0.1219929048077325
- located: 0.11879369961599591
- of: 0.11755407706398119
- 16: 0.11702106909854987
- at: 0.11344575210067728
- very: 0.10772928589486519
- girl: 0.10534556162894522
- superior: 0.0976347956953806
- onset: 0.09643142655572677
- age: 0.0942811479078145
- level: 0.09071419357204491
- lobe: 0.08678509367605895
- none: 0.08206951037757633
- bone: 0.08193998352742403
- year: 0.046280878263626986
- old: 0.04444566365666739
- and: 0.0310317580842817
- with: 0.02940607889925383
