Texto: 
non-contributory
none
post-operative and post-traumatic changes left frontal and parietal lobes.

mild diffuse atrophy right cerebellar hemisphere
crossed cerebellar diaschisis
• trauma
• infarction
• dilantin therapy (usually bilateral cerebellar atrophy)
history of left hemisphere truamatic hematoma removed at age 4 or 5.

now presents with seizures


Keywords by value: 
- cerebellar: 0.42301066570636536
- atrophy: 0.3260255307027779
- hemisphere: 0.32249173953365196
- truamatic: 0.27554846021875307
- diaschisis: 0.2633012642063677
- dilantin: 0.22693490213649628
- crossed: 0.2091806284528476
- removed: 0.1463704688411456
- lobes: 0.14375974890774829
- seizures: 0.1406543571042744
- parietal: 0.13913107794389917
- infarction: 0.13526323083040984
- hematoma: 0.12059832066547067
- now: 0.11827699916983464
- left: 0.11755196238303925
- frontal: 0.11089819789812945
- usually: 0.1084705133536945
- age: 0.10817292176493193
- diffuse: 0.10805470125421437
- changes: 0.10413216338044555
- trauma: 0.10006644336667317
- therapy: 0.09899869265350256
- mild: 0.09767312345986504
- none: 0.0941619711083726
- bilateral: 0.0926014703759061
- presents: 0.08288617150494076
- and: 0.07120821105745298
- history: 0.06582935110228241
- at: 0.06508065895925139
- or: 0.05994080902884463
- right: 0.05712525291236788
- with: 0.033738892056051725
- of: 0.03371874511388091
