Texto: 
not reported by author
not reported by author
grayscale transaxial and long sonographic views of the left testicle demonstrate a well defined hypoechogenic mass within the upper pole of the testicle.
leydig cell tumor
germ cell tumor, leydig or sertoli cell tumor, lymphoma, leukemia, melanoma, infarct, hematoma, epidermal cyst, dilated rete testes, abscess, adrenal rest
35 year old male with a history of infertility was referred for ultrasound examination of the testis
an alpha-fetoprotein, beta-human chorionic gonadotropin, and blood testosterone level probably were performed prior to resection of the testicle.  the history of infertility placed the diagnosis of leydig cell tumor higher on the differential diagnosis.


Keywords by value: 
- leydig: 0.39226777525817286
- testicle: 0.30704636254121254
- author: 0.2512493031468895
- cell: 0.2328147997940818
- infertility: 0.21856225857544428
- tumor: 0.21287734319498197
- the: 0.16241694773501894
- transaxial: 0.1503514462439448
- reported: 0.14656545868666332
- hypoechogenic: 0.14311932242130768
- of: 0.13937941198347994
- chorionic: 0.1379880489086948
- gonadotropin: 0.1379880489086948
- rete: 0.13588719859867052
- testosterone: 0.1323079132591048
- sertoli: 0.1293282343639259
- grayscale: 0.1267758001355851
- epidermal: 0.12077427539408964
- testes: 0.1127123921012176
- testis: 0.11019602787915107
- diagnosis: 0.1054893546935573
- probably: 0.09879700659292039
- germ: 0.0950161754702453
- melanoma: 0.0950161754702453
- adrenal: 0.09423202229441502
- leukemia: 0.09293760700199954
- higher: 0.09241037811451988
- sonographic: 0.09156488277028324
- pole: 0.0886743552811031
- rest: 0.0879855974307175
- by: 0.08641495100201599
- infarct: 0.08466616327208681
- 35: 0.08158323307831525
- not: 0.08033421545969047
- views: 0.08030864726212124
- placed: 0.0792842540848271
- history: 0.07774612537500067
- referred: 0.0752875446496413
- dilated: 0.07287267422613661
- defined: 0.0725854439931055
- hematoma: 0.07121483047815684
- long: 0.06746842266824579
- differential: 0.0661099620214752
- abscess: 0.06533433495098132
- resection: 0.06522084605045962
- examination: 0.0651080746820287
- ultrasound: 0.06275914510140719
- level: 0.061460788451772275
- lymphoma: 0.06059635572303073
- performed: 0.06019357640117382
- blood: 0.059090497791235555
- cyst: 0.05869381846171204
- prior: 0.05692735942381305
- upper: 0.05437176715509145
- demonstrate: 0.05289519817273732
- were: 0.05244739359801453
- well: 0.049266168919726294
- within: 0.046861311864413335
- male: 0.04530146689457621
- and: 0.04204934738001922
- an: 0.03890752958136378
- mass: 0.0388644563606631
- was: 0.03545967126136524
- or: 0.035395804271219314
- left: 0.0347079587314672
- year: 0.0313562757526356
- for: 0.030838590821606345
- on: 0.030729196967362718
- old: 0.03011287896674712
- to: 0.02543643136128583
- with: 0.01992324159270397
