Texto: 
unavailable
unavailable
sagittal proton density  images of the knee with and without fat suppression demonstrate screw tunnels in the distal femur and proximal tibia indicative of prior acl grafting.  the tibial screw tunnel lies anterior to a line drawn along the intercondylar roof (bloomensaat’s line).  the acl graft appears draped over the distal portion of the intercondylar roof.  there is increased signal intensity within the distal portion of the graft.
acl graft impingement
acl graft impingent
a 47 year old man with knee “popping” and a prior history of acl reconstruction.  a medial meniscal tear was suspected clinically.


Keywords by value: 
- acl: 0.4902444130327642
- graft: 0.38206435911017306
- intercondylar: 0.23558232780966132
- screw: 0.22081473300747118
- unavailable: 0.2030733803208085
- roof: 0.1977049070390848
- the: 0.16460203590284656
- distal: 0.1597669272935738
- tunnels: 0.1465812795647416
- bloomensaat: 0.1465812795647416
- impingent: 0.1465812795647416
- line: 0.14284606317964732
- draped: 0.13544374250109792
- knee: 0.13139885812947086
- portion: 0.13108634864263477
- popping: 0.11650503211580968
- tunnel: 0.10879921853689892
- suppression: 0.10805173169302783
- grafting: 0.10599769619653814
- lies: 0.10306814075255076
- prior: 0.10256575249108271
- drawn: 0.1001385853085634
- proton: 0.09969833668736951
- reconstruction: 0.09518477763794708
- meniscal: 0.09486015913289444
- indicative: 0.09422995798852228
- impingement: 0.09275478790746831
- of: 0.08968543682273257
- 47: 0.08404724057430339
- tibial: 0.07914034700851647
- tibia: 0.07831616278995522
- clinically: 0.07617057109424326
- tear: 0.07597096517967254
- femur: 0.07519645045812602
- suspected: 0.07510220931120104
- sagittal: 0.07047971378018093
- appears: 0.06712134199544596
- intensity: 0.06508332536896153
- along: 0.061407427897425676
- density: 0.060778767980764585
- medial: 0.05966248106678092
- proximal: 0.057262790592402406
- fat: 0.057017002710192645
- and: 0.05682008176001743
- signal: 0.05195837931544217
- anterior: 0.05117653522543636
- over: 0.0509659415229685
- increased: 0.04956435005518916
- man: 0.04852494400313722
- without: 0.048346209462872096
- demonstrate: 0.04765051337935708
- images: 0.042397980370760396
- within: 0.04221490125960703
- there: 0.036470479413159125
- with: 0.03589560953994531
- history: 0.03501870600121931
- was: 0.03194376045911405
- year: 0.028247226381465144
- old: 0.027127115346275453
- is: 0.025101197458696985
- to: 0.022914348651192972
- in: 0.02280156427458905
