Texto: 
non-contributory.
the patient was already status-post vp shunting for hydrocephalus and myelomeningocele repair.
sagittal t1 mri of the brain demonstrates multiple typical findings of an arnold chiari ii malformation, including cerebellar tonsillar herniation, dysgensis of the corpus callosum, a beaked tectum, towering cerebellum, small posterior fossa, and hyperplastic massa intermedia.

axial flair mri demonstrates tonsillar herniation.
chiari ii malformation
chiari ii malformation.
26 y.o. man with history of previous myelomeningocele repair. mri requested to reassess anatomy.


Keywords by value: 
- chiari: 0.3526580754406576
- myelomeningocele: 0.28575596657619784
- tonsillar: 0.2687785034320966
- ii: 0.2658773109778429
- malformation: 0.2600850939133818
- herniation: 0.18910786662823523
- dysgensis: 0.17976251524638928
- repair: 0.17391907345048052
- mri: 0.17309861867689574
- tectum: 0.16610380192259006
- towering: 0.16610380192259006
- massa: 0.16610380192259006
- reassess: 0.1581139668200671
- beaked: 0.15244508859879083
- arnold: 0.14804796503984752
- intermedia: 0.14616984382793494
- vp: 0.1364654183937449
- hyperplastic: 0.1354000044437833
- shunting: 0.12639941661352533
- already: 0.11930543386667684
- requested: 0.11755269181355253
- demonstrates: 0.11294363846891707
- anatomy: 0.10658524829796504
- callosum: 0.10587719519332651
- cerebellum: 0.1032749110966936
- corpus: 0.10247862667805359
- flair: 0.09562659854584536
- cerebellar: 0.09198800721907839
- hydrocephalus: 0.0917601970751547
- 26: 0.09131232875147649
- fossa: 0.08824312999290203
- of: 0.08798984291635843
- typical: 0.08687097316952301
- sagittal: 0.08643402936986266
- previous: 0.08493669987164283
- including: 0.08044368630363836
- brain: 0.07007393503353664
- t1: 0.07003629345957457
- the: 0.06728752829473303
- axial: 0.06493005501815206
- man: 0.059509413562878644
- posterior: 0.058126387107359685
- small: 0.05798307478129837
- findings: 0.05547713207055192
- multiple: 0.054980481097918844
- and: 0.046454867197302976
- an: 0.042983880423700535
- history: 0.04294580242542247
- was: 0.03917478919279223
- patient: 0.036560201843692346
- for: 0.034069557090211235
- to: 0.028101412138047448
- with: 0.022010604206633536
