Texto: 
non-contributory
pending
• vascular mass right occipital lobe.
• lesion enhances hetrogeneously.
• multiple serpentine flow voids surround lesion.
arteriovenous malformation right occipital lobe
• tumor
• infarct
• aneurysm
• vascular malformation
12 year old boy with seizures.


Keywords by value: 
- occipital: 0.35198483720034474
- hetrogeneously: 0.32891433129699
- malformation: 0.3172545534222662
- vascular: 0.2715630120392947
- surround: 0.26431207329814266
- serpentine: 0.2408550041320451
- lobe: 0.2377133865179369
- voids: 0.21075620060128006
- arteriovenous: 0.19728909385857202
- lesion: 0.19720748121872145
- enhances: 0.18129189185270098
- infarct: 0.17114550746297688
- pending: 0.16916031581642768
- seizures: 0.16789509102766492
- aneurysm: 0.15660204596364705
- boy: 0.14069332303699628
- 12: 0.14059600798010935
- flow: 0.136992106294941
- right: 0.13637756746618293
- tumor: 0.10757839826576533
- multiple: 0.1005986601262357
- mass: 0.07856122031587677
- year: 0.06338406653184328
- old: 0.06087064480969852
- with: 0.040273152354063986
