Texto: 
physical exam remarkable for decreased strength in left arm.  routine labs all within normal limits.
ongoing.  patient just diagnosed.
multiple ring-enhancing lesions in both cerebral hemispheres.  diffusion weighted imaging shows low signal intensity within the lesions confirmed with adc mapping.
glioblastoma multiforme (gbm)
multiple abscesses
lymphoma
glioblastoma multiforme
infarct
male presents to neurology clinic with vague complaints of minor left-sided arm weakness, transient in nature.
this case illustrates an interesting and unfortunate case of gbm.  the multifocal ring enhancing lesions can also appear similar to those seen with pyogenic abscess or lymphoma, but the diffusion-weighted images favor gbm. infarct is not likely given the involvement and crossing of the corpus collosum. biopsy proved these lesions to be consistent with glioblastoma multiforme.  the prognosis is very poor.


Keywords by value: 
- gbm: 0.31407366341031256
- multiforme: 0.3095427697230812
- glioblastoma: 0.29621569745564336
- lesions: 0.22745798144640936
- diffusion: 0.1668064398266041
- ring: 0.1668064398266041
- infarct: 0.16478363746738114
- arm: 0.15805636620607583
- weighted: 0.1477116075425507
- unfortunate: 0.134281345389003
- collosum: 0.13223692916367014
- mapping: 0.12875379236501847
- enhancing: 0.12405192229291591
- the: 0.11854051724942255
- favor: 0.11837685091807859
- lymphoma: 0.11793717262490346
- crossing: 0.11382286947044734
- proved: 0.11382286947044734
- pyogenic: 0.1125365421156355
- ongoing: 0.11021877416075539
- illustrates: 0.10678501855071901
- neurology: 0.10469122113677087
- interesting: 0.10469122113677087
- adc: 0.10212863281732146
- abscesses: 0.1005052565015117
- case: 0.09948646995542258
- remarkable: 0.09765337021704254
- transient: 0.0973923506202279
- vague: 0.09688179981101581
- multiple: 0.09685917781705104
- hemispheres: 0.09614307232129873
- multifocal: 0.09614307232129873
- minor: 0.09305897553557622
- within: 0.09120500005055972
- corpus: 0.09026835820314882
- nature: 0.0874216804636823
- prognosis: 0.08713238249866254
- those: 0.08472518891532099
- poor: 0.0835193238652026
- clinic: 0.08340321991330205
- strength: 0.08294641786340337
- complaints: 0.08153974699838717
- just: 0.07920899178058091
- limits: 0.07823707258902503
- appear: 0.07798118378624451
- with: 0.07755221431817366
- routine: 0.07667672220437033
- similar: 0.07546347906738853
- to: 0.07425943591713327
- in: 0.07389393112734571
- confirmed: 0.07300892966322772
- weakness: 0.07226225643013956
- diagnosed: 0.07172260230841587
- involvement: 0.0716636634535137
- very: 0.07102821066934552
- intensity: 0.0703060355046533
- biopsy: 0.06940483435353577
- labs: 0.06859736429439946
- cerebral: 0.06859736429439946
- given: 0.06811112868784087
- left: 0.06755123260350322
- abscess: 0.0635792915886408
- decreased: 0.06133090737474754
- likely: 0.0591679360551729
- all: 0.05894029376162195
- of: 0.05812942841900138
- shows: 0.05811227622912904
- low: 0.05681440160074063
- signal: 0.056127858252581604
- these: 0.05591282826949922
- both: 0.055214712349638734
- is: 0.05423096222376143
- physical: 0.05368731629842498
- consistent: 0.05368731629842498
- imaging: 0.052034871094766934
- can: 0.0519590741354934
- exam: 0.04984337454060635
- but: 0.04896226084203932
- presents: 0.04763053663621327
- seen: 0.046614687815287055
- also: 0.04657304650921121
- images: 0.045800270597326366
- male: 0.04408455638592458
- and: 0.040919796921360344
- normal: 0.04042649064587203
- be: 0.040165761485127766
- not: 0.03908811892773112
- an: 0.037862376193209264
- or: 0.03444498459290598
- this: 0.034022773302552094
- patient: 0.032204075161680584
- for: 0.030010189274915732
