Texto: 
not available
none to date
• low conus and tethered spinal cord to l3-4 level.
• lower cord divided into two hemi cords from lower l2 through upper l4.
• no bony or fibrous septum seen.
• dysraphic sacral spinal canal.
diastematomyelia
none
47 year old woman seen in neurology clinic for a complaint of "neuralgia".


Keywords by value: 
- dysraphic: 0.25914573230185384
- cord: 0.25140981226805015
- spinal: 0.24082985664984968
- diastematomyelia: 0.22998706248087442
- neuralgia: 0.21555360013009942
- cords: 0.21335047467834775
- hemi: 0.1985921064806888
- tethered: 0.1973268691922053
- divided: 0.18877448707444208
- none: 0.18535173411655112
- conus: 0.18214074413144482
- sacral: 0.18069028138967863
- neurology: 0.17930730696084762
- l2: 0.17434102472366708
- lower: 0.17331387864699155
- l4: 0.16190840587559027
- seen: 0.159676313758156
- septum: 0.1593844651980936
- date: 0.1567401819365602
- 47: 0.15550131146938875
- complaint: 0.146873187682424
- clinic: 0.1428468078997784
- fibrous: 0.1317324844625555
- bony: 0.13066106800035704
- canal: 0.13052981573823502
- available: 0.11505695940615797
- level: 0.10243775678815965
- through: 0.10094853447234951
- two: 0.10070742537229377
- low: 0.09730746510552252
- upper: 0.09062236265234729
- into: 0.09014723810195244
- woman: 0.0883192188768759
- to: 0.08479067825141051
- from: 0.06735105449106221
- not: 0.06694721164767363
- or: 0.05899479783116762
- no: 0.05514636081087331
- year: 0.05226204593602689
- for: 0.051399211527397674
- old: 0.05018965505474214
- in: 0.042186669354332296
- and: 0.03504218647793021
- of: 0.033186581618490016
