Texto: 
bilateral neck masses
no surgery on right neck mass to date
bilateral enhancing neck masses.
left sided mass at c1-2 compresses and displaced cervical cord and medulla.
neurofibromatosis type 1 with left c1-2 schwannoma
• schwannoma
• neurofibroma
• glomus vagale tumor
• glomus carotid body tumor
18 year old woman with headache and neck pain


Keywords by value: 
- neck: 0.3916550821552335
- glomus: 0.36187486938588537
- schwannoma: 0.27433189992450774
- vagale: 0.23652315148557718
- masses: 0.21793297856752084
- compresses: 0.1874416493911973
- medulla: 0.18510201129751527
- bilateral: 0.1720454176665675
- tumor: 0.16744242024336933
- neurofibromatosis: 0.15872596964650998
- neurofibroma: 0.15829093144213074
- date: 0.14793960721153881
- carotid: 0.13482631186857186
- displaced: 0.1337258021072183
- mass: 0.12227808815730538
- 18: 0.12128972255922771
- cord: 0.11864688561837933
- cervical: 0.11463856847231214
- headache: 0.11033923377204923
- left: 0.10920062275262077
- type: 0.10737506579576843
- body: 0.10534088535301578
- sided: 0.10295941827238898
- enhancing: 0.10026868974810985
- and: 0.0992239623431739
- surgery: 0.08605558452785726
- woman: 0.08336031251490639
- with: 0.06268390503765645
- at: 0.060457080795841965
- pain: 0.05727573025422059
- right: 0.05306685712829571
- no: 0.05205002863151223
- year: 0.04932766092473054
- on: 0.04834118121849716
- old: 0.047371629681318236
- to: 0.04001494537243397
