Texto: 
t6 sensory level.
lower extremity weakness and hyper-reflexia.
negative laboratory (including csf evaluation for ms)
surgery contemplated if symptoms progress.
mri-- focal deformity of spinal cord at t3-4
preservation of flow voids behind cord at same level
no pathological enhancement.

ct myelogram-- no mass behind cord.  rapid filling of posterior subarachnoid space with contrast.
transdural spinal cord herniation
• arachnoid cyst
• focal cord atrophy
59 year old woman with back pain and bowel and bladder incontinence.  had mri ordered to rule out transverse myelitis or ms
patient had a punctate focus of elevated t2 si at c3.
significance is not known at this time


Keywords by value: 
- cord: 0.4197793339402526
- ms: 0.21995535308460606
- behind: 0.21833429963200268
- transdural: 0.18112897397304797
- at: 0.17112043338468702
- spinal: 0.16084558658293527
- t6: 0.13984135524885272
- contemplated: 0.13984135524885272
- myelogram: 0.13984135524885272
- level: 0.1368323787427034
- myelitis: 0.13642924303342052
- focal: 0.13549520543085786
- si: 0.13351840941547385
- significance: 0.12736023753683842
- preservation: 0.12374021611703478
- incontinence: 0.11975586984074209
- pathological: 0.11802824610821198
- punctate: 0.11802824610821198
- mri: 0.11627628134495173
- voids: 0.11606078161093819
- progress: 0.11532532169463676
- had: 0.11286157527717401
- c3: 0.10943366586586002
- 59: 0.10739545248580816
- atrophy: 0.10715478108339226
- sensory: 0.1066820171392576
- rapid: 0.10532773226781797
- arachnoid: 0.10345517980717855
- subarachnoid: 0.10192710697639407
- ordered: 0.09950696665749952
- focus: 0.0959412685208152
- herniation: 0.09527268186489245
- deformity: 0.0925721483415115
- rule: 0.0898921911341924
- same: 0.08959361185961139
- csf: 0.089495074944743
- of: 0.0886586947542713
- bladder: 0.08789069895490625
- filling: 0.08771019637000042
- transverse: 0.087265991096056
- weakness: 0.08266050659721097
- laboratory: 0.08224684272675833
- extremity: 0.08157599690308424
- including: 0.08105517628531522
- elevated: 0.07721152252043251
- back: 0.07553691656999045
- flow: 0.07543982519023931
- space: 0.0753914569626791
- out: 0.07444804209455744
- no: 0.07366236791342332
- known: 0.07332851516858455
- bowel: 0.0726858976678586
- and: 0.07021198846685614
- negative: 0.07011910227605686
- evaluation: 0.06907290337521892
- time: 0.06713264271355547
- if: 0.06580744758457859
- cyst: 0.06533608663278442
- enhancement: 0.06519105203906773
- t2: 0.06516217181929299
- symptoms: 0.06196999579527949
- surgery: 0.06089389665251708
- woman: 0.058986691950956745
- posterior: 0.05856823288818405
- lower: 0.05787648770324595
- contrast: 0.055031200711852
- not: 0.044712743167962615
- with: 0.044355834151630386
- mass: 0.04326267321273012
- ct: 0.04311952084356506
- pain: 0.040528949026764544
- or: 0.0394014803417513
- this: 0.038918514532546945
- patient: 0.03683811299101492
- year: 0.03490480603834135
- for: 0.03432853568502844
- old: 0.03352069639526658
- is: 0.031017290575503228
- to: 0.028315024079306923
