Texto: 
t8 sensory level
paraplegia
posterior spinal fusion from t4-t7.
spinal cord edema and hematoma at t6 level
paraspinal hematoma
widened disk space at t4-5 with disruption of ligamentum flavum and interspinous ligaments.
hyperflexion injury of the thoracic spine with spinal cord hematoma
none
13 year old boy who was stuck by a falling brick wall


Keywords by value: 
- spinal: 0.3097118876262351
- hematoma: 0.30528813143465006
- brick: 0.2221776403695203
- cord: 0.21554527778368462
- hyperflexion: 0.2005819696613101
- paraplegia: 0.19417654378793853
- interspinous: 0.19417654378793853
- t8: 0.1829152446953621
- stuck: 0.18115677532643773
- t6: 0.1795118370873102
- flavum: 0.1795118370873102
- level: 0.17564926796810934
- ligamentum: 0.17139518504018478
- widened: 0.15431440993736298
- falling: 0.14804104496305015
- ligaments: 0.14668739785443305
- disk: 0.14301080760437462
- paraspinal: 0.14153284598068208
- sensory: 0.1369457900831175
- disruption: 0.13131841668755836
- fusion: 0.12213159499796707
- at: 0.10983211406024282
- 13: 0.10965413841033902
- thoracic: 0.10864658838983322
- boy: 0.09945716710857287
- space: 0.09677865976038187
- spine: 0.09604515024642891
- injury: 0.09481021060412569
- wall: 0.08844308330519866
- edema: 0.08671444155406947
- who: 0.08224217864987408
- none: 0.07945531373143792
- posterior: 0.07518298905217165
- by: 0.061741491068385626
- and: 0.060086579361349965
- from: 0.05774317882955984
- with: 0.056938787956751793
- of: 0.056904787359863936
- was: 0.05067023590444198
- year: 0.044806672847017476
- old: 0.04302991614785318
- the: 0.029010791569222164
