Texto: 
abnormal eeg with left temporal lobe spikes.
surgical removal
• left posterior temporal lobe cortical lesion - 8 mm. and cystic appearing • no pathologic enhancement nor edema.
• lesion appears unchanged on mri pver three years.
dnet (dysembryoplastic neuroepithelial tumor)
• pleomorphic xanthoastrocytoma
• gangliocytoma
• ependymoma
• astrocytoma
• dnet
• cortical dysplasia
21 year old man with a three year history of epilepsy, with poor  seizure control.
no further seizures following surgery reported.


Keywords by value: 
- dnet: 0.32834785320760135
- pver: 0.23700619150315297
- temporal: 0.22768886096817958
- spikes: 0.22647206882584356
- cortical: 0.21279745962669094
- three: 0.1989686306488688
- gangliocytoma: 0.19519244212728595
- dysembryoplastic: 0.18465831944997652
- epilepsy: 0.18465831944997652
- eeg: 0.17718424046594405
- xanthoastrocytoma: 0.17591665525446945
- neuroepithelial: 0.1747080492811101
- lobe: 0.17128941808577483
- unchanged: 0.1649733848577854
- pleomorphic: 0.14997453352098883
- nor: 0.14426850687019813
- lesion: 0.14210202965396437
- control: 0.12662882689456995
- ependymoma: 0.12518510308820868
- poor: 0.12501015062080106
- seizure: 0.12332252217994429
- pathologic: 0.12143220918233748
- seizures: 0.12098036573727793
- appearing: 0.11842285885779215
- 21: 0.11842285885779215
- dysplasia: 0.11350628675324549
- removal: 0.11328327814592636
- astrocytoma: 0.11187859317971618
- appears: 0.10852800359062914
- reported: 0.10674170962261346
- mm: 0.10606021892365924
- left: 0.10110941242788307
- further: 0.09652601296544631
- no: 0.0963867728796517
- year: 0.09134546464702563
- years: 0.09084543269637413
- cystic: 0.08925661979268668
- abnormal: 0.08903737508877611
- following: 0.08890671089098012
- edema: 0.08839052815200357
- with: 0.08705902009460686
- enhancement: 0.08530210614543847
- surgery: 0.0796793037294364
- man: 0.07845962462080781
- tumor: 0.07751789458500791
- posterior: 0.07663618644449294
- mri: 0.07607341332319585
- surgical: 0.07203068110822276
- history: 0.056621487855492696
- on: 0.04475934574241941
- old: 0.043861633039216356
- and: 0.030623990591494236
- of: 0.029002344470958435
