Texto: 
tenderness to palpation of the right lower quadrant.
the lesion was surgically resected.
axial ct image of the abdomen showing a heterogenous mass involving the right kidney.
wilms tumor
wilms tumor (nephroblastoma)
neuroblastoma
rhabdoid tumor
clear cell sarcoma
renal cell carcinoma
4 year old female with possible appendicitis.


Keywords by value: 
- wilms: 0.43742300663420147
- tumor: 0.31271845911528795
- nephroblastoma: 0.26615912381899776
- rhabdoid: 0.23493255872815783
- cell: 0.2280044910937418
- heterogenous: 0.18771253617032935
- surgically: 0.18494778200973952
- neuroblastoma: 0.18309887647975354
- resected: 0.1823858688575981
- showing: 0.17207169130955072
- appendicitis: 0.1690537445325947
- sarcoma: 0.16717752669750469
- the: 0.15906116598289904
- clear: 0.14447829113826244
- kidney: 0.14000751479246565
- quadrant: 0.1395903616469654
- involving: 0.1395903616469654
- possible: 0.13502910968352028
- palpation: 0.13439798767924865
- right: 0.13214481545064286
- image: 0.12745236689002135
- tenderness: 0.12497860252554843
- renal: 0.12410262589083419
- abdomen: 0.12159924073625042
- carcinoma: 0.11920541686583218
- axial: 0.11511624650503181
- lower: 0.10183667859622157
- female: 0.09616592832976432
- lesion: 0.09554337526072994
- of: 0.07799978333813849
- mass: 0.07612291488329329
- ct: 0.07587103087326666
- was: 0.06945404078649543
- year: 0.0614168145830775
- old: 0.05898140195772168
- to: 0.0498217518207646
- with: 0.039023194095048355
