Texto: 
non-contributory
surgical removal
intraventricular mass on ct scan.  no calcifications.

intraventricular mass on mri.  no enhancement
neurocytoma
• meningioma
• choroid plexus pappiloma
• metastatic disease
• intraventricular oligodenroglioma
• ependymoma
• neurocytoma
52 year old man in motor vehicle accident.
no symptoms prior to or following the event.
ct scan ordered to rule out a traumatic brain injury.


Keywords by value: 
- intraventricular: 0.5036972672781266
- neurocytoma: 0.36049604074651664
- pappiloma: 0.24620976249138937
- oligodenroglioma: 0.24620976249138937
- scan: 0.1911784527699098
- event: 0.1606703520235882
- no: 0.15718073699582724
- choroid: 0.15110182171978132
- 52: 0.14921815018747572
- plexus: 0.14525742782716017
- ordered: 0.14155195566369005
- vehicle: 0.13997615074632758
- accident: 0.13766489420048772
- ependymoma: 0.13609534570247528
- motor: 0.1281613687701161
- rule: 0.12787461904789313
- removal: 0.12315624240622354
- mass: 0.12308517094244166
- ct: 0.12267789296997664
- traumatic: 0.122090281748259
- meningioma: 0.12072883242030369
- calcifications: 0.11758730828626579
- out: 0.10590480554079969
- injury: 0.1050654755166927
- brain: 0.10044022650746405
- on: 0.09732050350973355
- following: 0.09665518704291946
- enhancement: 0.09273643060254966
- prior: 0.09014552655719041
- metastatic: 0.0883648911868071
- symptoms: 0.08815437141688155
- man: 0.08529760708773225
- mri: 0.08270343059662992
- to: 0.08055811904880926
- surgical: 0.07830836261484608
- disease: 0.06763140444850618
- or: 0.05604991073254656
- year: 0.04965324260958787
- old: 0.047684300801678396
- in: 0.04008080607684631
- the: 0.0321487800935583
