Texto: 
afebrile.  right adnexal pain on bimanual examination.
negative pregnancy test (serum hcg).
cyst resolved on 6 week follow up scan
the right ovary contains a complex cyst with lacelike internal septations without internal blood flow (demonstrated on image 2).  the dimensions of the cyst are 4.5 cm x 3.4 cm x 3.3 cm and the dimensions of the right ovary are 5.6 cm x 4.4 cm x 4.4 cm.
hemorrhagic cyst
hemorrhagic cyst
cystadenoma
cystadenocarcinoma
hydrosalpinx / pyosalpinx
ectopic pregnancy
endometrioma
epidermoid
ovarian torsion
teratoma
tubovarian abscess
thirty six-year-old female with menorrhagia and right adnexal pain for seven weeks.


Keywords by value: 
- cm: 0.3870180181174233
- cyst: 0.32394801531477957
- dimensions: 0.26663514380491865
- adnexal: 0.22400388743948887
- ovary: 0.21979152319959294
- hemorrhagic: 0.19484830211680335
- pregnancy: 0.18382399402075686
- lacelike: 0.16596654941509825
- tubovarian: 0.1579833163583417
- internal: 0.15138555869457387
- right: 0.14894648765787827
- menorrhagia: 0.14604906286234082
- pyosalpinx: 0.14275992240541785
- bimanual: 0.1386716953110672
- thirty: 0.13240163581032527
- hydrosalpinx: 0.12836942319281305
- cystadenocarcinoma: 0.12564937077175997
- endometrioma: 0.12216576873083144
- septations: 0.12164069560514273
- seven: 0.12112926229664576
- cystadenoma: 0.11365746254838618
- the: 0.11205321371825122
- torsion: 0.11200194371974444
- contains: 0.10933317831734655
- hcg: 0.10533180215927589
- on: 0.10176195003861803
- resolved: 0.10089310167214123
- serum: 0.1007132915153246
- ectopic: 0.09933103457790188
- epidermoid: 0.09757619100563741
- teratoma: 0.09712354864953765
- afebrile: 0.09697495114926037
- ovarian: 0.09568575126533102
- test: 0.09134780152114531
- complex: 0.08653608159586156
- are: 0.08523584405947332
- pain: 0.08037991423518295
- week: 0.07554267131148176
- flow: 0.07480883201170827
- abscess: 0.07211978601490386
- examination: 0.07187002695341223
- image: 0.07182870673818625
- negative: 0.06953261264529034
- demonstrated: 0.06902494722032393
- weeks: 0.06731177366430931
- scan: 0.06663444138225229
- blood: 0.06522748045748722
- follow: 0.06054681009236035
- without: 0.05924122749183049
- up: 0.05555733032512503
- female: 0.05419651617897797
- and: 0.04641648127877355
- with: 0.0439848334407041
- of: 0.043958568206675354
- for: 0.034041405223212154
