Texto: 
weakness on plantar flexion
conservative treatment, immobilization, followed by physical therapy
plain radiographs demonstrate thickening of the achilles tendon, convex impression of achilles tendon on the posterior margin of kager's fat pad, and a lower limits normal toygar's angle. 

mr findings demonstrates focal thickening of the achilles tendon increased t2w signal within the tendon and overlying subcutaneous tissues
partial achilles tendon tear
partial achilles rupture
complete achilles rupture
left ankle/leg pain and weakness


Keywords by value: 
- achilles: 0.6173090517885762
- tendon: 0.46011086845560856
- rupture: 0.17045277567428682
- toygar: 0.16858991643378515
- partial: 0.16244961613468528
- kager: 0.16109666551655244
- weakness: 0.15387629702657937
- thickening: 0.1434382514438999
- convex: 0.12266727436073539
- pad: 0.11369478372423064
- plantar: 0.10768077252626992
- t2w: 0.10636016580402426
- immobilization: 0.1028848419647627
- impression: 0.1026227009641227
- subcutaneous: 0.10041709761326564
- margin: 0.09246751164218577
- angle: 0.09246751164218577
- overlying: 0.08981290391218368
- flexion: 0.08955442933962465
- tear: 0.08737772455709818
- the: 0.08414063229809235
- limits: 0.08329957861084476
- tissues: 0.08311750195891555
- of: 0.08252109870602578
- conservative: 0.08138908142170916
- complete: 0.07389583050447641
- followed: 0.07118900609573525
- plain: 0.06955328870256033
- radiographs: 0.06837416982600468
- mr: 0.06821170169671667
- fat: 0.06557789474044441
- and: 0.06535140683808278
- on: 0.06367744496873197
- focal: 0.0630576236912984
- therapy: 0.060570766057839474
- signal: 0.05975973775666466
- physical: 0.0571612750377023
- increased: 0.05700625385937185
- demonstrate: 0.05480506168664331
- posterior: 0.05451371623052794
- lower: 0.05386985865013033
- demonstrates: 0.052961983050537106
- findings: 0.052029117677514655
- treatment: 0.050217254869473364
- within: 0.04855331251542406
- by: 0.0447675486992949
- normal: 0.0430423777894367
- pain: 0.03772324206169296
- left: 0.035961143638855435
