Texto: 
non-contributory
none
• 2 cm intraventricular mass right lateral ventricle
• isointense to brain on t1 mri
• slightly hyperintense on t2 mri
• homogeneous enhancement
central neurocytoma
• meningioma
• ependymoma
• choroid plexus papilloma
• neurocytoma
20 year old woman presents to er with intractable headache


Keywords by value: 
- neurocytoma: 0.4722385875419475
- intractable: 0.2682733057087646
- intraventricular: 0.2199425783388068
- mri: 0.21667783739843127
- choroid: 0.19793868114667826
- papilloma: 0.19353353803769713
- isointense: 0.19098083262790197
- plexus: 0.19028270714159656
- homogeneous: 0.18634985227819897
- ependymoma: 0.17828066486522431
- hyperintense: 0.1678874021476395
- slightly: 0.164636571251539
- meningioma: 0.1581510109783462
- er: 0.15786195049977017
- ventricle: 0.1553572652823957
- headache: 0.1454949866526804
- central: 0.14094290310804952
- 20: 0.13616212679233416
- brain: 0.1315735690191111
- t1: 0.131502891723376
- on: 0.12748682904016553
- enhancement: 0.12148183627964865
- t2: 0.12142801873842698
- cm: 0.12121352797503272
- none: 0.11534236125095387
- woman: 0.10992017201946463
- to: 0.10552862737650838
- lateral: 0.10474390343215993
- presents: 0.10153023162002739
- mass: 0.08061887053301771
- right: 0.0699747624270428
- year: 0.06504420161806171
- old: 0.062464949162489646
- with: 0.04132797380863274
