Texto: 
gray-scale sonographic images demonstrate a cystic lesion within the anterior neck, midline, with a thin rim and increased through-transmission, with some internal midlevel echo consistent with debris, measuring approximately 1.1 x 0.6 x 1.2 cm.
thyroglossal duct cyst
thyroglossal duct cyst
thyroid lesion
abcess
4 year-old girl with anterior midline neck mass.


Keywords by value: 
- thyroglossal: 0.4322767035735839
- duct: 0.2957731068548885
- midlevel: 0.27474343718479716
- midline: 0.2584172257654593
- neck: 0.210187980671996
- abcess: 0.19990536386080768
- cyst: 0.198208609257246
- anterior: 0.19184465073297532
- debris: 0.1823427143886311
- lesion: 0.1647281862573061
- echo: 0.15911043595381197
- sonographic: 0.15460698031207307
- rim: 0.13681176554339464
- thyroid: 0.13501319799324793
- with: 0.1345612915118825
- thin: 0.1337314276922242
- measuring: 0.13290625124566952
- girl: 0.1205144935882218
- internal: 0.11578216114908897
- approximately: 0.10962004789717703
- some: 0.10809403475235069
- cystic: 0.10346848053972928
- cm: 0.09866591178990412
- consistent: 0.09315317018910793
- increased: 0.0929005391167883
- demonstrate: 0.08931335480450923
- images: 0.07946831199281054
- within: 0.07912515913983797
- mass: 0.06562249693986996
- and: 0.03550008707392813
- the: 0.03428005513835023
