Texto: 
mild bilat decreased motor strength, otherwise non-contributory.
inr = 1.0
wbc = 3.3
hct =41
plt = 179
ast = 23
alt = 35
surgical removal
an extraaxial lesion is seen posteriorly within the spinal canal from the level of t6 to t9, and exits the neural foramina at the t7-t8 level bilaterally. this lesion presses on the spinal cord and demonstrates isointense t1 imaging and hyperintensity on t2 imaging, with uniform enhancement after gadolinium administration.
angiolipoma,spine
neurofibroma
schwannoma
atypical meningioma
sarcoid
angiolipoma
a 43-year-old man with gradual onset of numbness from umbilicus distally into bilateral lower extremities, with complaints of inability to run or climb stairs secondary to hip flexure weakness.


Keywords by value: 
- angiolipoma: 0.33603264568235003
- presses: 0.17375047258578558
- climb: 0.16801632284117501
- spinal: 0.1614701543953577
- 179: 0.15420034294881832
- exits: 0.15185266254568264
- bilat: 0.1497525908630698
- umbilicus: 0.14304594357967523
- t6: 0.1403843630564616
- t9: 0.13917597820041852
- run: 0.13917597820041852
- level: 0.1373637026122323
- gradual: 0.12853051487975484
- stairs: 0.12595503490370957
- flexure: 0.12422070276096919
- extraaxial: 0.12367457967618885
- foramina: 0.12262527184707003
- plt: 0.12212063107835634
- inr: 0.12162845185782957
- imaging: 0.1195072174003959
- distally: 0.11933486170681822
- uniform: 0.1189061947408014
- inability: 0.11727816816031557
- the: 0.11343712933616114
- hyperintensity: 0.11338522612643881
- neurofibroma: 0.112443370016711
- alt: 0.10932704173124956
- ast: 0.10906648578995597
- lesion: 0.10902136822339181
- hct: 0.10781247196547285
- sarcoid: 0.10663270483965191
- neural: 0.10530339597869261
- isointense: 0.10288440156146705
- numbness: 0.10107112972871297
- posteriorly: 0.10022282103825342
- schwannoma: 0.09743705166671528
- strength: 0.09525050589759923
- gadolinium: 0.09473939467089147
- 23: 0.09375488613706139
- complaints: 0.09363517258995893
- atypical: 0.09328028643759982
- 35: 0.09116849335172315
- administration: 0.09054555997660807
- motor: 0.09044360453346194
- from: 0.09031426018887476
- canal: 0.08751684609892225
- hip: 0.08734200071745443
- removal: 0.08691148191461039
- extremities: 0.0864068411458967
- to: 0.0852749162769821
- meningioma: 0.0851984562898536
- cord: 0.08428186971529157
- weakness: 0.08298147960539812
- otherwise: 0.08104996914447686
- wbc: 0.08036365814624903
- bilaterally: 0.07583022848324539
- spine: 0.07511057466059555
- onset: 0.07301050297798273
- t1: 0.07084269207749433
- and: 0.07048462353863016
- decreased: 0.07042859842632158
- on: 0.06867917545590492
- secondary: 0.06739332060153795
- with: 0.0667921036034056
- of: 0.06675221916835868
- enhancement: 0.0654441906773515
- t2: 0.06541519831489338
- mild: 0.06445374051368079
- bilateral: 0.0611069957770571
- into: 0.060441378229115925
- man: 0.060194605575188936
- lower: 0.05810122368813336
- demonstrates: 0.05712203635379205
- surgical: 0.05526228884699246
- after: 0.055158113109805104
- seen: 0.05352940742994692
- within: 0.052367073943522836
- an: 0.043478797274011965
- at: 0.042946224677073916
- or: 0.03955447736769434
- this: 0.03906963618904195
- is: 0.03113773156324537
