Texto: 
non-contributory
dumbbell shaped tumor at t1 and t2 levels, extending into the left t1-t2 foramen.  lesion has high signal intensity on t2 scans and enhances very uniformly and intensely.
schwannoma t1-t2
• metastatic disease
• meningioma
• neurofibroma
• meningioma
37 year old woma with a history of breast cancer.
presents now with upper back pain and numbness


Keywords by value: 
- t2: 0.39617717757982895
- t1: 0.3217859746940716
- woma: 0.2753099063578412
- meningioma: 0.2579957320055068
- dumbbell: 0.2375025823958401
- uniformly: 0.21255412413611977
- intensely: 0.20581984099818476
- neurofibroma: 0.17024903278724218
- foramen: 0.15303047281907303
- numbness: 0.15303047281907303
- enhances: 0.15174605974932698
- scans: 0.14979834191439834
- schwannoma: 0.1475281628559645
- 37: 0.14666584270774302
- shaped: 0.14382812875022655
- and: 0.1422931262440969
- levels: 0.13648104989979057
- breast: 0.1250124155879184
- very: 0.12349555603964492
- intensity: 0.12223992221920602
- now: 0.11817460181008661
- extending: 0.11672184879168439
- back: 0.11481355506678127
- cancer: 0.11466597945763872
- high: 0.09784040791544117
- signal: 0.09758856373962499
- metastatic: 0.0944172337638429
- upper: 0.09199582407300767
- into: 0.09151349859316366
- tumor: 0.09004593577873521
- presents: 0.08281441346930156
- lesion: 0.08253391236146598
- has: 0.07863441188563135
- disease: 0.07226365627602312
- with: 0.06741936576379208
- history: 0.06577235987157727
- at: 0.06502431590274113
- pain: 0.061602629974598
- left: 0.05872509635902595
- year: 0.05305412309840767
- on: 0.05199311970219053
- old: 0.050950323314941766
- the: 0.034350734149594685
- of: 0.0336895533817782
