Texto: 
non-contributory
radiation therapy
• enhancing intramedullary mass associated with cord edema.  
• nodular lesion of left frontal lobe of the brain
• extraaxial lesion sinodural angle (transverse sinus) on the left
metastatic spinal cord tumor from small cell ca of lung
cord lesion
• astrocytoma
• ependymoma/myxopapillary ependymoma
• paraganglioma
• cord infarct

intraaxial brain lesion
• metastasis

extraaxial brain lesion
• dural metastasis
• meningioma
51 year old woman with known small cell carcinoma of the lung.  presents with leg weakness, bowel and bladder incontinence.


Keywords by value: 
- cord: 0.39138540530277477
- lesion: 0.31641867738662655
- extraaxial: 0.28715799528254465
- brain: 0.24686535048815264
- ependymoma: 0.22299979722534202
- sinodural: 0.20171419833309132
- metastasis: 0.1934924907513317
- lung: 0.1605942489743211
- intraaxial: 0.15359554979018933
- cell: 0.15102016087084064
- intramedullary: 0.14486489391856783
- paraganglioma: 0.14357899764127233
- incontinence: 0.13956945907464657
- small: 0.13618008913409768
- 51: 0.1260264794040362
- dural: 0.11713735710223648
- angle: 0.1157814776795788
- ca: 0.11262109541502541
- infarct: 0.10984093458814932
- nodular: 0.10511813160269083
- of: 0.10332726141585823
- bladder: 0.10243220083610105
- transverse: 0.10170413516336733
- astrocytoma: 0.0996480530728708
- leg: 0.0996480530728708
- meningioma: 0.0989104550564008
- weakness: 0.0963366740014612
- sinus: 0.09538230457736753
- spinal: 0.09372873139236762
- left: 0.09005615649453086
- radiation: 0.08747416490390876
- known: 0.08546070610515087
- frontal: 0.08495873027055789
- bowel: 0.08471176764319911
- enhancing: 0.08269012197772134
- the: 0.07901634774761318
- carcinoma: 0.07895643259216363
- edema: 0.07872769749867421
- with: 0.0775417495724495
- lobe: 0.07628205065474056
- therapy: 0.07584255998472499
- metastatic: 0.07239539572343728
- associated: 0.0695738975978375
- tumor: 0.06904365754131185
- woman: 0.06874603056322993
- presents: 0.06349881261836304
- from: 0.052424802997443676
- mass: 0.05042047547609821
- year: 0.040679800533830524
- on: 0.03986626514764062
- old: 0.03906669017489073
- and: 0.027276183522100084
