Texto: 
a firm hard mobile mass in the outer quadrant of the right breast.
these images were acquired on a film-screen unit and then copied with a digital camera; hence, the image quality is suboptimal.

the mammograms show a large poorly defined mass in the outer quadrant of the right breast.

the ultrasound shows a large irregular hypoechoic solid mass with internal vascularity at the 9:00 position of the right breast.
poorly differentiated ductal carcinoma
malignant breast mass
benign breast mass
a 39 year old black woman who recently moved to qatar with her husband and childern and who also recently discovered a palpable right breast mass.


Keywords by value: 
- breast: 0.46642299210641597
- mass: 0.24534322312458445
- outer: 0.20586567738272118
- poorly: 0.1933782524081025
- the: 0.19224457180220758
- recently: 0.18689095354742608
- copied: 0.1711974895667503
- qatar: 0.1711974895667503
- childern: 0.1711974895667503
- husband: 0.1540019472028962
- quadrant: 0.14996600912309163
- right: 0.1419670410308102
- camera: 0.13920538594716314
- suboptimal: 0.13757248956710025
- moved: 0.1333848728463722
- quality: 0.12456456392397416
- hence: 0.12306244486630054
- who: 0.12110905067784299
- digital: 0.12037694720324613
- mammograms: 0.11976159798291433
- unit: 0.11451477710462327
- black: 0.10969705184717733
- large: 0.10727550158669932
- vascularity: 0.10705882491394682
- hard: 0.1058669025024464
- mobile: 0.10558038594751307
- acquired: 0.10318140483939199
- differentiated: 0.10220630396701894
- discovered: 0.09759589532603279
- firm: 0.09704659358004837
- ductal: 0.09420535668444985
- hypoechoic: 0.09146823183665467
- 39: 0.08896231898726575
- position: 0.08534631406446722
- irregular: 0.08264792291425663
- solid: 0.0820704475106498
- defined: 0.07636946646886306
- malignant: 0.07630960527036332
- then: 0.07577927726958747
- palpable: 0.07520708447539416
- benign: 0.07353665514318512
- internal: 0.07214591012051946
- image: 0.0684629031341294
- show: 0.06795829339979141
- her: 0.06687924968396765
- and: 0.06636219429368596
- ultrasound: 0.0660309032192691
- carcinoma: 0.06403293329963215
- with: 0.06288563851353937
- of: 0.06284808679665424
- shows: 0.06282954227717129
- these: 0.06045155405277041
- woman: 0.055752392112339094
- were: 0.05518157975507159
- in: 0.053261515707814885
- also: 0.05035361518261089
- images: 0.04951810915914849
- at: 0.04043443183942497
- year: 0.03299094030349644
- on: 0.03233117066332201
- old: 0.031682722788750346
- is: 0.029316581236079425
- to: 0.026762482738519427
