Texto: 
removal of bezoar
upper gi demonstrates a heterogeneous mottled mass within the lumen of the stomach.
bezoar
• bezoar
• ingestion of food recent or immediately prior to upper gi series
• amazingly huge and necrotic neoplasm
80 year old woman with dysphagia for both solid and liquid food


Keywords by value: 
- bezoar: 0.5953091529590449
- food: 0.32070526329135796
- gi: 0.25941777548264716
- amazingly: 0.23596199340393423
- huge: 0.19239611039869098
- mottled: 0.18599730136770243
- liquid: 0.18599730136770243
- ingestion: 0.16723449682557615
- upper: 0.16503017933951242
- necrotic: 0.1503138318247945
- series: 0.1415898271035527
- immediately: 0.1413150125089603
- dysphagia: 0.1394656785476222
- lumen: 0.13749615521794542
- stomach: 0.12883279169117248
- 80: 0.12044870307639685
- solid: 0.11837950243364805
- removal: 0.11803022010277499
- heterogeneous: 0.11175957028004775
- neoplasm: 0.1054090987709506
- recent: 0.10455196103603556
- of: 0.0906529142896317
- prior: 0.08639347980210917
- both: 0.08610741103592737
- woman: 0.08041799012839439
- demonstrates: 0.07757463542251943
- within: 0.07111715423015064
- and: 0.0638144730466445
- the: 0.061621360254925185
- mass: 0.05898105339153289
- or: 0.05371699534873963
- year: 0.0475865700310615
- for: 0.04680092665878129
- old: 0.04569957972982633
- to: 0.03860256019761455
- with: 0.03023569312810612
