Texto: 
tenderness at the first carpometacarpal joint
minimally displaced intra-articular oblique fracture through the base of the first metacarpal.
bennett's fracture dislocation
bennett's fracture - dislocation
rolando's fracture
has pain in the left thumb after a fall.


Keywords by value: 
- bennett: 0.47010615190462546
- fracture: 0.405713108598307
- dislocation: 0.3096129594589239
- rolando: 0.2727203769502762
- carpometacarpal: 0.24203430948425503
- first: 0.2408709420169411
- metacarpal: 0.19965621006784912
- thumb: 0.18941907915208245
- minimally: 0.16922347062882323
- oblique: 0.15456674031576476
- displaced: 0.14910239660275038
- fall: 0.1487038454754698
- the: 0.14244158861756562
- base: 0.1357556210478535
- joint: 0.1175998077168426
- tenderness: 0.1119201571102299
- through: 0.10623644900240622
- after: 0.08657669343457462
- has: 0.08151798517768705
- at: 0.06740879842349867
- pain: 0.06386163712242916
- left: 0.0608785825411389
- in: 0.04439650333577137
- of: 0.03492497047238064
