Texto: 
frontal radiograph of the chest demonstrates enlargement of the cardiac silhouette and increased pulmonary blood flow.
atrial septal defect (asd)
atrial septal defect
ventricular septal defect
patent ductus arteriosus
endocardial cushion defect
asymptomatic; murmur heard on routine physical exam.
note that the aortic arch does not appear enlarged on the frontal view, and the left atrium appeared normal on the lateral view.   a ventricular septal defect (vsd) would be expected to cause left atrial enlargement.  a patent ductus arteriosus (pda) would enlarge the aortic arch.   vsd's are usually found earlier in life and asd's are more likely to be discovered incidentally later on, as in this case.  thus the favored diagnosis was atrial septal defect (asd).


Keywords by value: 
- septal: 0.4091229120491463
- defect: 0.36995363727146147
- atrial: 0.31600126974291337
- asd: 0.2793429407089732
- ductus: 0.21149809303817138
- arteriosus: 0.2075628594269248
- vsd: 0.19686786203040865
- patent: 0.15239995956217076
- arch: 0.1426056580003866
- ventricular: 0.14141074532607575
- the: 0.13417639638811188
- aortic: 0.12992044468730324
- enlargement: 0.12888173010993442
- view: 0.1231073748003154
- cushion: 0.12092073333237566
- would: 0.11900220672876811
- endocardial: 0.1159627349591903
- frontal: 0.10820029583457998
- enlarge: 0.10473242016076069
- favored: 0.10473242016076069
- on: 0.1015444008887068
- pda: 0.09977442178757534
- heard: 0.08887524986106347
- silhouette: 0.08585755551893133
- atrium: 0.08532166963887648
- appeared: 0.08312559495989404
- murmur: 0.07970212805694923
- thus: 0.07722672997193622
- earlier: 0.07677790631066128
- discovered: 0.07663128582072708
- expected: 0.07578094004552859
- incidentally: 0.07161089396972466
- life: 0.06895897292123533
- be: 0.0681956337711836
- appear: 0.06620036635554868
- routine: 0.06509297313036348
- are: 0.06379021861298245
- note: 0.06327614460926073
- cardiac: 0.062417538399764785
- later: 0.06015403716302127
- does: 0.05810913226832409
- left: 0.0573460946473811
- enlarged: 0.057301519877750375
- cause: 0.057262278209653204
- asymptomatic: 0.057223140769216856
- flow: 0.05598667791544407
- radiograph: 0.05474653390354703
- found: 0.05438751810624202
- usually: 0.05291583567922191
- and: 0.05210690738192946
- pulmonary: 0.051235493290361526
- likely: 0.050229284209007505
- blood: 0.048816026683021985
- more: 0.0461552715589313
- physical: 0.045576635734899965
- increased: 0.045453032057912325
- chest: 0.04436857132434111
- diagnosis: 0.04357359766784077
- exam: 0.04231340811688229
- demonstrates: 0.042228396894578864
- case: 0.042228396894578864
- to: 0.042027248321389474
- in: 0.04182039029219301
- lateral: 0.04171472849721696
- that: 0.036476785973982274
- normal: 0.03431915702333782
- as: 0.033767939748918785
- not: 0.03318297655314005
- of: 0.0328984443899088
- was: 0.02929405442786335
- this: 0.02888286568250362
