Texto: 
non-contributory
cxr: large right middle mediastinal mass mass exerting mass effect on the trachea.

ct: large right sided mediastinal mass with mass effect on surrounding vessels and trachea.  additionally, scattered hilar and mediastinal adenopathy is present.  no other lung lesions seen.
non-small cell carcinoma
brochongenic tumor: nsclc vs sclc
metastatic disease: lung, gi, prostate, kidney, (if  
   female then breast)
lymphoma
sarcoid
leiomyoma/leiomyosarcoma of esophagus
mesothelioma
carcinoma of the trachea
emphysema with chronic cough and weight loss over the past year.


Keywords by value: 
- trachea: 0.3838869598445894
- mediastinal: 0.32003372396382085
- mass: 0.25231539941804243
- brochongenic: 0.21127510632302776
- sclc: 0.19005405892099272
- exerting: 0.1858315406038821
- effect: 0.18534901293523112
- nsclc: 0.1822614522357729
- lung: 0.16072994826637463
- carcinoma: 0.15804629875463577
- mesothelioma: 0.14635003237130836
- large: 0.1323888747489433
- emphysema: 0.12960554310865002
- prostate: 0.12796231994819648
- sarcoid: 0.12389897567059159
- hilar: 0.12114159285019845
- scattered: 0.11495649042806913
- adenopathy: 0.11112935467563745
- gi: 0.11097648460520829
- additionally: 0.10879684603405992
- esophagus: 0.10879684603405992
- cxr: 0.1056869661790272
- vessels: 0.10251875422905081
- vs: 0.10078733095409607
- cough: 0.09863356261132047
- breast: 0.09593556492190404
- middle: 0.0944707343571038
- then: 0.09351933198746966
- kidney: 0.09281318790944375
- weight: 0.09212793876294356
- surrounding: 0.08810887474034455
- right: 0.08760088060886927
- past: 0.08599458995247986
- sided: 0.08498087314491622
- and: 0.08189769424020224
- loss: 0.0804871893591901
- on: 0.07979990286922962
- the: 0.07908311516001112
- lymphoma: 0.07868059985529367
- chronic: 0.07841763170794402
- if: 0.07676008526028397
- lesions: 0.07587315357727482
- cell: 0.07557388511412728
- over: 0.07345982205976363
- metastatic: 0.07245656854880525
- tumor: 0.06910199820736299
- other: 0.06860764151718486
- present: 0.06779071981981799
- female: 0.06374990935155739
- seen: 0.06219704131858378
- disease: 0.05545572938143088
- with: 0.051738180650362134
- of: 0.05170728555956146
- ct: 0.05029610200396654
- no: 0.042961168143177034
- year: 0.04071417424377703
- is: 0.0361796416136427
