Texto: 
cervical spine scoliosis
surgical resection
• klippel feil malformation of cervical spine with multiple fusion abnormalities
• intradural extramedullary mass c5-6 level
cervical spine neurenteric cyst
• meningioma
• schwannoma
• hemangiopericytoma
• arachnoid cyst
• parasitic disease (cysticercosis)
• dermoid/epidermoid (w/o dysraphism)
• neurenteric cyst
10 year old girl with neck and shoulder pain for one week.


Keywords by value: 
- neurenteric: 0.4107243649674361
- cervical: 0.33039075593948153
- spine: 0.30473364012170295
- cyst: 0.2661065379646053
- feil: 0.21213659617670175
- dysraphism: 0.20252209198491708
- klippel: 0.19159240362924157
- extramedullary: 0.17290797797426177
- intradural: 0.17116828223012967
- scoliosis: 0.17033880360745834
- cysticercosis: 0.16953408927521443
- parasitic: 0.16725476639185027
- hemangiopericytoma: 0.16320377011156012
- arachnoid: 0.14045377346480548
- schwannoma: 0.13177171377575134
- fusion: 0.12916704772740942
- shoulder: 0.11944634801455475
- malformation: 0.11859439675345448
- meningioma: 0.11522050805440712
- abnormalities: 0.11138424218273976
- girl: 0.10786512514431204
- week: 0.10342399490528889
- resection: 0.09856627722464514
- neck: 0.09406317930721853
- level: 0.0928838167523275
- 10: 0.08991479433868162
- one: 0.08803849513765828
- multiple: 0.07521050388832269
- surgical: 0.07473549726696355
- disease: 0.06454568163022718
- with: 0.06021877583497558
- mass: 0.05873466861908711
- pain: 0.055023284827125186
- year: 0.047387784055661124
- for: 0.04660542259430606
- old: 0.04550867638196891
- and: 0.03177394868327665
- of: 0.03009140830819403
