Texto: 
unknown
cxr: there is a large air-fluid level projected over the heart on the pa view and seen over the anterior aspect of the heart on the lateral view 

ct: a portion of the distal stomach is seen anterior to the heart within the pericardium
intrapericardial diaphragmatic hernia
intrapericardial diaphragmatic hernia
50 year-old complaining of productive cough for three
weeks with associated shortness of breath and chills


Keywords by value: 
- intrapericardial: 0.45059665190732867
- heart: 0.3075385908780367
- diaphragmatic: 0.3021555450015422
- hernia: 0.24408242630213522
- the: 0.2353461946671423
- view: 0.2159310651845982
- projected: 0.21209568308734442
- pericardium: 0.173802585182958
- anterior: 0.16463621607022313
- over: 0.1639587307705678
- productive: 0.15900542919742283
- seen: 0.13882075488806828
- chills: 0.13415709016138208
- complaining: 0.13340788714746446
- stomach: 0.12301054028760536
- shortness: 0.11821613274588227
- cxr: 0.11794407029469588
- of: 0.11540813296606948
- pa: 0.11314178831520173
- unknown: 0.11172073688205583
- cough: 0.11007264436316462
- breath: 0.10805767420222391
- portion: 0.1054270298092528
- 50: 0.1029636720469615
- three: 0.09896871529211661
- aspect: 0.09511478924307806
- level: 0.08905821027350906
- on: 0.08905474055878472
- weeks: 0.08835963547207752
- distal: 0.08566237842829064
- is: 0.08075119095552519
- associated: 0.07770837545595315
- large: 0.07387137370929489
- lateral: 0.07316788107049534
- within: 0.06790320578116607
- and: 0.06093054962632184
- there: 0.05866323015420876
- ct: 0.056129220137290776
- for: 0.04468588469352981
- to: 0.03685802134736121
- with: 0.02886927232450412
