Texto: 
hirsutism.
bilaterally enlarged ovaries with multiple perpherial follicles (string of pearls sign)and an echogenic stroma.
polycystic ovarian syndrome
normal variant
polycystic ovarian syndrome
complaints consistent with excess androgen.


Keywords by value: 
- polycystic: 0.39209224374473395
- ovarian: 0.31592683156502344
- perpherial: 0.29651684675965867
- pearls: 0.2608077373966834
- androgen: 0.2608077373966834
- hirsutism: 0.2557972495830053
- follicles: 0.24420394709447926
- syndrome: 0.22355744866292396
- stroma: 0.2185760614430052
- excess: 0.21713120881629439
- string: 0.21574785825540693
- ovaries: 0.2044265559490593
- echogenic: 0.1700177732650755
- variant: 0.1645368889334873
- complaints: 0.15269237481339445
- sign: 0.12836409364587348
- enlarged: 0.1263989779717834
- bilaterally: 0.1236575674448076
- consistent: 0.10053555627449413
- multiple: 0.09068986860880812
- normal: 0.07570316427658003
- with: 0.07261263501659806
- an: 0.07090157070432908
- and: 0.03831346796383808
- of: 0.036284637446071154
