Texto: 
t1 and t2 fat saturated mr images of the knee demonstrate a double pcl sign on the sagittal images, as well as a displaced meniscal fragment within the intercondylar notch on the coronal images, consistent with a bucket handle tear of the medial meniscus.  sagittal images demonstrate the absent bowtie sign.
bucket-handle meniscal tear
bucket handle tear of the meniscus
radial tear of the meniscus
flipped meniscus
parameniscal cyst
25 year old with knee pain after a twisting injury.
this case demonstrates the double pcl sign of a bucket handle tear of the medial meniscus.


Keywords by value: 
- meniscus: 0.4322688318410387
- bucket: 0.40112013310992733
- handle: 0.3981257959209753
- tear: 0.34501189357153134
- pcl: 0.19140490792955564
- sign: 0.17290612075349535
- meniscal: 0.1723178482702424
- the: 0.16611509983016928
- images: 0.1540357683410199
- double: 0.1467643268077967
- sagittal: 0.1280296463374988
- bowtie: 0.1272183863785688
- parameniscal: 0.1230198983577534
- knee: 0.1193460389746786
- flipped: 0.11290397382536646
- medial: 0.10837964487797994
- intercondylar: 0.10698653731379489
- of: 0.09775063610942829
- saturated: 0.09462090783059363
- notch: 0.09361401246867226
- twisting: 0.08870347131902205
- demonstrate: 0.08655935230932885
- fragment: 0.07210217113461992
- radial: 0.07144859054283724
- displaced: 0.06955316838843234
- absent: 0.06829890788160639
- as: 0.06688943609694711
- coronal: 0.06629656807569666
- 25: 0.05897682099793111
- injury: 0.054288100212103195
- mr: 0.05386692886638891
- t1: 0.051870322069846014
- fat: 0.05178700579699938
- on: 0.05028621648782566
- cyst: 0.04802419771654867
- t2: 0.04789636454166185
- consistent: 0.04514038295156933
- case: 0.0418241929557887
- demonstrates: 0.0418241929557887
- after: 0.04038622768091426
- well: 0.040310347817653434
- within: 0.03834265626628972
- with: 0.03260301403040366
- pain: 0.02979012612501054
- this: 0.02860640318496766
- year: 0.025656193886610335
- old: 0.02463882724305855
- and: 0.01720271593632296
