Texto: 
• ataxia
• nystagmous
surgery and radiation therapy.
• enhancing mass in quadrigeminal plate cistern that was not present on mri study from 6 months ago.
• edema in brain stem not present on prior mri.
• secondary hydrocephalus.
squamous cell carcinoma, malignant transformation of epidermoid cyst.
• metastatic disease
• abscess
• recurrent epidermoid cyst
62 year old man with incompletely resected epidermoid cyst of the quadrigeminal plate cistern, followed for 5 years.  he presents now with a 3 week history of unsteady gait, visual difficulty, and headache.


Keywords by value: 
- epidermoid: 0.3597735624665591
- quadrigeminal: 0.3473271738091143
- cistern: 0.26807163775165
- plate: 0.2531507423065269
- cyst: 0.23888600348631395
- nystagmous: 0.22075180265585084
- incompletely: 0.1719940590389175
- unsteady: 0.17043232001973888
- stem: 0.1459530386888681
- mri: 0.14171227358046212
- present: 0.14166291395146205
- transformation: 0.14099730962192403
- ataxia: 0.134035818875825
- 62: 0.13148624653541047
- resected: 0.1263296984236582
- squamous: 0.12422414874322003
- gait: 0.11955222800179008
- visual: 0.11777212009900123
- difficulty: 0.11611403633668188
- hydrocephalus: 0.11268327486758062
- recurrent: 0.11068225474933431
- not: 0.10898773884165597
- ago: 0.10099895922029724
- malignant: 0.09839795528555939
- headache: 0.09515705713453648
- now: 0.09475596691317895
- followed: 0.09321495470984544
- week: 0.09284456141697489
- study: 0.09206097806511747
- radiation: 0.09147502798350983
- abscess: 0.08863771674727779
- enhancing: 0.08647217415771981
- brain: 0.08605213081625984
- years: 0.08461505964711716
- on: 0.08337930917052959
- carcinoma: 0.0825677145792739
- edema: 0.08232851767924358
- secondary: 0.08181822913805999
- he: 0.08174066959724127
- of: 0.08103990595272931
- months: 0.08034891611613186
- therapy: 0.0793114207442263
- cell: 0.07896373436036658
- prior: 0.07723215004123382
- metastatic: 0.07570659127701801
- surgery: 0.07421472756082892
- man: 0.0730786966403546
- in: 0.06867843468054328
- presents: 0.06640309933298778
- that: 0.05990304120471017
- disease: 0.057943183376410856
- and: 0.05704746432751512
- from: 0.05482259049273716
- with: 0.054058884851483545
- history: 0.052738265755348825
- mass: 0.05272658973291735
- was: 0.04810738946948247
- year: 0.042540399171383976
- for: 0.04183806692425339
- old: 0.04085350892914385
- the: 0.027543456704455592
