Texto: 
c4 level quadriplegia
supportive
ct - scan c4 through c7 fracture dislocations
mri - spinal cord edema and hemorrhage
cta - traumatic occlusion proximal right vertebral artery
c-spine fracture, spinal cord injury, vertebral artery dissection
none
24 y.o. man who drove the atv into a tree and then tumbled down a 8 foot embankment. he endorsed that he had too many beers prior to taking out his atv.


Keywords by value: 
- atv: 0.3677320858920356
- c4: 0.2738055882152859
- tumbled: 0.21038032075821003
- embankment: 0.21038032075821003
- vertebral: 0.21026225764710374
- cord: 0.2041001272793694
- spinal: 0.19551108189245944
- drove: 0.19365167399203842
- beers: 0.19365167399203842
- endorsed: 0.18670865827188746
- quadriplegia: 0.1838660429460178
- artery: 0.17100575779858676
- he: 0.1630474778142409
- fracture: 0.1564863888742067
- dislocations: 0.1517882297631016
- tree: 0.14502332803019735
- too: 0.13848594094615346
- c7: 0.13578006443212984
- taking: 0.1333472099803245
- cta: 0.12967416161345274
- occlusion: 0.12648698794593416
- dissection: 0.12503849314933402
- supportive: 0.11501967830157292
- down: 0.11183569468570531
- foot: 0.10878308381480824
- many: 0.10854530518473778
- traumatic: 0.10432320950944117
- 24: 0.09760470085689789
- then: 0.0974547976685738
- hemorrhage: 0.09217421067277853
- out: 0.09049310934731314
- injury: 0.08977592202741635
- proximal: 0.08600905130026686
- his: 0.08349416234898822
- level: 0.08316126968180973
- edema: 0.08211002690537567
- through: 0.08195228558742577
- scan: 0.08167869504605557
- who: 0.07787523485908862
- prior: 0.0770271844630154
- none: 0.07523634854057663
- into: 0.07318355081095741
- man: 0.07288475386776129
- mri: 0.07066809244548888
- had: 0.0685927701073415
- that: 0.05974406516337233
- and: 0.05689606667115645
- ct: 0.05241265458323907
- right: 0.04564364347935091
- to: 0.034417487661073706
- the: 0.02747035941884916
