Texto: 
non-contributory
unknown
• enhancing lesion left frontal bone
• enhancing lesion left temporal bone with associated bone destruction
• lytic lesion left parietal bone.
renal cell carcinoma with metastatic lesions to the skull
• metastatic disease
  » lung
  » thyroid
  » gi
  » renal cell carcinoma
• hyperparathyroidism
• multiple myeloma
51 year old man with two year history of renal cell carcinoma.
ct scan ordered to evaluate enlarging left- sided skull masses


Keywords by value: 
- bone: 0.3478150391882453
- renal: 0.29772069393823475
- carcinoma: 0.2859723488986487
- cell: 0.27349000402769236
- skull: 0.25860188826036373
- lesion: 0.22920739814842678
- left: 0.21744963021612262
- enhancing: 0.1996636004299558
- metastatic: 0.17480595044456887
- myeloma: 0.165495341713322
- 51: 0.15215179289553482
- hyperparathyroidism: 0.15180037767060767
- enlarging: 0.1488220063617787
- destruction: 0.14528840078095967
- ordered: 0.14001105990595683
- lytic: 0.13423884827855048
- gi: 0.1338688144977739
- parietal: 0.12868352359737614
- thyroid: 0.12524075582059338
- evaluate: 0.12392272168198115
- temporal: 0.12241901479047448
- unknown: 0.12076124043389302
- masses: 0.10849170180274512
- frontal: 0.10257069144454363
- sided: 0.1025108047291826
- year: 0.098225462063599
- lung: 0.09694273388300449
- two: 0.09463878818040959
- scan: 0.09454866828930042
- with: 0.09361616921695036
- lesions: 0.09152433650903942
- man: 0.08436908073647115
- associated: 0.08399657999096888
- to: 0.07968118546416704
- multiple: 0.07794821644106881
- disease: 0.06689518753284704
- history: 0.06088612969265055
- ct: 0.06067122754052454
- old: 0.047165222584275655
- the: 0.031798817292760566
- of: 0.031186755659908055
