Texto: 
abdomen soft, non-tender.
? palpable olive at epigastrium.
surgical - pyloromyotomy.
pyloric muscle hypertrophy > 3mm.
elongated pyloric channel >14 mm.
hypertrophic pyloric stenosis.
hypertrophic pyloric stenosis
pylorospasm.
2 mo old female with over 2 wk history of progressively worsening emesis, now projectile and non-bilious.  patient has recent weight loss.


Keywords by value: 
- pyloric: 0.5991387087331352
- hypertrophic: 0.2844551297228655
- stenosis: 0.2076399576568114
- olive: 0.19634261369049516
- epigastrium: 0.18829216334639529
- wk: 0.1822792026755601
- pyloromyotomy: 0.1797583420897075
- pylorospasm: 0.17747794630577324
- channel: 0.1578351275273837
- projectile: 0.15689673092482498
- elongated: 0.15428402359894627
- 3mm: 0.15268836267853061
- mo: 0.15192874184966837
- emesis: 0.1385393485440323
- progressively: 0.13354467118234362
- hypertrophy: 0.12855501977307235
- worsening: 0.10422380354356602
- 14: 0.10189717383916741
- mm: 0.09767391046296706
- muscle: 0.09691187005111292
- palpable: 0.09588421316833229
- weight: 0.09517629033197254
- now: 0.09368888204480333
- recent: 0.09241252363545041
- abdomen: 0.08327729791607894
- loss: 0.08315036899030226
- over: 0.07589047845828216
- soft: 0.07266057788842853
- surgical: 0.06633512893477203
- female: 0.06585928180476419
- has: 0.062341400156819334
- history: 0.05214435903680446
- at: 0.05155130941288236
- patient: 0.04439102738168898
- old: 0.04039344121395414
- and: 0.028202514999571656
- with: 0.02672505305636764
- of: 0.026709094378840708
