Texto: 
not provided
mass splaying the internal and external carotid arties resulting in a wine glass configuration and  demonstrating marked vascularity
carotid body tumor
carotid body tumor
metastatic lymphadenopathy
branchial cleft cyst
pulsatile tinnitus, hypertension


Keywords by value: 
- carotid: 0.46927823871536917
- arties: 0.29698035790736216
- body: 0.24443391628863026
- wine: 0.23865027047557436
- splaying: 0.22928488369969208
- tinnitus: 0.21891773660314232
- branchial: 0.21475616700357755
- pulsatile: 0.21225072788889224
- tumor: 0.19426743185124393
- configuration: 0.18735924885502547
- glass: 0.18680274570291744
- vascularity: 0.18571749048743408
- cleft: 0.16772892744220583
- resulting: 0.15452915614886473
- demonstrating: 0.15312658544148697
- provided: 0.15235143830596742
- external: 0.15013094316923398
- lymphadenopathy: 0.15013094316923398
- hypertension: 0.14208891253666542
- marked: 0.14045402634479737
- internal: 0.1251532266236313
- cyst: 0.10712551375329929
- metastatic: 0.10184909161736934
- and: 0.07674671812354454
- not: 0.07331133268064219
- mass: 0.07093378763718747
- in: 0.04619700918986936
- the: 0.037054581351924264
