Texto: 
ca 12 mg/dl
pth intact 88 pg/ml
focal area of persistent radiotracer activity  consistent with parathyroid adenoma.
parathyroid adenoma
31 yo female with generalized aches and pains, and muscle weakness.


Keywords by value: 
- parathyroid: 0.4340043328091115
- adenoma: 0.31528245451356685
- aches: 0.27813364542779895
- pains: 0.25712308870057327
- pth: 0.23470897514714595
- 88: 0.20197099119643286
- generalized: 0.18878292949558906
- 31: 0.17546735838137623
- radiotracer: 0.17260100569869094
- ca: 0.1687021681157098
- persistent: 0.15234897196803646
- activity: 0.1451707216010743
- weakness: 0.14430871688124725
- intact: 0.14311331849959671
- muscle: 0.14040211687123944
- 12: 0.13516760619047039
- area: 0.1280930248227962
- yo: 0.12353113445801298
- focal: 0.11827376847910487
- consistent: 0.10721430675657657
- female: 0.09541434476634791
- and: 0.08171739550468557
- with: 0.07743641765722205
- of: 0.03869508852243939
