Texto: 
coma.  responds to deep pain only.
supportive only.  sadly, this patient died two days after presentation.
• calcified embolus distal basilar artery on ct and cta.
• multiple infarcts involving the thalami, left occipital lobe, brainstem and left cerebellar hemisphere.
cerebral infarction (basilar artery territory) secondary to calcified embolus from heart
• brain infarction
• calcified thrombus
• embolized calcified plaque or cardiac valve vegetation
71 year old woman presents to er comatose, transferred from an outside hospital.  history of diabetes, hypertension, and atrial fibrillation.


Keywords by value: 
- calcified: 0.40461289169322706
- embolus: 0.26864190536715815
- basilar: 0.23759278335563175
- infarction: 0.1971475511712037
- sadly: 0.1918821513425557
- vegetation: 0.18554961611118823
- responds: 0.16537997782849295
- only: 0.15689301869061245
- artery: 0.1559696866137435
- territory: 0.14802424213601384
- comatose: 0.14704575797056982
- embolized: 0.14521033954579762
- fibrillation: 0.14047524994329663
- coma: 0.13977638904830347
- thalami: 0.13977638904830347
- died: 0.13178801561627487
- plaque: 0.13178801561627487
- brainstem: 0.12668553607976538
- infarcts: 0.12286280849334742
- transferred: 0.12286280849334742
- 71: 0.12192597480244854
- cta: 0.11827226526823588
- atrial: 0.1180148088920472
- hemisphere: 0.11750875742742396
- thrombus: 0.11677084690496493
- valve: 0.1151395622698499
- diabetes: 0.11469485483720776
- occipital: 0.10744613209675487
- supportive: 0.10490631081696933
- cerebellar: 0.10275706653775227
- outside: 0.10079913052825194
- from: 0.09973897788045702
- deep: 0.09774302532522615
- hypertension: 0.09607537479842715
- to: 0.09417375473729947
- er: 0.09391734406295943
- cardiac: 0.09324258566116667
- hospital: 0.09274975307778897
- involving: 0.08795186841766436
- heart: 0.08730818895161581
- cerebral: 0.0869932727188341
- presentation: 0.08643753374009225
- left: 0.08566659755540686
- days: 0.07948870489887373
- brain: 0.07827750836752385
- and: 0.07784002541049174
- two: 0.0745679169205727
- secondary: 0.07442613047718184
- distal: 0.0729569622515573
- lobe: 0.07256387556954734
- woman: 0.0653951796638087
- multiple: 0.0614170599543626
- after: 0.06091412155601405
- presents: 0.06040372404915875
- an: 0.04801601419878258
- history: 0.047973478399595586
- ct: 0.04780415241673075
- pain: 0.04493213325802759
- or: 0.04368217305881755
- this: 0.04314673642353963
- patient: 0.04084031393938904
- year: 0.03869696683288414
- on: 0.037923085165726324
- old: 0.03716248344706314
- the: 0.02505496542853956
- of: 0.02457270903170349
