Texto: 
hyperdense liver on a non-contrast chest ct.  normal attenuation of the spleen and remainder of visualized organs.
amiodarone deposition in the liver
• amiodarone use
• primary hemochromatosis
• wilson disease
• gold treatments
• thorotrast exposure
85 year old woman with dyspnea.
the chest ct was requested in the patient to search for pulmonary findings of amiodarone toxicity,  the lungs, aside from mild emphysematous changes (not shown) were rather unremarkable.  the liver findings were incidental (but not unexpected).


Keywords by value: 
- amiodarone: 0.5189258819572373
- liver: 0.27529060222887547
- thorotrast: 0.19656485371587346
- toxicity: 0.16149121629583746
- aside: 0.16149121629583746
- the: 0.15925418928485238
- hemochromatosis: 0.15903431046606367
- wilson: 0.15577519647200141
- unexpected: 0.15478274722167643
- gold: 0.15118810171746136
- emphysematous: 0.14957925435077202
- chest: 0.1404296840316918
- requested: 0.13911016727363423
- search: 0.1386192220322237
- treatments: 0.13766729240570658
- organs: 0.13720551419453275
- were: 0.13713621661670922
- deposition: 0.13420628072069915
- findings: 0.1313016827285658
- spleen: 0.12949031161990077
- exposure: 0.12641757887580146
- 85: 0.1226998774784545
- hyperdense: 0.12245569684277104
- rather: 0.11784259088906539
- remainder: 0.11705868387671271
- dyspnea: 0.11705868387671271
- not: 0.10502648098637409
- visualized: 0.10387173031515641
- shown: 0.10311770035703059
- attenuation: 0.10177893325111449
- use: 0.10177893325111449
- ct: 0.10128413546461013
- incidental: 0.0986026423584282
- lungs: 0.0981699947414663
- unremarkable: 0.08917671683734849
- primary: 0.08179311913756482
- pulmonary: 0.08108199023782947
- changes: 0.08039190743523217
- of: 0.07809443733893458
- mild: 0.07540541217229704
- woman: 0.06927739433660153
- in: 0.06618225491061502
- but: 0.06577873403020291
- disease: 0.055837186016071835
- normal: 0.054311286493659884
- from: 0.05283001390068794
- was: 0.04635888292683405
- patient: 0.04326481780698385
- year: 0.04099422992174666
- for: 0.04031742457480257
- on: 0.04017440641638775
- old: 0.03936865122972393
- to: 0.03325480754919156
- and: 0.027487011342713648
- with: 0.02604703291554524
