Texto: 
comatose
blood noted behind left tympanic membrane (hemotympanum)
none
• coalescent mastoiditis with erosion of mastoid process
• longitudinal temporal bone fracture
coalescent mastoiditis, longitudinal temporal bone fracture
• metastatic tumor to temporal bone.
• malignant otitis
• glomus tumor
58 year old man "found down". wife saw him fall down stairs.  brought to the er unconscious.  he regularly consumes more than 6 beers per night.
patient died a few days after injury from large epidural hematoma with brain herniation.


Keywords by value: 
- coalescent: 0.33604929199182715
- mastoiditis: 0.2924321586224172
- temporal: 0.2752803695558553
- longitudinal: 0.22704603618470245
- bone: 0.19553059769493134
- down: 0.19407168161164737
- consumes: 0.1825394957409885
- hemotympanum: 0.17184255087437617
- beers: 0.16802464599591357
- wife: 0.1553318581426526
- saw: 0.1553318581426526
- unconscious: 0.15028180367069674
- regularly: 0.15028180367069674
- comatose: 0.13988616618582958
- otitis: 0.13652851064189697
- fracture: 0.1357776545471456
- tympanic: 0.13576695392562185
- glomus: 0.13503212408182808
- stairs: 0.13232636559310684
- membrane: 0.12537131644075467
- died: 0.12537131644075467
- tumor: 0.12496090543802837
- mastoid: 0.12321058676166285
- him: 0.11878566831668014
- brought: 0.11781151584803194
- behind: 0.11513462090867231
- 58: 0.11485725921478114
- erosion: 0.11085646669567978
- epidural: 0.1084914378181057
- night: 0.10730580976942591
- few: 0.10132968666566998
- herniation: 0.10048063110519266
- fall: 0.09953170815977284
- per: 0.09913783131106697
- process: 0.08959043040125547
- er: 0.0893445508435021
- malignant: 0.0851498144279916
- hematoma: 0.08360748554640879
- injury: 0.07789536339475972
- found: 0.07729104504695061
- days: 0.075618435627403
- brain: 0.07446621171012402
- he: 0.07073523862590189
- blood: 0.06937330197712342
- than: 0.06771407937425275
- more: 0.06559205673343955
- metastatic: 0.06551357880868432
- none: 0.06527989440501965
- noted: 0.0633334033896656
- man: 0.06323949963703061
- large: 0.059851502444638945
- to: 0.059725651331662515
- after: 0.057948240388912366
- from: 0.04744136596508553
- with: 0.04678048441077239
- left: 0.04074776473527599
- patient: 0.03885181743189249
- year: 0.03681282893149339
- old: 0.03535305885120782
- the: 0.023835050436601984
- of: 0.023376274886711644
