Texto: 
mrsa positive blood cultures.
fever and elevated white count
iv antibiotics for 6 weeks.
mri brain reveals mastoid effusion of the left.  there is also filling defect in left transverse and sigmoid sinus.

ct temporal bone reveals mastoid fluid with  bone erosion posterior cortex of left temporal bone consistent with osteomyelits.
venous sinus thrombosis, temporal bone otomastoiditis, osteomyelitis, mrsa
• malignant otitis 
• mastoiditis
13 year old girl who presents with headache, left ear pain, cough and fever.


Keywords by value: 
- mrsa: 0.3315607868960917
- temporal: 0.31211401775013115
- bone: 0.29559119689797714
- mastoid: 0.279393342326438
- osteomyelits: 0.21659075853823193
- reveals: 0.2060464356318878
- sinus: 0.1957294684185765
- otomastoiditis: 0.1905070362534051
- left: 0.18479993450144777
- fever: 0.183653934594829
- mastoiditis: 0.16578039344804585
- otitis: 0.15479658815714353
- cultures: 0.12756843097901438
- erosion: 0.12568951890683872
- sigmoid: 0.12543284151826808
- ear: 0.12323967468982684
- osteomyelitis: 0.11676115012358622
- count: 0.11182021630991054
- thrombosis: 0.11042320002169913
- cortex: 0.11028791517020027
- filling: 0.10488227005659768
- transverse: 0.10435109740586195
- 13: 0.10214557438291852
- cough: 0.10111516929330559
- effusion: 0.10057142582197537
- antibiotics: 0.0997784695809263
- defect: 0.09934911923344122
- iv: 0.09677113965061607
- venous: 0.09669491991517266
- malignant: 0.0965432105989893
- girl: 0.0950061841279469
- headache: 0.09336340150828153
- elevated: 0.09232814531970289
- white: 0.08935646850998294
- positive: 0.08924500151087453
- brain: 0.08443009779802989
- and: 0.08395822880759436
- weeks: 0.08116911836855792
- with: 0.07955985909184665
- blood: 0.0786557357490025
- fluid: 0.07819744155883797
- who: 0.07661064779203908
- consistent: 0.07343620651411265
- posterior: 0.07003483600245639
- mri: 0.06952053949208425
- presents: 0.06515143922173627
- also: 0.06370495113651535
- there: 0.05388934264869903
- of: 0.053008233654253854
- ct: 0.05156154491717348
- pain: 0.04846378588646158
- year: 0.04173853719062721
- for: 0.04104944350114543
- old: 0.04008344385620434
- is: 0.03708991635180711
- in: 0.03369194290537095
- the: 0.02702427843673544
