Texto: 
increase attenuation at the 4th ventricle and ambient cistern consistent with blood.
subarachnoid hemorrhage, causes
see factoid
3 yo girl s/p trauma
see factoid


Keywords by value: 
- factoid: 0.38974003797653234
- ambient: 0.37842368870496573
- see: 0.3471521700555581
- cistern: 0.27094467936596756
- 4th: 0.2568724791591081
- subarachnoid: 0.25111102713464767
- increase: 0.22399647118340746
- attenuation: 0.21349931105248163
- causes: 0.2108435212133729
- ventricle: 0.2053923653233885
- girl: 0.1957383696936944
- hemorrhage: 0.18681996394332967
- yo: 0.17432433373103143
- blood: 0.16205203507419824
- trauma: 0.16205203507419824
- consistent: 0.1512983967465077
- at: 0.10539450462600336
- and: 0.05765886708678833
- the: 0.05567730408192499
- with: 0.054638257690417746
