Texto: 
positional ha, otherwise non-contributory
symptomatic
• mri brain--  distension of the intracranial venous sinuses and veins.  no definite herniation of tonsils
• mri spine--  markedly distended epidural veins.
intracranial hypotension
• leptomeningeal tumor spread
• intracranial hypotension
• aseptic meningitis
• sarcoid
29 year old previously healthy woman picked up her young child and immediately developed a severe headache.  her headache was completely relieved in the supine position.
her csf opening pressure was zero.  the contrast spontaneously filled all three spinal spaces.

further review of her history reveals that she has a two year old child.  at the time of delivery for that child, an epidural catheter was placed.  i speculate that the dura was torn at that time and  the csf leaked into  the spinal subdural space.  the dural tear probably healed and then reopened last week when she picked up the child.


Keywords by value: 
- child: 0.3015027994281985
- picked: 0.2619911771866508
- her: 0.22755262088962877
- intracranial: 0.21980594188289881
- hypotension: 0.19724073548169382
- epidural: 0.16540606132771382
- the: 0.16352514558743447
- veins: 0.16161131141329022
- that: 0.15806381311037618
- speculate: 0.14562228802178676
- csf: 0.14390273730666628
- leaked: 0.13914987041597252
- reopened: 0.13914987041597252
- aseptic: 0.1309955885933254
- spinal: 0.12931505005874291
- was: 0.12693908798965037
- headache: 0.1255436034010916
- zero: 0.12161278183067685
- positional: 0.11345850000802978
- torn: 0.10886624663436262
- she: 0.10840985391299289
- time: 0.10794528140320335
- ha: 0.1059558574775283
- tonsils: 0.10136360410386114
- opening: 0.09948343987171407
- dura: 0.0990460715276318
- healed: 0.09664712484293309
- leptomeningeal: 0.09628014440606887
- relieved: 0.0955705633227166
- distension: 0.09456204193087807
- mri: 0.09348265912794503
- spontaneously: 0.09271811595708894
- supine: 0.09132915804906697
- up: 0.09008636986340765
- definite: 0.0895676779766642
- subdural: 0.08933118556301413
- probably: 0.08841876889223266
- sinuses: 0.0857691571140342
- meningitis: 0.0857691571140342
- delivery: 0.08558245386345167
- sarcoid: 0.08539790908031228
- immediately: 0.08333530919444038
- spaces: 0.08285876795719987
- spread: 0.08179922631912796
- completely: 0.0813658165481475
- catheter: 0.08094386389425526
- dural: 0.08080565570664511
- markedly: 0.08039806898678188
- 29: 0.07935946236279409
- distended: 0.07780378809916756
- healthy: 0.07724362725766518
- herniation: 0.07659639214431732
- tear: 0.07547393368060416
- and: 0.07526445701705196
- young: 0.07508457423271281
- review: 0.07498870039525825
- last: 0.07406036058505056
- filled: 0.0732686472942996
- previously: 0.07309791897219688
- position: 0.07259642392973223
- of: 0.07127894394777105
- placed: 0.07095575443499035
- symptomatic: 0.07001860817606986
- pressure: 0.06933339800730048
- reveals: 0.06926646731825571
- at: 0.06878786008158422
- developed: 0.06755790920565186
- venous: 0.06501170951689222
- otherwise: 0.06490970951520267
- then: 0.0644586072410371
- week: 0.061246328687956667
- three: 0.06112554920166426
- space: 0.06061248081621124
- spine: 0.060153083760568375
- further: 0.059307897285299185
- severe: 0.057643938786497644
- brain: 0.0567655984134802
- year: 0.05612484415680822
- when: 0.055004573898102954
- all: 0.054204926956496445
- two: 0.05407546196499974
- old: 0.0538992784874796
- into: 0.04840510545484591
- tumor: 0.04762885349326561
- woman: 0.047423539460963296
- contrast: 0.04424344258383818
- has: 0.041592847593175906
- an: 0.034820446335960396
- history: 0.03478960005399254
- no: 0.02961117241864219
- for: 0.02759911791713262
- in: 0.022652387603663518
