Texto: 
ua-large blood
ovoid filling defect right bladder wall with acute angles to the wall.
transitional cell carcinoma
epithelial based malignancy
-transitional cell carcinoma
-squamous cell carcinoma
-adenocarcinoma
other neoplasm
-leiomyoma,fibroma,leiomyosarcoma,rhabdomyosarcoma, lymphoma,pheochromocytoma,hemangioma,leukoplakia
inflammatory, infectious
patient presented with intermittent hematuria for several weeks.


Keywords by value: 
- transitional: 0.3581762142278862
- carcinoma: 0.29797859046996616
- cell: 0.28497218777148076
- leukoplakia: 0.26555702929922387
- wall: 0.20202554065113815
- angles: 0.20002180598057148
- leiomyosarcoma: 0.18771242069010574
- pheochromocytoma: 0.18771242069010574
- epithelial: 0.1783511043845696
- rhabdomyosarcoma: 0.16804114415652652
- fibroma: 0.16703724974726808
- ovoid: 0.16559348016773034
- hematuria: 0.14685969866357124
- hemangioma: 0.1396812989907157
- intermittent: 0.1357219895314863
- infectious: 0.13361281834368535
- bladder: 0.12885841732295297
- filling: 0.12859377865594682
- malignancy: 0.12431417171334609
- defect: 0.12180970760333718
- based: 0.12028527277540879
- neoplasm: 0.11335711942007314
- inflammatory: 0.11228452245316548
- several: 0.10894793281784532
- weeks: 0.099519619813264
- lymphoma: 0.09889563765788237
- presented: 0.09683348164568041
- blood: 0.09643801824149785
- acute: 0.08982904577929218
- other: 0.08623468133852698
- with: 0.06503102894597494
- right: 0.0550538821713322
- patient: 0.05400913855084678
- for: 0.05032979405086808
- to: 0.04151325717858704
- the: 0.033133856444515684
