Texto: 
prominent frontal ridge.
obliteration of the metopic suture with a prominent ridge and mild hypotelerism.
metopic craniosynostosis
one month old male with prominent frontal ridge following resolution of molding.


Keywords by value: 
- ridge: 0.5690636459659574
- metopic: 0.4409291517790479
- prominent: 0.37757394297685487
- hypotelerism: 0.25555967068267593
- molding: 0.23614173878405495
- frontal: 0.2057068793754005
- craniosynostosis: 0.2010466439909029
- obliteration: 0.18480351934126174
- suture: 0.17877735601380518
- resolution: 0.12965737747655418
- month: 0.09720996799546086
- following: 0.09586656623895201
- one: 0.0914946776854498
- mild: 0.09058773635002393
- male: 0.07115041078219331
- with: 0.06258282217362302
- of: 0.06254545128138615
- old: 0.04729523909909075
- and: 0.033021318560985856
- the: 0.03188647449383196
