Texto: 
scapholunate advanced collapse.
scapholunate advanced collapse
scapholunate advanced collapse (slac)post traumatic vs cppd
75 year old male with progressive wrist pain.


Keywords by value: 
- scapholunate: 0.5825700245093799
- advanced: 0.479052992010856
- collapse: 0.47801999136023227
- slac: 0.22093476783664834
- cppd: 0.18821312775471608
- 75: 0.14902632549662997
- wrist: 0.1466982252280969
- progressive: 0.1301264682619674
- vs: 0.12961731876349805
- traumatic: 0.12874672800592882
- post: 0.09244895995364348
- male: 0.07564679106844018
- pain: 0.060797095654829394
- year: 0.05236037159821006
- old: 0.05028408172671062
- with: 0.03326888503802021
