Texto: 
unremarkable physical exam.
• focal thickening of bowel wall
• dilated segment of small bowel
small bowel lymphoma
•lymphoma
•carcinoid
•infection
•metastatic disease
47 yo male with 6 weeks of abdominal discomfort and bowel habit changes.


Keywords by value: 
- bowel: 0.5694248024280042
- habit: 0.3277891650861565
- lymphoma: 0.26421866029128316
- small: 0.22884754535055749
- discomfort: 0.2050243285972844
- 47: 0.20340382144581487
- segment: 0.18314478759512814
- dilated: 0.15887358345342692
- thickening: 0.15090983646945813
- unremarkable: 0.14871001099459782
- yo: 0.13858242523559072
- wall: 0.13493749309783476
- changes: 0.1340605694239139
- weeks: 0.13294287413729336
- focal: 0.1326844908330227
- of: 0.1302293361671062
- abdominal: 0.12132088136978564
- physical: 0.12027752125379418
- exam: 0.1116658077551267
- male: 0.09876413151662206
- disease: 0.09311341391388613
- and: 0.04583700660833972
- with: 0.04343571605481136
