Texto: 
none. incidental finding in this patient.
intermediate signal structure, identical to muscle, running longitudinally in the lateral ankle within the retinaculum posteromedial to the peroneus longus tendon.
peroneus quartus muscle
peroneus quartus accessory muscle
22 y/o female with persistent left ankle pain after twisting injury several weeks prior.


Keywords by value: 
- peroneus: 0.5519023325757995
- quartus: 0.40709899948338424
- muscle: 0.29342835798273614
- ankle: 0.24324132787387728
- retinaculum: 0.18681162720659994
- longitudinally: 0.1814232357889102
- identical: 0.16350719565574096
- posteromedial: 0.16350719565574096
- longus: 0.16238384680016554
- accessory: 0.14735122225845132
- twisting: 0.14676932312064875
- intermediate: 0.14070067134686923
- running: 0.13982247836043601
- tendon: 0.12024042281067704
- structure: 0.11769621440765407
- 22: 0.10848708577057717
- persistent: 0.1061320861373615
- incidental: 0.10210634376315395
- finding: 0.09054301586559975
- several: 0.09037551707354081
- injury: 0.08982543302031595
- weeks: 0.0825544539208799
- the: 0.08245652757322687
- signal: 0.07808483376012448
- prior: 0.07706966458794089
- none: 0.07527784102803052
- to: 0.06887293748279644
- in: 0.06853394502714687
- lateral: 0.06836078978881065
- after: 0.06682330704743318
- female: 0.06646926019039064
- within: 0.06344200089545138
- pain: 0.049290930580626974
- this: 0.04733233513797916
- left: 0.046988491386925846
- patient: 0.04480217014663518
- with: 0.026972576325258266
