Texto: 
• multiloculated lesion in the hoffa fat pad
• low signal  on t1
• high signal on t2
intra-articular ganglion
• pigmented villonodular synovitis
• meniscal cyst
• synovial sarcoma
30 year old woman with 4-5 months of pain in patellar region


Keywords by value: 
- hoffa: 0.2924361813000629
- villonodular: 0.2637541332931766
- multiloculated: 0.2564204209619197
- signal: 0.2482486040131912
- ganglion: 0.24622132557983237
- pigmented: 0.24622132557983237
- synovitis: 0.23817114035464965
- pad: 0.23615039492015028
- meniscal: 0.22661313142817197
- synovial: 0.22510763263857242
- patellar: 0.2110492321411797
- sarcoma: 0.1836824408088092
- 30: 0.1493729746546706
- t1: 0.13642807440354404
- fat: 0.13620893794521166
- on: 0.13226159797573375
- region: 0.13097419467849125
- months: 0.12745459451340627
- cyst: 0.1263120905712021
- t2: 0.12597586682708853
- low: 0.1256425625734611
- high: 0.12444462624685201
- woman: 0.11403701629822145
- in: 0.10894212974039937
- lesion: 0.10497607374439534
- pain: 0.0783532737275322
- year: 0.06748030451326283
- old: 0.06480445121982716
- the: 0.043691194299248656
- with: 0.04287583194423093
- of: 0.042850228942648345
