Texto: 
hiv positive
antibiotic therapy
• ct- vague low density lesions, without mass effect.
• mri- multiple lesions, hyperintense on non-contrast t1 scans
• diffuse  mild enhancement following contrast gd+ administration
toxoplasmosis
• metastatic disease
• multicentric glioma
• primary cns lymphoma
• toxoplasmosis
29 year old mexican man with seizures.
hiv positive


Keywords by value: 
- toxoplasmosis: 0.3993820916911913
- hiv: 0.35124121307799944
- mexican: 0.24979500889339112
- multicentric: 0.23717233569993004
- positive: 0.2340381372207836
- lesions: 0.20397759186643763
- vague: 0.1737614665836054
- contrast: 0.17256937073645176
- antibiotic: 0.16618938047563767
- cns: 0.16583761014978313
- 29: 0.15476883897517046
- scans: 0.1545246703305471
- glioma: 0.15085792629488598
- seizures: 0.14496656876954991
- administration: 0.14141933099427764
- hyperintense: 0.14126009104297935
- effect: 0.12457319727340761
- density: 0.11775681267429201
- diffuse: 0.11136746562802505
- t1: 0.11064624396846283
- primary: 0.10919531304288403
- following: 0.10653382257448743
- lymphoma: 0.10576256902742294
- enhancement: 0.10221454995080914
- therapy: 0.10203381595928807
- low: 0.10189895072626562
- mild: 0.10066760717895296
- metastatic: 0.09739621770458115
- man: 0.09401544208359679
- without: 0.09366914994119785
- multiple: 0.0868604465565437
- disease: 0.07454366664027233
- mass: 0.06783254041456598
- year: 0.0547280482326201
- on: 0.05363356882834383
- old: 0.05255787088735071
- with: 0.034773266297225915
