Texto: 
n/a
medical management of cardiovascular risk factors and consideration of revascularization of the infarcted region.
subendocardial hyperenhancement on mycardial delayed enhancement (mde) imaging in the anterior and anterioseptal wall of the left ventricle consistent with myocardial infarction.  normal t2w signal suggests the lack of edema and this to be a chronic myocardial infarction (vs. acute myocardial infarction).
chronic myocardial infarction
acute myocardial infarction
chronic myocardial infarction
sarcoidosis
amyloidosis
myocarditis
39 year-old male with a history of prior myocardial infarction.
please see factoid for discussion.


Keywords by value: 
- myocardial: 0.6630572181744597
- infarction: 0.4826405762166013
- chronic: 0.1563978111187857
- mycardial: 0.1404572052361658
- mde: 0.1404572052361658
- anterioseptal: 0.1404572052361658
- subendocardial: 0.13421435807050383
- hyperenhancement: 0.13421435807050383
- myocarditis: 0.12116872001086926
- revascularization: 0.11911276979640464
- infarcted: 0.11163752462475111
- of: 0.10312612233085552
- amyloidosis: 0.09683491187242049
- acute: 0.0950239332958817
- cardiovascular: 0.0886117743771222
- consideration: 0.0886117743771222
- t2w: 0.0886117743771222
- suggests: 0.08101449351576
- discussion: 0.0769127258648074
- lack: 0.07515453389294087
- sarcoidosis: 0.07439804989593445
- factors: 0.07429295218014953
- please: 0.07367699982121594
- 39: 0.07298821219809798
- the: 0.07010002916773246
- delayed: 0.06872817137736996
- vs: 0.0670041401251534
- management: 0.0648749687421937
- ventricle: 0.06464937121781929
- risk: 0.06275523440878937
- factoid: 0.061337353883432415
- medical: 0.055818649690508586
- see: 0.054634867940823235
- and: 0.05444617422498046
- wall: 0.05342721091033684
- region: 0.0525351561935925
- edema: 0.05238296297172428
- enhancement: 0.050552668493420605
- signal: 0.049787590672683985
- prior: 0.04914030969923053
- anterior: 0.04903841154054163
- consistent: 0.047622735151451386
- imaging: 0.046156952063157924
- male: 0.039104714070010274
- normal: 0.03585986765346046
- be: 0.03562859075931724
- with: 0.03439591338812487
- history: 0.03355564633167065
- this: 0.030179521604301957
- left: 0.029960283743267476
- for: 0.0266202036946698
- on: 0.026525773741636078
- to: 0.021957001473248423
- in: 0.021848929157471605
