Texto: 
mildly elevated blood glucose and tsh levels.
patient has lower than normal iq, but is functional and lives alone.
normal csf.
supportive
• markedly dilated fluid spaced involving the basal ganglia
• spaces have signal intensity that tracks csf
• no associated mass effect or enhancement.
• extensive deep and periventricular white matter gliosis.
giant tumefactive perivascular spaces
• cryptococcosus
• cysticercosis
• dilated perivascular (virchow robin) spaces
• cystic encephalomalacia
• gliomatosis cerebri
60 year old woman admitted from outside hospital following one day episode of left sided weakness.  she reported a previous stroke 10 years earlier.


Keywords by value: 
- spaces: 0.32914314178926857
- perivascular: 0.28623991732282306
- csf: 0.19054350045231094
- cryptococcosus: 0.18425016711142578
- iq: 0.17816950423343103
- spaced: 0.17345297568030874
- dilated: 0.17271118520495093
- robin: 0.16351862837628486
- gliomatosis: 0.16351862837628486
- tracks: 0.15880209982316254
- virchow: 0.1567875527667821
- encephalomalacia: 0.1502318868440111
- gliosis: 0.14637820241798197
- lives: 0.1421366769096359
- cerebri: 0.13943469541289402
- tumefactive: 0.13703929578341678
- cysticercosis: 0.1329354694327205
- periventricular: 0.12395482130609288
- alone: 0.1185977362799502
- functional: 0.1182845935755743
- glucose: 0.11649732554715511
- tsh: 0.11649732554715511
- ganglia: 0.113320848801429
- stroke: 0.11212636457037099
- episode: 0.11034537509418682
- earlier: 0.11013294369860166
- giant: 0.10754966064585843
- markedly: 0.10645613683985242
- basal: 0.10317253405691222
- supportive: 0.10073373246979526
- admitted: 0.0987932196255105
- normal: 0.09845722473705677
- mildly: 0.09735967063745025
- outside: 0.0967899125300138
- levels: 0.09558801666451232
- deep: 0.09385536186739198
- extensive: 0.09289878478871225
- matter: 0.09180526098270622
- previous: 0.09110646193641538
- 60: 0.09018184451856202
- hospital: 0.08906069368389478
- weakness: 0.08799602819439345
- reported: 0.08684151620856093
- intensity: 0.08561387629079256
- effect: 0.0845794560125355
- involving: 0.08445364167710791
- elevated: 0.08219532630918172
- white: 0.0795497847550373
- sided: 0.07755785594152549
- day: 0.0768020978715484
- and: 0.07474399046233723
- years: 0.07390883230058898
- cystic: 0.07261622679505833
- following: 0.07233155251293842
- she: 0.07177345419109134
- 10: 0.07050420033787652
- blood: 0.07002343482143322
- fluid: 0.06961543745101342
- enhancement: 0.06939896559314736
- one: 0.06903295218860686
- than: 0.06834866279134194
- signal: 0.06834866279134194
- associated: 0.06355032201464929
- woman: 0.06279413013161385
- lower: 0.06161226507531632
- have: 0.06023217246660258
- but: 0.0596228888822842
- has: 0.055073634612620236
- that: 0.052323591629649537
- from: 0.047885963372356045
- mass: 0.04605516671150766
- or: 0.04194474384180185
- left: 0.0411296329674577
- patient: 0.039215917768098636
- no: 0.039208541482578387
- year: 0.037157820859198
- old: 0.03568437052372366
- is: 0.03301937634250802
- the: 0.024058420936390587
- of: 0.023595345965186146
