Texto: 
• right posterior and lateral fractures of ribs 3-6 with associated airspace disease that may represent hemmorhage.
flail chest
motor vehicle versus pedestrian
high impact enegy resulted in multiple rib fractures with disruption of clavicle.


Keywords by value: 
- enegy: 0.33228357671582787
- fractures: 0.3072224040221043
- flail: 0.3070360098894102
- hemmorhage: 0.27749825023359864
- pedestrian: 0.27366054197402256
- clavicle: 0.22408759781702467
- airspace: 0.22316540832118717
- impact: 0.2196937789164428
- resulted: 0.2115658778274728
- ribs: 0.20383751865444322
- rib: 0.1897899404057995
- disruption: 0.1876675222628388
- versus: 0.18376115321110337
- vehicle: 0.180514714875746
- represent: 0.172898642434933
- motor: 0.16527824788916634
- high: 0.11808787093633197
- chest: 0.10967619348025742
- associated: 0.10951502268873609
- posterior: 0.10744422319152108
- may: 0.10456085705467504
- lateral: 0.1031160683582168
- multiple: 0.10162914600818257
- that: 0.09016821855216298
- disease: 0.08721816984947098
- with: 0.0813713835883095
- of: 0.08132279323872751
- right: 0.06888727791637289
- in: 0.051688628686925094
- and: 0.042934950612537874
