Texto: 
painless mass right frontal scalp.
surgery and chemotherapy
destructive mass lesion arising from the right frontal bone with both intra-cranial and extra-cranial extension.
angiosarcoma,liver, metastatic to skull
• meningioma
• ewings sarcoma
• metastatic tumor
63 y.o. woman with a painless lump on right forehead.


Keywords by value: 
- painless: 0.3583397021427098
- frontal: 0.24902909497742584
- ewings: 0.236802802560373
- angiosarcoma: 0.22963646973426316
- forehead: 0.21988002507059248
- metastatic: 0.21220373492078795
- destructive: 0.20612908864069168
- lump: 0.2023145123209674
- scalp: 0.196372643977021
- right: 0.19241768986441954
- 63: 0.18692036262685743
- sarcoma: 0.16228616751342845
- skull: 0.15696343976522348
- arising: 0.1537138724405463
- mass: 0.1477913492369544
- meningioma: 0.1449620364385131
- chemotherapy: 0.137367761251208
- extension: 0.13694515164398718
- liver: 0.133456058671652
- both: 0.10788151215121915
- bone: 0.10555654740250153
- surgery: 0.1040110385957728
- tumor: 0.10118959815365014
- woman: 0.10075339944424988
- lesion: 0.09274792197648066
- and: 0.07995132784253361
- from: 0.07683319420645521
- with: 0.07576287003308771
- on: 0.05842754416309525
- to: 0.04836404343047232
- the: 0.03860181978031276
