Texto: 
elevated wbc
positive urine cultures
long term abx via picc
us - hyperechoic wedge shaped defect of the left upper pole that shows decreased perfusion on doppler imaging.

dmsa - decreased radiotracer accumulation of the left upper pole
acute pyelonephritis
pyelonephritis
cortical infarct
5 week old male with urinary tract infection
excellent correlation between scintigraphy (dmsa renal scan) and sonography; it is relatively uncommon to see focal parenchymal abnormalities on renal ultrasound in acute pyelonephritis.


Keywords by value: 
- pyelonephritis: 0.4167212592155127
- dmsa: 0.36281038308620434
- pole: 0.2331504580570384
- abx: 0.17002061636687796
- renal: 0.16659286289408504
- decreased: 0.165707976303006
- picc: 0.159919274362751
- acute: 0.1447186128757011
- upper: 0.14295905932886652
- sonography: 0.1419699728055987
- wedge: 0.1398842610860859
- scintigraphy: 0.13890708640517088
- excellent: 0.13751367856375646
- perfusion: 0.13415813564713971
- correlation: 0.1333892536831236
- accumulation: 0.12924044107384255
- cultures: 0.12599076198932496
- hyperechoic: 0.12313711502436943
- uncommon: 0.12103581752895445
- parenchymal: 0.12015912480499172
- urine: 0.11973277125979204
- doppler: 0.11973277125979204
- radiotracer: 0.11676059599369439
- urinary: 0.11566975749845439
- tract: 0.11205510919431964
- shaped: 0.1117525398481452
- infarct: 0.11130588255331648
- via: 0.10932709955522522
- relatively: 0.10892395841094415
- us: 0.1064001486020494
- term: 0.10489427628134755
- defect: 0.09812044515346181
- abnormalities: 0.09689247878799886
- cortical: 0.09603115728646892
- wbc: 0.09454184420305407
- left: 0.09125723497863247
- elevated: 0.09118630128643734
- week: 0.0899679078131186
- long: 0.08869697219461811
- positive: 0.0881412874470741
- between: 0.08691107975117726
- see: 0.08320727240813681
- ultrasound: 0.082505947639968
- infection: 0.08079907056922885
- on: 0.08079592263122284
- focal: 0.08000947411713283
- scan: 0.07935860852389466
- shows: 0.0785058309463002
- imaging: 0.07029565968766253
- it: 0.06847012082791687
- male: 0.059555311812777435
- that: 0.058047032659529235
- the: 0.053380125573796365
- of: 0.0523526682781438
- old: 0.039587722415667895
- is: 0.036631216574680846
- to: 0.03343985758013189
- in: 0.033275266670378806
- and: 0.02763996583784649
- with: 0.026191974492482516
