Texto: 
noncontributory
• axial ct: there is a lobulated cystic mass in the pancreatic head/neck with thin septations.

• mr shows a lobulated, cystic mass with thin, nonenhancing, septations.
serous cystadenoma (macrocystic variant)
• serous cystadenoma
• side branch intraductal papillary mucinous neoplasm
• pseudocyst
56 year old woman with abdominal pain.


Keywords by value: 
- serous: 0.3709583074346308
- septations: 0.34949077882310325
- cystadenoma: 0.32655383058672516
- lobulated: 0.29765669330947636
- thin: 0.25119044090221215
- macrocystic: 0.21250554404732458
- cystic: 0.19434693620464324
- nonenhancing: 0.18894692820549827
- intraductal: 0.18774314068671658
- pseudocyst: 0.18338302918378413
- mucinous: 0.17259614798461498
- branch: 0.15828589129605317
- 56: 0.15067365768531227
- papillary: 0.15035762381171405
- pancreatic: 0.14626818171808306
- noncontributory: 0.1436714292937464
- variant: 0.14317950841776297
- mass: 0.1232600610334204
- side: 0.11146268568607993
- neoplasm: 0.11014326805708086
- mr: 0.1043984972753759
- with: 0.09478094657664618
- shows: 0.09469639858591203
- axial: 0.09319950235682978
- abdominal: 0.08824464457798473
- woman: 0.08402975024547349
- there: 0.06419924525935167
- ct: 0.06142610218253629
- pain: 0.05773569176013628
- year: 0.04972379424510082
- old: 0.04775205479382553
- is: 0.04418581707409242
- in: 0.04013775636393296
- the: 0.03219445986986577
