Texto: 
plain film:
-coarse, reticulonodular opacities
-linear opacities
-peribronchial cuffing
-concomitant hilar and mediastinal lymph node enlargement (occasionally)
-normal chest x-ray

ct:
-thickened interlobular septa and subpleural interstitium that does not distort the pulmonary lobule
-nodular thickening of the septa
-effusion

diff dx:
-interstial fibrosis from any number of causes
-pulmonary edema
-inflammatory diseases affecting the lungs
lymphangitic carcinomatosis
lymphangitic carcinomatosis
pulmonary edema
chronic inflammation, from any number of sources
fibrosis
granulomatous disease
pneumoconiosis
50 yo male w/ a h/o metastatic gastric cancer.
this case shows many of the classic findings associated w/ lymphangitic carcinomatosis.  with a h/o metastatic gastric cancer, increased interstitial thickening and pleural effusions on cxr, and nodular thickening of the septa and effusions on ct, these findings are consistent with lymphangitic carcinomatosis.


Keywords by value: 
- lymphangitic: 0.398072822584123
- carcinomatosis: 0.3705136184586038
- septa: 0.3090624293794479
- thickening: 0.17455410351813808
- opacities: 0.16331109998054424
- effusions: 0.16007592615612762
- number: 0.15746679057806812
- pulmonary: 0.15639600001002704
- gastric: 0.14408436177642195
- fibrosis: 0.14329520721037248
- nodular: 0.1362170694691742
- distort: 0.13069542118152583
- lobule: 0.12638218332474935
- cuffing: 0.11422384868130558
- cancer: 0.11393263949794451
- any: 0.11054741236551141
- interlobular: 0.10656500362411758
- interstitium: 0.10656500362411758
- diff: 0.10656500362411758
- subpleural: 0.10559737296775265
- reticulonodular: 0.10468842368341645
- sources: 0.10225176576734112
- pneumoconiosis: 0.10225176576734112
- edema: 0.10201909105327477
- dx: 0.09617259844561922
- metastatic: 0.09381339354261674
- and: 0.08836443649243719
- affecting: 0.08603218359230072
- the: 0.08532761480054635
- findings: 0.08442095839491182
- of: 0.08368523424401783
- occasionally: 0.08204000878368459
- diseases: 0.07857802528296277
- hilar: 0.07842424884349913
- interstitial: 0.07753330925672053
- granulomatous: 0.07602588742695278
- node: 0.07351120814792138
- mediastinal: 0.06906079576232374
- inflammation: 0.06873660861522925
- cxr: 0.06841928308956463
- from: 0.06793455061398519
- many: 0.06743204082619948
- lymph: 0.06650580846050978
- enlargement: 0.06556843628346434
- ct: 0.06512105259000027
- causes: 0.06462516480616025
- pleural: 0.06438333583102299
- classic: 0.06396929965959006
- film: 0.06391107406635829
- lungs: 0.06311880296942303
- 50: 0.05972916322219687
- does: 0.05912591231314203
- plain: 0.05642758856859995
- yo: 0.05343175228842388
- on: 0.051660600567159154
- chronic: 0.050765750375979114
- shows: 0.05019632479749002
- these: 0.04829648174674725
- consistent: 0.04637412507807578
- increased: 0.046248358612773786
- chest: 0.0451449222381933
- associated: 0.04507858110599848
- case: 0.04296729953536851
- male: 0.03807943612767857
- that: 0.03711504826821477
- disease: 0.03590074902007496
- not: 0.03376360453827495
- with: 0.03349409446061502
- are: 0.032453202490887394
- this: 0.02938825133045168
