Texto: 
contained gallbladder perforation
52 y.o. man,  hiv+, for follow up of palpable adenopathy


Keywords by value: 
- contained: 0.4269515005317203
- perforation: 0.3584193235482679
- 52: 0.35164459736895937
- gallbladder: 0.3392710068253686
- adenopathy: 0.31938394014169025
- palpable: 0.26674357768162027
- follow: 0.2046839315849998
- man: 0.2010106857859897
- up: 0.18781654693230457
- for: 0.11508002894184485
- of: 0.07430294472709954
