Texto: 
decreased breath sounds on right chest.
no abnormal labs.
2 chest tube thoracotomies. consideration for pleuradhesis, again.
irregular but significant volume loss of most of right lung, with air density in the intra-pleural space.
pneumothorax
hydropneumothorax.
hemopneumothorax.
chest pain on climbing stairs. "felt like before, when i had a collapsed lung".
this patient had had a pleuradhesis on the right side one year earlier, for presumed ruptured bleb. this is the etiology of the [incomplete and] irregular collapse of the lung and the thickened pleural surfaces.


Keywords by value: 
- pleuradhesis: 0.40811614535380114
- lung: 0.23285926133588833
- thoracotomies: 0.20405807267690057
- chest: 0.20205915273922825
- irregular: 0.19702363513988985
- bleb: 0.19498838231463342
- pleural: 0.1921108235960984
- had: 0.19072306620943463
- hemopneumothorax: 0.18356192380064068
- climbing: 0.17304859651018617
- hydropneumothorax: 0.16053076990337375
- the: 0.1527633647114473
- collapsed: 0.14942616742775483
- surfaces: 0.14583952542338466
- stairs: 0.14135080115037765
- presumed: 0.13033478734002746
- consideration: 0.12873634973352058
- right: 0.126912728903193
- incomplete: 0.1251782938145018
- ruptured: 0.12099063207733185
- collapse: 0.11966665937125341
- earlier: 0.11655156067430912
- on: 0.11561097752615844
- again: 0.11381772226638741
- volume: 0.11210354361680079
- felt: 0.11210354361680079
- pneumothorax: 0.11120508514468606
- thickened: 0.10763149367087463
- before: 0.10315642128034395
- etiology: 0.10279071380910011
- tube: 0.10195995381449018
- of: 0.09988199005808016
- sounds: 0.09851181756994493
- like: 0.09483658690030602
- breath: 0.09352040677704221
- labs: 0.088401539179216
- side: 0.08814878384876926
- this: 0.08769041079138662
- space: 0.08493525396106406
- density: 0.08461106555120144
- air: 0.08346102399130403
- decreased: 0.07903724387889148
- loss: 0.07773779420423343
- for: 0.07734836316965453
- when: 0.07707698794281946
- abnormal: 0.07665958024807225
- significant: 0.07367266877152746
- one: 0.07305623590300211
- most: 0.06640621858433425
- but: 0.06309774821018763
- and: 0.05273341137750586
- pain: 0.04565950463150382
- patient: 0.04150144603104165
- no: 0.041493639850978786
- year: 0.03932340194454379
- is: 0.03494376628798431
- in: 0.031742411266344944
- with: 0.024985417380834825
