Texto: 
n/a
none
enhancing complex right renal exophytic mass.
renal cell carcinoma
complicated cyst
renal abscess
lymphoma
62 y/o female w/o of chronic renal insuffiency. previous renal sonogram demonstrated a lobulated right kidney w/o evidence of a discrete mass.


Keywords by value: 
- renal: 0.623770412103199
- insuffiency: 0.3061390548025507
- sonogram: 0.23779956107984235
- exophytic: 0.21517003098659504
- discrete: 0.20733332931169834
- 62: 0.19082701215924275
- complicated: 0.1899598186539639
- lobulated: 0.18479170803166692
- complex: 0.15435506308291602
- mass: 0.15304501946322005
- previous: 0.15137704665826143
- kidney: 0.140742461447129
- right: 0.13283848814521584
- abscess: 0.1286406076467098
- enhancing: 0.12549773884516066
- demonstrated: 0.12312032028727281
- carcinoma: 0.11983116629416221
- lymphoma: 0.11931172219378
- chronic: 0.1189129557558004
- cyst: 0.11556570488832846
- cell: 0.1146006817744761
- evidence: 0.11371027922856868
- none: 0.10948164992807935
- female: 0.09667073571402024
- of: 0.07840923050184113
