Texto: 
none
none, benign and non-functional
multiple single axial images of the left adrenal shown at different times of enhancement with hu to illustrate washout.
adrenal adenoma
• benign lipid-poor adrenal adenoma
• adrenal hyperplasia
• adrenal carcinoma
56 y/o female with incidentally discovered mass lesion of her left adrenal gland.


Keywords by value: 
- adrenal: 0.7501566159674218
- adenoma: 0.2152517685029648
- illustrate: 0.1898892824558814
- benign: 0.18546665128861592
- washout: 0.16139673863969162
- hu: 0.15027389686790438
- none: 0.14754921498440604
- 56: 0.12606650923509974
- different: 0.12354653102615187
- hyperplasia: 0.12307320648722109
- discovered: 0.12307320648722109
- times: 0.12148736867424806
- incidentally: 0.11501023695320263
- gland: 0.10966287757314556
- shown: 0.10464949660784753
- single: 0.10380421253671786
- left: 0.09210034351092525
- her: 0.08433801112811568
- carcinoma: 0.08074866668973497
- of: 0.07925451718857489
- axial: 0.0779786998276296
- enhancement: 0.07770150265489759
- multiple: 0.06602961341577028
- female: 0.06514192641387287
- lesion: 0.06472021461930981
- images: 0.06244476218022896
- with: 0.0528679144958065
- mass: 0.0515649711479175
- at: 0.05098979995360122
- to: 0.03374880217231755
- and: 0.027895326314587056
- the: 0.026936647286947224
