Texto: 
wedge shaped hyperechoic focus of the right kidney at junction of upper and middle third.
junctional parenchymal defect
junctional parenchymal defect
angiomyolipoma
cortical scar
22 year old for right upper qaudrant ultrasound for evaluation of gallstones. this was an incidental finding.
on real time imaging, this defect was noted to communicate with the renal sinus fat, making it most consistent with a junctional parenchymal defect vs aml or cortical scar.


Keywords by value: 
- junctional: 0.4979664032665957
- defect: 0.3697937547329594
- parenchymal: 0.33963941351036925
- scar: 0.23793826069396887
- qaudrant: 0.20154660267323415
- cortical: 0.18095985076695223
- communicate: 0.15300265142564648
- aml: 0.15180812785235806
- gallstones: 0.1364942162533454
- angiomyolipoma: 0.13481543648641242
- real: 0.13481543648641242
- upper: 0.13469508632892782
- wedge: 0.13179803162879422
- making: 0.12603772696784507
- hyperechoic: 0.1160189806533897
- focus: 0.10675617656514802
- shaped: 0.10529250872933965
- junction: 0.10093641466897647
- 22: 0.09925763490204347
- vs: 0.09614641544774798
- third: 0.0959599729546341
- incidental: 0.09341972934786262
- sinus: 0.09106715741022446
- middle: 0.09012067674744591
- kidney: 0.08853945470423845
- was: 0.08784418332626766
- this: 0.08661115019942532
- right: 0.0835671565153856
- finding: 0.08284014219649193
- renal: 0.07848135037627185
- fat: 0.07839734531567069
- ultrasound: 0.07773656172744209
- evaluation: 0.07685909496800578
- for: 0.07639638860974154
- time: 0.0747001198682132
- of: 0.07398951007070335
- consistent: 0.0683354083803942
- noted: 0.06681999178827482
- imaging: 0.06623210865145043
- most: 0.06558891582417566
- it: 0.06451209793324474
- the: 0.05029440355977276
- with: 0.04935581252355992
- an: 0.04819277844012805
- at: 0.04760246420016032
- or: 0.04384298287008379
- year: 0.038839424304599045
- on: 0.038062693700309125
- old: 0.03729929193278706
- to: 0.03150681408179513
- and: 0.026042194192764954
