Texto: 
non-contributory
none required
well circumscribed 1.5 cm bony lesion, located within floor of the medial left frontal sinus.
paranasal sinus osteoma
• enchondroma/osteochondroma
• fibrous dysplasia
• chondrosarcoma
• osteoma
• sinus meningioma (it does happen!)
59 year old man being evaluated for symptoms of sinusitis


Keywords by value: 
- sinus: 0.4049462577977584
- osteoma: 0.3950287593040343
- happen: 0.262761017501224
- paranasal: 0.22173645705996822
- sinusitis: 0.19267970453099328
- floor: 0.18903736922499617
- 59: 0.1771282376671069
- chondrosarcoma: 0.17129109566437176
- evaluated: 0.1596109668902347
- located: 0.14776750977440936
- fibrous: 0.1451087542925509
- circumscribed: 0.14466117651030952
- bony: 0.1439285449554808
- dysplasia: 0.14307048893290059
- meningioma: 0.13997501531560047
- required: 0.13336859385242789
- being: 0.1301712010520744
- does: 0.12914044382476977
- medial: 0.1215941377985977
- frontal: 0.12023096612015574
- cm: 0.10728268715959237
- symptoms: 0.10220764370731987
- none: 0.10208628248889505
- man: 0.09889546365298445
- it: 0.09562149291308586
- well: 0.0904506006227931
- lesion: 0.08955718419873737
- within: 0.08603538487059115
- of: 0.0731127715010338
- left: 0.06372234298890896
- year: 0.05756879492174588
- for: 0.056618347302787295
- old: 0.055285971057781255
- the: 0.03727383008482486
