Texto: 
• lethargy
• fever
• surgical drainage
• ventricular drain placement
• antibiotics
• ring enhancing lesion left cerebellar hemisphere
• lesion has necrotic central portion
• restricted diffusion
• opacified and enhancing left mastoid bone
• hydrocephalus
cerebellar abscess secondary to mastoiditis
• cerebellar abscess
• juvenile pilocytic astrocytoma
• hemangioblastoma
9 month old baby boy with a 1 month history of intermittent fever.  now with vomiting and lethargy one day prior to presentation.


Keywords by value: 
- cerebellar: 0.3793430081993181
- lethargy: 0.3440035654536796
- fever: 0.20952655354489588
- abscess: 0.19843718243147696
- enhancing: 0.19358908631983557
- mastoiditis: 0.18913504119102004
- month: 0.18798674608035526
- opacified: 0.1847328601368952
- mastoid: 0.15937672184970467
- hemangioblastoma: 0.1545268084599535
- drain: 0.15408635664838202
- juvenile: 0.15198552205093618
- necrotic: 0.1504148102095656
- pilocytic: 0.1482173471972126
- lesion: 0.14815603408182526
- hemisphere: 0.14460035704991636
- baby: 0.1393050276426634
- restricted: 0.1328088139248695
- ring: 0.13015480002820148
- diffusion: 0.13015480002820148
- ventricular: 0.1299748180398889
- intermittent: 0.1262906417740227
- hydrocephalus: 0.12613451921165988
- drainage: 0.123751692381493
- placement: 0.12065649086825024
- astrocytoma: 0.11664498181006995
- vomiting: 0.11433382036924249
- antibiotics: 0.11383496299928639
- portion: 0.11049120679228684
- presentation: 0.10636567448218598
- now: 0.10606719003397028
- boy: 0.1056986511573357
- left: 0.10541699925143087
- central: 0.10318360143412099
- day: 0.09842352228427609
- secondary: 0.09158504673569573
- one: 0.08846719681340563
- prior: 0.08645151753515919
- bone: 0.08430830093686936
- to: 0.07725698553803684
- surgical: 0.07509942026299002
- has: 0.07057803437397203
- and: 0.06385734257059344
- with: 0.060512009948888376
- history: 0.059033745717142885
- old: 0.045730279963396424
- of: 0.03023793781380574
