Texto: 
colloid cyst
adult patient with headaches


Keywords by value: 
- colloid: 0.6060285481815796
- adult: 0.5345376981975564
- headaches: 0.43225784766025416
- cyst: 0.3342911137062449
- patient: 0.1884816562065657
- with: 0.11347298225294782
