Texto: 
cavitary mass at the left hilum
non small cell lung carcinoma
primary lung carcinoma
lung abscess
traumatic hematoma / lung cyst
cavitary granuloma
66 yo with chronic cough


Keywords by value: 
- lung: 0.5466889090022744
- cavitary: 0.49314362945671525
- carcinoma: 0.2687805215205655
- hilum: 0.2413124854439087
- 66: 0.21070807452634926
- granuloma: 0.20330136222663986
- traumatic: 0.17025213788132196
- cough: 0.1677405963126008
- hematoma: 0.15725521739352494
- abscess: 0.14427002040156867
- yo: 0.14036401803464
- primary: 0.13815071312922023
- chronic: 0.13336049064705222
- cyst: 0.1296065597556064
- cell: 0.128524289492193
- small: 0.11589478582208844
- non: 0.10660358604717078
- mass: 0.08581974418589416
- at: 0.08486248495233961
- left: 0.07664144615602868
- the: 0.044830747073632965
- with: 0.043994118455499956
