Texto: 
nasal mass visible on right.
surgical resection followed by chemotherapy
enhancing right-sided nasal mass eroding into the cribiform fossa.  there are associated changes of both acute and chronic sinusitis.
esthesioneuroblastoma
• nasal polyps
• squamous cell carcinoma
• inverting papilloma
• esthesioneurblastoma
• neuroendocrine tumor
38 year old woman with 1 to 2 year history of intermittent epistaxis.  this evaluation is for symptoms of nasal obstruction and imaging was done.


Keywords by value: 
- nasal: 0.5466200387729094
- esthesioneurblastoma: 0.2397128948717176
- esthesioneuroblastoma: 0.229058468394939
- cribiform: 0.2067939810767872
- eroding: 0.20328517014186376
- inverting: 0.19742161613018222
- neuroendocrine: 0.19491714587390846
- epistaxis: 0.1867671896534036
- polyps: 0.16165916867900817
- sinusitis: 0.15460998278265217
- papilloma: 0.13744734255200292
- squamous: 0.1348941659816741
- 38: 0.13301643529010637
- visible: 0.13212560255862285
- intermittent: 0.12251346196406865
- done: 0.119233480187076
- fossa: 0.11767200806100601
- mass: 0.11451089693972208
- chemotherapy: 0.10643454865722414
- obstruction: 0.10499215341951083
- followed: 0.10122149114980676
- right: 0.09939202516342545
- resection: 0.09608390647611048
- enhancing: 0.09389955118742019
- year: 0.09238866556635654
- evaluation: 0.09141367756950881
- changes: 0.0905895910772447
- carcinoma: 0.08965972484308898
- chronic: 0.08897270403903998
- of: 0.08800068775132878
- cell: 0.08574618701036958
- both: 0.08358817199674554
- symptoms: 0.08201342259844657
- acute: 0.08108684098531263
- into: 0.07968098917259074
- associated: 0.07900529836631037
- imaging: 0.07877428985512627
- tumor: 0.07840317924810704
- woman: 0.07806520611425813
- surgical: 0.07285329964809766
- by: 0.06365362129610752
- and: 0.061947457074037385
- there: 0.0596422969116354
- history: 0.05726812738393541
- are: 0.056877898168664065
- was: 0.05223949003229206
- this: 0.05150622552575181
- for: 0.04543167492899123
- on: 0.045270514970224766
- old: 0.0443625500369751
- is: 0.04104944864336
- to: 0.03747316755309966
- the: 0.02990925402177627
- with: 0.029351089380430264
