Texto: 
unknown.
n/a.
-no acute findings.
-incidental finding of osseous coalition of the lunate and triquetral bones.
lunotriquetral coalition.
lunotriquetral coalition.
a 50 year old female with left hand pain status post falling on an outstretched hand.


Keywords by value: 
- coalition: 0.616418007705191
- lunotriquetral: 0.45330392788492313
- hand: 0.27249676186229815
- triquetral: 0.24046248847114937
- outstretched: 0.18958773761857
- lunate: 0.1872056021804713
- falling: 0.17747516453145515
- bones: 0.14024621940733883
- osseous: 0.1391174005681136
- unknown: 0.1320783461989328
- 50: 0.12172558024647459
- status: 0.1216361064974924
- finding: 0.11456875494144612
- post: 0.09484128977573941
- acute: 0.09428873830884127
- findings: 0.08602322208462848
- female: 0.08410698836447071
- of: 0.06821882743289198
- an: 0.06665110025955817
- pain: 0.06237036056884031
- left: 0.059456965325387336
- year: 0.053715316840787515
- on: 0.05264109055508974
- old: 0.05158529818552031
- and: 0.036016618097195745
- the: 0.03477883453349392
- with: 0.03412979408301374
