Texto: 
normal lung exam.
patient instructed to eat more frequent and smaller meals.
pa and lateral chest radiographs demonstrate a large posterior mediastinal mass with an air-fluid level.

axial ct demonstrates a large hiatal hernia.
hiatal hernia
hiatal hernia
a 70 year of man with shortness of breath. he has a history of prostate cancer and physicians were concerned for possible pulmonary emboli.
see topic


Keywords by value: 
- hiatal: 0.4782040735193075
- hernia: 0.38996837169375975
- eat: 0.2129702418821861
- instructed: 0.19756460084229946
- physicians: 0.19221968754875673
- meals: 0.183898209302979
- concerned: 0.183898209302979
- large: 0.15736486921859663
- emboli: 0.1540564445462264
- prostate: 0.15210321699419752
- topic: 0.15027944026243997
- frequent: 0.14399571679988252
- smaller: 0.14132089978607185
- 70: 0.12965373403738148
- mediastinal: 0.12680336675472573
- shortness: 0.12591525874618523
- pa: 0.12051043474191953
- breath: 0.11509520477997483
- possible: 0.10640010134466568
- cancer: 0.10459655229945543
- radiographs: 0.10185095234475675
- see: 0.09768558871099003
- and: 0.09734820971818033
- pulmonary: 0.09572019903783908
- lung: 0.09552633231612134
- level: 0.09485835249040207
- he: 0.09299049414680426
- of: 0.09219328563475798
- axial: 0.09070918354761072
- more: 0.086229125485897
- man: 0.08313638909094928
- chest: 0.0828911406029038
- demonstrate: 0.08163825228595002
- posterior: 0.08120426073267516
- were: 0.08094711236949417
- exam: 0.0790516024499607
- demonstrates: 0.0788927810822573
- lateral: 0.07793312522501236
- has: 0.07172910757170914
- normal: 0.06411642262264963
- with: 0.061498914067304206
- an: 0.06004973656424557
- history: 0.05999654048834568
- mass: 0.05998325751548869
- ct: 0.059784778207902727
- patient: 0.051075669944374076
- year: 0.048395159467629414
- for: 0.047596166468945766
- to: 0.03925849363387385
