Texto: 
normal h & p
none required
• 2 cm cystic lesion in the right choroidal fissure.
• no enhancement following contrast administration
choroidal fissure cyst
• epidermoid cystic
• astrocytoma
• choroidal fissure cyst
• dilated virchow-robin space
2 year old boy with seizures.  has already had a ct scan.


Keywords by value: 
- choroidal: 0.596511132464981
- fissure: 0.4795290010589037
- cystic: 0.1972806832589481
- cyst: 0.18895962160699217
- already: 0.1738340753349894
- epidermoid: 0.14229104098971496
- seizures: 0.13369926661463824
- administration: 0.13042773240446062
- astrocytoma: 0.12364060702617348
- dilated: 0.11730360460567937
- required: 0.11693312582430378
- boy: 0.11203778497921224
- space: 0.10902046567416644
- following: 0.09825364612516642
- scan: 0.09717005687894735
- enhancement: 0.09427008228009477
- cm: 0.09406187464406307
- none: 0.08950584069603335
- had: 0.08160222649317175
- contrast: 0.07957834176337195
- lesion: 0.07852074604587027
- has: 0.07481085664637394
- normal: 0.06687110245594648
- ct: 0.062353354496643726
- right: 0.0543005177855753
- no: 0.05326005078107598
- year: 0.0504743954006643
- old: 0.048472891730204484
- in: 0.04074365232915209
- the: 0.03268044850263074
- with: 0.032070568001959725
