Texto: 
negative
referral to podiatry
lateral view of the ankle demonstrates enthesophytes at the insertion of the achilles tendon and plantar fascia. the remaining osseous and soft tissues are normal.
enthesophyte secondary to degenerative change
degenerative change
post-traumatic change
dish
cppd
spondyloarthropathies (ankylosing spondylitis, psoriatic arthritis, reiters)
rheumatoid arthritis
woman with continued heel pain despite having shoes professionally fitted.
see factoid


Keywords by value: 
- change: 0.31111159091986224
- degenerative: 0.23251427731647953
- arthritis: 0.22261381987355977
- podiatry: 0.21885887092076428
- enthesophytes: 0.21885887092076428
- professionally: 0.21885887092076428
- fitted: 0.1968760895368356
- spondyloarthropathies: 0.19250200303223752
- reiters: 0.19250200303223752
- shoes: 0.1827744673055344
- enthesophyte: 0.18024675737501195
- dish: 0.18024675737501195
- fascia: 0.1592433387085902
- cppd: 0.15160329771662628
- ankylosing: 0.14759549397628782
- psoriatic: 0.14698809305136462
- heel: 0.14698809305136462
- spondylitis: 0.14581756553721104
- referral: 0.13978826725518395
- plantar: 0.13978826725518395
- insertion: 0.13425776147267723
- achilles: 0.13356231987998546
- remaining: 0.13006073152848083
- ankle: 0.1208319883012981
- rheumatoid: 0.12063122516283782
- tendon: 0.11946069764868426
- despite: 0.11908287794982235
- having: 0.11798385884939402
- continued: 0.11213426968513136
- osseous: 0.10923071308548146
- the: 0.10922909372549734
- tissues: 0.10790089358415046
- view: 0.1002181258577532
- factoid: 0.09557518956484848
- see: 0.08513144975601998
- negative: 0.08472519452574669
- secondary: 0.08111664337259528
- soft: 0.07285800147649239
- woman: 0.07127385816064029
- demonstrates: 0.06875381432861513
- to: 0.06842631594670746
- lateral: 0.06791748938578428
- and: 0.05655828619020169
- normal: 0.055876451000205274
- of: 0.053563329503858906
- are: 0.05192975780548517
- at: 0.051691377724605796
- pain: 0.048971292825424895
- with: 0.026797666790237012
