Texto: 
normal physical exam and ultrasound of the kidneys.
the treatment for grade 1 reflux is often prophylactic antibiotics and follow up evaluation with vcug to look for resolution as the child ages.
the bladder demonstrates normal distention with contrast material.  there is reflux of contrast material within the left ureter with voiding.
grade 1 reflux.
grade 1 reflux on the left side.
22 month old female with first uti.
this is a first uti and as such should be evaluated with renal us and vcug as was the case here.  there was no structural abnormality or duplication detected on exam in this patient.


Keywords by value: 
- reflux: 0.4292893576210626
- vcug: 0.28015728476319657
- uti: 0.2758804366208039
- grade: 0.26732023438046315
- material: 0.2087604121935101
- the: 0.1730808183808915
- first: 0.16724706064964226
- voiding: 0.1504389142378132
- as: 0.149344963898941
- structural: 0.139342195403428
- prophylactic: 0.13538160501981655
- ages: 0.1265736437655255
- duplication: 0.12539913582254184
- exam: 0.12475925300041006
- look: 0.12464998898704521
- ureter: 0.12156595404661437
- with: 0.12132199635405835
- contrast: 0.12041699153800905
- distention: 0.12032429580181987
- detected: 0.1188658216539625
- here: 0.1180355382217257
- kidneys: 0.10666896367684922
- evaluated: 0.10587894551163275
- child: 0.10257469222313005
- and: 0.10242330788976496
- is: 0.10180612366571358
- normal: 0.10118854954931196
- resolution: 0.10054063611159529
- there: 0.09861197906045178
- us: 0.09856972367221939
- 22: 0.09759445790867997
- bladder: 0.09615939153989134
- antibiotics: 0.091292191269991
- abnormality: 0.0901343805648301
- was: 0.08637225197455614
- side: 0.08560502528101242
- this: 0.08515987975032994
- left: 0.08454123939786808
- often: 0.0808555064016356
- should: 0.0808555064016356
- such: 0.07970940649440912
- renal: 0.07716630416866545
- ultrasound: 0.07643399531896522
- evaluation: 0.0755712315345512
- month: 0.0753798372978722
- for: 0.07511627835890619
- on: 0.07484981808989932
- physical: 0.06719036921879687
- follow: 0.06680175231926595
- demonstrates: 0.06225430054487273
- case: 0.06225430054487273
- up: 0.06129682165315152
- female: 0.059795425140192364
- treatment: 0.059028002675042664
- within: 0.057072117312905
- be: 0.05026796886509745
- of: 0.04849981991078351
- or: 0.04310834275396662
- patient: 0.040303815680328266
- no: 0.040296234767552695
- old: 0.03667429896098613
- to: 0.03097888080626688
- in: 0.0308264028190979
