Texto: 
decreased breath sounds over the right lung.
normal wbc count.
complete opacification of right lung.
multiple tiny (miliary pattern, micronodular) nodules throughout the left lung.
hematogenous spread of malignancy
inflammatory: granulomatous disease, tuberculosis, viral (varicella).
malignancy: hematogenous metastatic disease, bronchoalveolar cell carcinoma, lymphangitic carcinomatosis.
other: silicosis (typically upper lobes), sarcoidosis (rare)
82 year old man with history of both prostate and squamous cell cancer. presents with symptoms of shortness of breath.


Keywords by value: 
- hematogenous: 0.32956100532011895
- lung: 0.2645777840739479
- malignancy: 0.2170733329056436
- breath: 0.21251825543732908
- micronodular: 0.2039316993268719
- varicella: 0.1909488054702935
- miliary: 0.1885264486223179
- bronchoalveolar: 0.1790034234322551
- silicosis: 0.17209208930981795
- lymphangitic: 0.16869832083715525
- cell: 0.16586969860955678
- tiny: 0.16060465678235974
- carcinomatosis: 0.15701907222781067
- 82: 0.1476217629257813
- of: 0.1418590538704401
- prostate: 0.14042596467770685
- opacification: 0.13940238298295235
- viral: 0.1337310757761324
- squamous: 0.1304714264020973
- spread: 0.130237180410172
- granulomatous: 0.12887530945543194
- tuberculosis: 0.1275827168329474
- sarcoidosis: 0.12280927543284852
- disease: 0.12171433432038271
- lobes: 0.12096311351936886
- count: 0.11969997108582317
- shortness: 0.11624850562990166
- nodules: 0.11519486210011842
- sounds: 0.11193043492548448
- rare: 0.10944626488884625
- pattern: 0.10824056007190958
- throughout: 0.10662482482229371
- wbc: 0.10247131243479246
- typically: 0.10177706717038816
- complete: 0.10162533233038465
- inflammatory: 0.09803377678785782
- cancer: 0.09656647669176892
- right: 0.09613328494745275
- decreased: 0.08980316576125126
- carcinoma: 0.08672007500077208
- both: 0.08084758856243522
- over: 0.08061487461286364
- metastatic: 0.07951390331014216
- symptoms: 0.07932447005892765
- upper: 0.07747470211396133
- man: 0.07675385089562635
- other: 0.07529008733362498
- multiple: 0.07091253964216235
- presents: 0.0697425353697014
- normal: 0.05919408330997098
- the: 0.057857254336321086
- with: 0.05677752584852982
- history: 0.0553904923373346
- left: 0.04945560728298463
- year: 0.0446797713307574
- old: 0.04290804676419351
- and: 0.02995820103713889
