Texto: 
palpable abdominal mass
surgery- pectus bar
pectus excavatum with compression of the lung fields and complete displacement of the heart and mediastinum into the left hemithorax (haller index ~ 3.5).
pectus excavatum
n/a
42 y/o female with complaints of a palpable abdominal mass


Keywords by value: 
- pectus: 0.6084833642543119
- excavatum: 0.4098445057974293
- haller: 0.2578237651685696
- palpable: 0.2265240423310825
- bar: 0.20492225289871466
- abdominal: 0.17634954424794047
- index: 0.1668507974876173
- hemithorax: 0.1641571086413383
- fields: 0.1585792689227257
- mediastinum: 0.14431137680043693
- 42: 0.1433108354497689
- complaints: 0.13276723874926838
- displacement: 0.13144478270309562
- mass: 0.12316246323598384
- compression: 0.11806062252847012
- complete: 0.11300854555204311
- heart: 0.11209811322439048
- lung: 0.09807118585477524
- the: 0.09650690451263692
- of: 0.09464934569169947
- into: 0.08570107441165113
- female: 0.0777954485231376
- and: 0.0666277324546676
- with: 0.06313726576879772
- left: 0.0549952075952239
