Texto: 
diffuse lower abdominal pain
febrile

wbc: 11, 000
hgb: 10
mcv: 77
lipase, amylase: normal
patient underwent a total hysterectomy and bilateral oopherectomy
•rim enhancing fluid filled tubular structure in the left pelvis/adnexal region.
•cysts within the right ovary
•heterogeneously enhancing uterus with and iud

ultrasound
•fluid filled tubular structure within the left adnexal region
•cysts within the right ovary
tubo-ovarian abscess
•tubo-ovarian abscess
•hydrosalpinx/pyosalpinx
•cystadenoma/cystadenocarcinoma
•endometrioma
•ectopic pregnancy
•teratoma/torsion
•hemorrhagic cyst
patient presented to the emergency department with abdominal pain and fever for several days.
this patient had an iud. adenomyosis changes within the uterus were seen in addition to a left sided tubo-ovarian abscess. tubo-ovarian adhesions were found in the right ovary and right fallopian tube. a hemorrhagic cyst was seen within the right ovary.


Keywords by value: 
- ovary: 0.32436701665298606
- iud: 0.22479165065545978
- within: 0.19085043467880344
- adnexal: 0.16529179931438062
- abscess: 0.15965092391253857
- uterus: 0.1453862888137435
- tubular: 0.1440023596547838
- hemorrhagic: 0.14377798000911315
- structure: 0.1416246232004383
- right: 0.1373839603184258
- filled: 0.13336940037206257
- the: 0.13229397061746523
- oopherectomy: 0.11922427769071466
- adenomyosis: 0.10534212023774475
- enhancing: 0.10383361999548119
- region: 0.09914524276771979
- mcv: 0.09705295363440554
- hysterectomy: 0.09643462585657087
- fluid: 0.0957014454628632
- cyst: 0.09561610907340533
- abdominal: 0.0906540633399144
- adhesions: 0.09054382203445509
- amylase: 0.08796237929855091
- lipase: 0.0873018787483966
- fallopian: 0.0873018787483966
- were: 0.08544027017350918
- febrile: 0.08520132893965827
- left: 0.08481233768973677
- 77: 0.08288214079504803
- patient: 0.08086611575630885
- hgb: 0.08047342638541184
- seen: 0.07803461149746174
- 000: 0.07570075180848322
- department: 0.07010346321888254
- and: 0.06850116572627146
- total: 0.06790630258370821
- pregnancy: 0.06782158800046444
- addition: 0.06708059688508206
- tube: 0.06622343890944114
- 11: 0.062043847082513696
- in: 0.06185050761673871
- emergency: 0.06148713108457399
- pain: 0.05931209857354833
- wbc: 0.05857665106945485
- underwent: 0.05709069180126689
- fever: 0.056190927271075206
- several: 0.054374724864781294
- found: 0.05362448922455585
- sided: 0.05331000703563381
- days: 0.05246403362790896
- diffuse: 0.05197345143347045
- ultrasound: 0.05111939741392304
- changes: 0.050086741930672946
- 10: 0.04846162094640293
- presented: 0.04832853442924879
- bilateral: 0.04454057035359577
- lower: 0.042349678762688144
- to: 0.04143762766202468
- had: 0.04129182373804625
- normal: 0.03383767691695061
- with: 0.03245627718814159
- an: 0.03169146845212692
- was: 0.028883073924092558
- this: 0.028477653945160466
- for: 0.025119051213138763
