Texto: 
thyroid adenoma (all three patients)
hyperthyroidism


Keywords by value: 
- hyperthyroidism: 0.5894614732796634
- adenoma: 0.41792357420801146
- thyroid: 0.4119631677655709
- three: 0.3518879665823977
- all: 0.3120472825943885
- patients: 0.29489448696896414
