Texto: 
• decreased color perception on right.
• no proptosis or chemosis
high dose steroid treatment.
• hyperintense optic nerve on right on t2 sequences.
• focal enhancement posterior intra-orbital portion of right optic nerve.
• normal left optic nerve.
• hyperintense lesion in cervical cord seen on gradient echo sagittal study.
• neg brain mri.
devic disease (optic neuritis & spinal cord plaques)
• optic glioma
• sarcoidosis
• neuromyelitis optica (devic disease)
• lyme disease
28 year old woman presents with first episode of right eye pain and decreased vision.


Keywords by value: 
- optic: 0.5016604260797571
- devic: 0.32789860726145476
- nerve: 0.2494491895657218
- hyperintense: 0.18542799281625158
- cord: 0.17279516901966546
- neuromyelitis: 0.16394930363072738
- optica: 0.16394930363072738
- right: 0.15457121354740117
- perception: 0.1497865033230419
- chemosis: 0.1497865033230419
- disease: 0.14677693869739775
- decreased: 0.14439311337069669
- on: 0.14080643643909574
- neuritis: 0.12974560979286895
- lyme: 0.12791460024070228
- neg: 0.12570351515975256
- gradient: 0.12233050636053228
- proptosis: 0.11759419629108786
- plaques: 0.11759419629108786
- steroid: 0.1123420960650242
- dose: 0.10884509190271628
- echo: 0.1079468109093313
- episode: 0.10666935735267606
- color: 0.10508156062204266
- vision: 0.10094664588103959
- glioma: 0.09901339531478734
- sarcoidosis: 0.09873156185658578
- 28: 0.09673329951431793
- sequences: 0.09324199999412679
- eye: 0.09324199999412679
- sagittal: 0.0896239542286174
- cervical: 0.08347876436917237
- portion: 0.08334651405783502
- spinal: 0.08276175740592014
- first: 0.07865571091537277
- study: 0.07773378302964305
- brain: 0.07266007603545296
- focal: 0.06971792984666007
- enhancement: 0.06708702611634418
- t2: 0.06705730596307663
- high: 0.06624222232302567
- woman: 0.06070222246235704
- posterior: 0.06027159320888175
- mri: 0.05982899247143146
- presents: 0.05606896890010487
- lesion: 0.05587905741932734
- treatment: 0.05552132870121012
- seen: 0.054873147900170643
- normal: 0.04758862290542491
- of: 0.045618593230067485
- pain: 0.04170766657051509
- or: 0.040547407320955575
- left: 0.03975945084282268
- no: 0.037902358110727105
- year: 0.03591995467225813
- old: 0.034495590486246924
- in: 0.02899510005475224
- and: 0.024084662729140775
- with: 0.02282292516432607
