Texto: 
positive bhcg
surgery to remove ectopic pregnancy and repair tube.
-no intrauterine pregnancy
-free fluid in the pelvis
-cystic adnexal mass with peripheral flow
ruptured ectopic pregnancy
ectopic pregnancy
corpus luteum cyst
27 year old female presents to er with nausea and vomiting.


Keywords by value: 
- pregnancy: 0.5513350353249985
- ectopic: 0.446878654902572
- luteum: 0.23236463070161564
- bhcg: 0.20616586907301576
- intrauterine: 0.18748983157580326
- remove: 0.1816487734992617
- adnexal: 0.1679611955069943
- ruptured: 0.15970609488128618
- corpus: 0.15355278086697113
- 27: 0.13649142409356618
- tube: 0.13458584171690874
- repair: 0.13029915719902738
- nausea: 0.12938252504005615
- er: 0.1259765482589905
- vomiting: 0.12462910781855749
- peripheral: 0.12044048278844095
- pelvis: 0.11780001232944701
- flow: 0.11218538216273284
- positive: 0.11098582235346321
- fluid: 0.0972469853819992
- cyst: 0.097160270844115
- surgery: 0.09055435971800818
- to: 0.08421365742228738
- female: 0.08127458638140203
- presents: 0.08102286892398104
- and: 0.06960743204884635
- with: 0.06596086606641918
- mass: 0.06433524356018139
- year: 0.051906390223635225
- old: 0.04984810245756605
- in: 0.041899578987433676
- the: 0.03360761628139564
