Texto: 
wbc: 13.1
neutrophils: 79%
surgical drainage with culture of fluid.
cultures grew out salmonella. treated post-op with antibiotics and steroids. follow-up study 2 weeks post-op show marked improvement of all findings.
an enhancing extraaxial subdural fluid collection is noted over the right frontal convexity with considerable underlying intraaxial vasogenic edema and mass effect seen on the t2-weighted and flair images.
subdural empyema
• subdural empyema
• epidural abscess
• intracerebral abscess
• necrotic (agressive)malignancy, e.g., gbm (unlikely)
18 y.o. woman  developed new onset of seizures about one month before this study was performed. she presented with two weeks of fever and frontal headache.
salmonella is unusual in an immuno-competent patient as this patient was. there was a history of chronic otitis media though no acute otitis was found on this admission.


Keywords by value: 
- subdural: 0.30412484857592553
- salmonella: 0.2687472606104697
- otitis: 0.2362146675445068
- empyema: 0.22289192949271935
- was: 0.1440532055702106
- agressive: 0.14256138339177057
- study: 0.13783411596904183
- frontal: 0.13301845513565194
- abscess: 0.13270879352089554
- intracerebral: 0.12758602317834045
- weeks: 0.12386149164247467
- considerable: 0.12265991831045094
- neutrophils: 0.12024098455648877
- intraaxial: 0.12024098455648877
- fluid: 0.11932680739642966
- grew: 0.11744853047283466
- media: 0.11502959671887249
- convexity: 0.11340626402414486
- extraaxial: 0.11239961093666452
- 79: 0.10926077738629893
- gbm: 0.10926077738629893
- this: 0.10652339191893347
- vasogenic: 0.10164332619965573
- of: 0.10111109714067104
- necrotic: 0.10059288156582682
- culture: 0.10008965214562664
- cultures: 0.09733268307661873
- epidural: 0.09385317687544245
- unusual: 0.09266208447814117
- unlikely: 0.09154449966504005
- steroids: 0.09078643532721513
- improvement: 0.09020202676966335
- though: 0.08977576959287281
- flair: 0.08790933111670186
- admission: 0.08621736003304546
- and: 0.08541172361102552
- underlying: 0.08435495636861233
- seizures: 0.08435495636861233
- before: 0.08354065774376962
- collection: 0.08344139670536345
- drainage: 0.08276139376141364
- with: 0.08093720879769532
- an: 0.07902998191525615
- 18: 0.07830440360961413
- marked: 0.07815591839970314
- malignancy: 0.0773603173404686
- about: 0.0773603173404686
- developed: 0.07666616750459761
- antibiotics: 0.07612938470010627
- wbc: 0.07303719109242787
- effect: 0.07248820683203
- new: 0.07148886263881236
- headache: 0.07123478983178509
- fever: 0.0700625149753279
- out: 0.06792360963146628
- patient: 0.0672194334723671
- found: 0.06686251254076986
- onset: 0.06635439676044777
- show: 0.06559949194023518
- enhancing: 0.06473326664268003
- treated: 0.0643496795751995
- month: 0.06285992868009399
- on: 0.06241794086469715
- edema: 0.061631315959589414
- all: 0.06151291622970435
- she: 0.06151291622970435
- two: 0.06136599657454075
- chronic: 0.06133675509251034
- performed: 0.06113337579621023
- presented: 0.06025917050363176
- one: 0.059164188945974305
- over: 0.05745885225914896
- is: 0.056598032066454
- acute: 0.05590033213511307
- noted: 0.054788112592070885
- woman: 0.053817251935779846
- findings: 0.05100001094629581
- surgical: 0.05022422378256462
- seen: 0.048649322961512594
- images: 0.04779935810882527
- as: 0.04151337243460124
- the: 0.04123818891979279
- there: 0.0411167109995732
- history: 0.039479985933818906
- mass: 0.039471245236817304
- right: 0.03425985739920102
- no: 0.03360339494439566
- in: 0.02570641635925951
