Texto: 
non-contributory
no treatment or follow up is needed
grayscale and color doppler ultrasound demonstrates a 2.8 x 2.7 x 1.7 cm thick walled cyst in the right lower quadrant which is not contiguous with the right ovary or the right kidney.
enteric duplication cyst
enteric duplication cyst
meckel's diverticulum
mesenteric cyst
2 week old female who was found to have an abnormal cyst in the abdomen on prenatal ultrasound presents for postnatal evaluation.


Keywords by value: 
- cyst: 0.44660783051793507
- enteric: 0.3250254953162329
- duplication: 0.3133855456504929
- postnatal: 0.19898729222445777
- grayscale: 0.19293024902669614
- ultrasound: 0.19101654227648415
- meckel: 0.16916638971186626
- walled: 0.16563620740920068
- contiguous: 0.15971189873138775
- right: 0.15400773713225274
- prenatal: 0.15271334536300377
- ovary: 0.15150673981907276
- thick: 0.14715437403377885
- color: 0.1395979927898075
- doppler: 0.1386017651904855
- diverticulum: 0.13717279551632425
- mesenteric: 0.13369358816805807
- needed: 0.12784140749169434
- the: 0.1235848724250234
- kidney: 0.108780862677894
- quadrant: 0.1084567495108002
- or: 0.10773225371471674
- week: 0.10414618071719699
- found: 0.10018862732356251
- abdomen: 0.09447828802528008
- evaluation: 0.09443020270669923
- abnormal: 0.09302588152934212
- cm: 0.08892644769707879
- who: 0.0875871409105538
- is: 0.08480804753628407
- follow: 0.08347228018623637
- lower: 0.07912347966728246
- demonstrates: 0.07779000157127743
- have: 0.07735114214112525
- in: 0.0770384022548288
- up: 0.07659358166390458
- female: 0.07471750826688651
- presents: 0.07448609889228186
- treatment: 0.07375857379573622
- which: 0.07040735132200912
- not: 0.061127203210023004
- an: 0.05921034900286979
- was: 0.0539633210718714
- no: 0.05035225098425201
- for: 0.04693085747028828
- on: 0.046764379455409726
- old: 0.045826452933066864
- to: 0.03870973033997716
- and: 0.03199581881069119
- with: 0.030319634802450597
