Texto: 
tenderness to palpation in the region of the right hip and decreased range of motion of the hip.
abnormally increased radiotracer uptake in the right proximal femur, calvarium, left foot and spine consistent with metastatic disease.  (possible metastatic disease is present in the right superior pubic ramus and the right acetabulum). the pattern of uptake in the right proximal femur is concerning for a pathologic fracture.

lytic lesions in the right proximal femur and left foot on plain films.
metastatic bone disease
-metastatic disease
-trauma
-paget disease
-osteomyelitis
-fibrous dysplasia
a 55 year-old male with stage iv lung cancer presenting with two weeks of right groin pain.
-pathologic fracture of the right hip secondary to metastatic disease.
-unusual metastatic spread to appendicular skeleton.


Keywords by value: 
- metastatic: 0.3533961315984129
- right: 0.2848401734705968
- disease: 0.27047706827525814
- femur: 0.2643146251272073
- hip: 0.24748817846885093
- the: 0.21428673703777887
- proximal: 0.20127802491949973
- pathologic: 0.1759889124143273
- foot: 0.1697158141992672
- uptake: 0.16515690136424774
- in: 0.13357871009501107
- ramus: 0.13145416503898455
- calvarium: 0.126600182068842
- of: 0.12609729565025615
- appendicular: 0.12576331729784818
- fracture: 0.12206959927750216
- pubic: 0.12139933725645008
- acetabulum: 0.1178589987287975
- skeleton: 0.1168128208480728
- groin: 0.11114410874433656
- abnormally: 0.1067931168769203
- concerning: 0.10301521863642861
- spread: 0.0964722600518442
- radiotracer: 0.09374368029721253
- 55: 0.09230585529986123
- lytic: 0.09046124110996079
- and: 0.08876529273861834
- stage: 0.08552187768762899
- films: 0.08504523558492101
- presenting: 0.08412669451471397
- range: 0.0833366615027948
- motion: 0.08325089207225989
- dysplasia: 0.08225102751732676
- to: 0.0805436617935428
- pattern: 0.08017842083595163
- iv: 0.07673385916187579
- left: 0.07326777486735783
- possible: 0.0727643284654628
- palpation: 0.0724242301790397
- cancer: 0.07153092705446094
- spine: 0.0709432619427223
- plain: 0.07085445820523588
- superior: 0.06982025637926614
- tenderness: 0.06734832294042302
- decreased: 0.0665210528476832
- lung: 0.0653280338449573
- weeks: 0.06436236795054524
- region: 0.06423727541429865
- two: 0.06377544463267339
- secondary: 0.06365417943118239
- with: 0.06308631937717993
- lesions: 0.06167666944812678
- is: 0.05882027281978388
- bone: 0.05859663675076724
- consistent: 0.05823062070345755
- increased: 0.058072699463415076
- present: 0.05510652478309267
- male: 0.04781522450330176
- pain: 0.0384289503470715
- for: 0.03254981007418794
- on: 0.03243434600517417
