Texto: 
normal exam.
none.
no acute osseous findnigs. a non-aggressive, geographic, densly sclerotic lesion is present on the lateral aspect of the right femoral metaphysis. there is no associated soft tissue mass or periosteal reaction.
healing, nonossifying fibroma
healing, non-ossifying fibroma
patient with right knee pain after running a triathalon. pain has persisted for several weeks.
see factoid


Keywords by value: 
- fibroma: 0.3354838183439031
- healing: 0.3114486270481091
- findnigs: 0.2666773019555911
- densly: 0.2666773019555911
- triathalon: 0.2666773019555911
- geographic: 0.1993661637986366
- persisted: 0.19528052308076588
- nonossifying: 0.19284304052425905
- running: 0.16926744777296868
- metaphysis: 0.15320810689158942
- periosteal: 0.1467453197704625
- reaction: 0.1418618517906431
- sclerotic: 0.13988590685303873
- osseous: 0.1330965097908573
- femoral: 0.12393905710015797
- knee: 0.11952785877590844
- pain: 0.11934204164554593
- factoid: 0.11645739366112119
- right: 0.11057226237524265
- several: 0.10940753801235155
- no: 0.10845355715278815
- aspect: 0.10757988942763817
- see: 0.10373180322547966
- weeks: 0.09993945094762738
- is: 0.09133389521522493
- none: 0.0911304689638478
- acute: 0.09020799648528427
- soft: 0.08877673168048898
- associated: 0.08789230892146689
- tissue: 0.0874758337935599
- present: 0.08556732770748605
- exam: 0.08394447306100554
- lateral: 0.08275676808894686
- after: 0.08089550956542758
- lesion: 0.07994598290911839
- has: 0.07616875498576689
- normal: 0.06808488562925688
- the: 0.0665472683086167
- there: 0.06635123584545131
- mass: 0.06369589974861795
- or: 0.05801104174618696
- patient: 0.054236980236198246
- for: 0.05054211413979425
- on: 0.05036282589996004
- with: 0.03265268365983945
- of: 0.03263318533937523
