Texto: 
neck pain.
no neurological deficit
anterior and posterior fusion from mid cerivcal to upper thoracic spine.
minimally displaced fracture through the c6-c7 disc.
ct demonstrates the following findings of ankylosing spondylitis:
squaring of the vertebral joints, ossification of the longitudinal ligaments, ankylosis of the facet joints.
ankylosing spondylitis with fracture through c6-7 disk space
degnerative arthritis
psoriatic arthritis
58 year old male with known ankylosing spondylitis presents after fall with neck pain.


Keywords by value: 
- ankylosing: 0.4044282124564456
- spondylitis: 0.399556489064898
- joints: 0.21487672881526984
- arthritis: 0.20332894727809026
- degnerative: 0.19989928681007205
- cerivcal: 0.19101444039737422
- squaring: 0.17244783329652463
- neck: 0.15292968546549934
- through: 0.1488168657063618
- ankylosis: 0.1483742416193964
- fracture: 0.14208154019769928
- psoriatic: 0.13425462192564291
- ligaments: 0.12611265097563523
- the: 0.12470832141036745
- disk: 0.12295174860932451
- facet: 0.12107236361815858
- 58: 0.12018985264218178
- longitudinal: 0.11879366536598954
- minimally: 0.11852479417098953
- deficit: 0.11825918210107476
- ossification: 0.11624279705129895
- disc: 0.10859628730084715
- fusion: 0.10500110737775135
- displaced: 0.10443191362328774
- fall: 0.10415276682318955
- neurological: 0.10267795958405108
- of: 0.09784635479427972
- vertebral: 0.09545362260215749
- thoracic: 0.09340754203641674
- mid: 0.08995700110361768
- pain: 0.08945789100331934
- space: 0.08320423921053247
- spine: 0.08257361360346938
- known: 0.08092751570062315
- following: 0.07498702032642789
- with: 0.07342861347596534
- anterior: 0.06979167410294596
- upper: 0.06679708647242188
- posterior: 0.06463763210968287
- demonstrates: 0.06279772161822995
- findings: 0.061691610845405406
- after: 0.06063866159467607
- presents: 0.060130572158164954
- male: 0.05565399397178146
- from: 0.04964397395052635
- ct: 0.047587977092517976
- no: 0.04064798272645642
- year: 0.03852197514433321
- old: 0.036994430851178
- to: 0.031249297090954115
- and: 0.02582934158678557
