Texto: 
extensive facial lesion with bilateral parotid gland involvement
surgery
bilateral nodular, enhancing masses replacing both parotid glands and adjacent structures.  there is destruction of the mandibular condyle and ramus on the right.
tricholemmoma
• warthin tumor
• squamous cell carcinoma
• bilateral adenoid cystic carcinoma
• metastatic disease
66 year old woman with long history of recurrent facial tumors.


Keywords by value: 
- parotid: 0.39058959222488626
- facial: 0.2713290356538746
- bilateral: 0.26526781033559643
- tricholemmoma: 0.2631136647069632
- warthin: 0.2269812069541506
- replacing: 0.20138941823308712
- ramus: 0.20138941823308712
- adenoid: 0.20138941823308712
- carcinoma: 0.1968246121486928
- mandibular: 0.17974894363962585
- glands: 0.17462422508435668
- condyle: 0.1597570442557034
- 66: 0.15429888598558034
- destruction: 0.14999527005083468
- squamous: 0.14806253279791837
- gland: 0.13365145351798008
- recurrent: 0.1319219744290282
- nodular: 0.13102058187814025
- extensive: 0.12676533311001417
- structures: 0.12362458650289078
- tumors: 0.12100075899890207
- involvement: 0.11908060328682211
- masses: 0.11200647830594074
- long: 0.1090979996032169
- adjacent: 0.1066460948256528
- enhancing: 0.1030660242140197
- cystic: 0.09908870390289966
- cell: 0.09411672872675651
- both: 0.09174804831416906
- metastatic: 0.0902345459186241
- surgery: 0.0884563963185422
- tumor: 0.08605689663747942
- woman: 0.0856859305704805
- lesion: 0.07887765620683104
- disease: 0.06906237294344005
- and: 0.06799476706812038
- the: 0.06565799005958703
- there: 0.06546457719914958
- with: 0.0644326847261131
- of: 0.06439420920145952
- history: 0.06285864127149313
- right: 0.05454733671584605
- year: 0.05070382297864891
- on: 0.049689822082210504
- old: 0.04869322162339672
- is: 0.0450566953126769
