Texto: 
compression fx medial tibia plateau
tibial plateau fracture
25 y/o female s/p fall


Keywords by value: 
- plateau: 0.6801516588948738
- fx: 0.36782512693038166
- tibial: 0.26755530577500897
- tibia: 0.2647689285483794
- fall: 0.258198486871875
- compression: 0.22692181498380246
- 25: 0.21952326749835213
- medial: 0.2017051222102986
- fracture: 0.17611264592590495
- female: 0.14952897925040376
