Texto: 
comatose.  no response to painful stimuli.
elevated cardiac enzyemes.
supportive
abdominal aortic aneurysm
hyperintense intramedullary lesion distal thoracic spinal cord.
spinal cord infarct  likely embolic
myelitis
metastatic disease
cord trauma
78 year old male found comatose in garden.  he had been cutting lawn.  brought to er by ems and underwent ct of abdomen and ct of brain.
history of aaa repair 6 years previously.
mri brain done at same time as mri spine revealed multiple acute brain infarcts.


Keywords by value: 
- comatose: 0.3125524150595694
- cord: 0.29675931757775975
- brain: 0.24957358127269366
- enzyemes: 0.21341256530052696
- lawn: 0.20392709941671627
- garden: 0.19719705426842357
- spinal: 0.18951396067114049
- stimuli: 0.18771158838461288
- cutting: 0.18410538162297552
- aaa: 0.16627584877831944
- ems: 0.16334777753702281
- myelitis: 0.16074576087481038
- intramedullary: 0.14645413098457868
- embolic: 0.1439225783435658
- mri: 0.13700082842143416
- 78: 0.13588037411741313
- brought: 0.1316151368077925
- infarcts: 0.13057523061387058
- response: 0.12309451023641353
- painful: 0.1180225020356737
- supportive: 0.11149155627935906
- infarct: 0.11104594209473603
- previously: 0.10712655746524635
- hyperintense: 0.10615166484911391
- done: 0.10615166484911391
- same: 0.10556236322712513
- repair: 0.10323763986302852
- aortic: 0.10313249794513842
- ct: 0.10160988996850452
- aneurysm: 0.10160957179526459
- er: 0.0998127831362993
- thoracic: 0.09972193239162723
- cardiac: 0.0990956683722533
- underwent: 0.09192833876609519
- elevated: 0.09097334750152578
- spine: 0.08815562569762496
- revealed: 0.08750120435807969
- found: 0.08634700431996514
- years: 0.08180190025673507
- abdomen: 0.08142558054933226
- likely: 0.07974528663197368
- time: 0.07909805473217917
- he: 0.07902307377904304
- of: 0.07834560811287228
- been: 0.07774837513729228
- distal: 0.07753666294711443
- trauma: 0.07750156310954492
- metastatic: 0.07318960778669178
- abdominal: 0.07298630636885862
- acute: 0.07219032065860381
- to: 0.06672352625605056
- had: 0.06648875046171313
- multiple: 0.0652723705856117
- lesion: 0.06397798827643844
- male: 0.059416228103018436
- by: 0.05666980334428942
- disease: 0.05601677203658814
- and: 0.055150832561967414
- as: 0.053610838311843705
- history: 0.050984900005080984
- at: 0.05040503717174215
- no: 0.04339580398896895
- year: 0.04112607737218332
- old: 0.03949527042227074
- in: 0.033197556599003725
