Texto: 
n/a
transmesenteric internal hernia
malrotation with partial volvulus
omental hernia
partial sbo from adhensions
abdominal pain. no known history of surgeries.
most transmeseteric hernias are felt to be complications from surgery causing a defect in the mesentery.   interestingly, this patient has no known history of surgery.


Keywords by value: 
- hernia: 0.2920612197875201
- adhensions: 0.28212423333084896
- transmeseteric: 0.28212423333084896
- partial: 0.2718488411190904
- sbo: 0.26068787314485015
- transmesenteric: 0.2537869065488522
- known: 0.22843116337980013
- omental: 0.20527568591209117
- interestingly: 0.20527568591209117
- hernias: 0.20280027468620052
- mesentery: 0.19188887479906178
- surgery: 0.18969514960290854
- surgeries: 0.18724122777046304
- malrotation: 0.17798680294255728
- volvulus: 0.17642717178029804
- felt: 0.1549908115942992
- causing: 0.1449126762275509
- from: 0.14012824471551039
- complications: 0.13511408257055965
- history: 0.13480064592380356
- defect: 0.129409002881728
- internal: 0.11889257040052434
- no: 0.11473558656607771
- abdominal: 0.09648544217144955
- most: 0.09181113621596436
- has: 0.08058072976793228
- be: 0.0715640670461153
- of: 0.0690468392135442
- are: 0.0669410522237104
- pain: 0.06312738608888943
- this: 0.06061899338370964
- patient: 0.05737858586054676
- to: 0.044103128753479624
- in: 0.04388605324509571
- the: 0.035200965575535294
- with: 0.03454404734176067
