Texto: 
tenderness over sacrum.
normal variant of coccyx. no acute findings.
normal variant of coccyx
none. normal variant.
26 year old with 1 week history of increasing pain after falling off horse.
see factoid


Keywords by value: 
- coccyx: 0.523962328596634
- variant: 0.5222204305808209
- horse: 0.2759242011622959
- normal: 0.24027280022796244
- sacrum: 0.21730173274625383
- falling: 0.19973558374648798
- off: 0.16388555905078594
- 26: 0.15934886635089104
- increasing: 0.15449240579683748
- factoid: 0.13699342041235532
- week: 0.1319383066247799
- tenderness: 0.12301678534336503
- see: 0.12202380701349999
- of: 0.11516310484159004
- over: 0.10907374847938621
- none: 0.10720036104764141
- acute: 0.10611522032705813
- findings: 0.09681297394025958
- after: 0.09516057506504254
- history: 0.07494458880405855
- pain: 0.07019337274364555
- no: 0.06378909609415122
- year: 0.06045274105617578
- old: 0.05805555764956285
- with: 0.038410638256430346
