Texto: 
n/a
conservative measures.
treatment of complications secondary to increased risk of stone formation, obstruction and infection
• renal fusion or isthmus crossing aorta at ima
• low position and malrotated (anteriorly directed renal pelvis)
• enhancing/functioning renal isthmus
renal ectopia with horseshoe kidney
• renal ectopia-fusion
• lump, cake, disk, or horseshoe kidney
• aberrant arterial supply (may cause obstruction)
15 y.o. boy with a history of arachnoid cyst and megacolon  - now presenting with urinary incontinence over the past year.  currently complaining of occasional right flank pain.  reports intermittent hematuria.
hematuria as seen in this patient is not necessarily a complication of a horseshoe kidney.  hematuria may be secondary to stone formation or infection - which the patient is at risk for secondary to kidney morphology.  no stone was identified on this study.


Keywords by value: 
- horseshoe: 0.3257726535274664
- renal: 0.2905743265795039
- kidney: 0.2622512717026744
- stone: 0.2557300821320433
- hematuria: 0.24760666820841923
- isthmus: 0.2348176591521691
- ectopia: 0.21213798032989173
- secondary: 0.1659446754321664
- fusion: 0.15678657781480446
- formation: 0.14797105226662668
- cake: 0.13790394415114884
- risk: 0.13336202447938797
- obstruction: 0.13073494631204932
- megacolon: 0.12874866898722323
- malrotated: 0.12656410474001017
- ima: 0.12463718251171683
- necessarily: 0.11522426532887149
- infection: 0.11274497651837684
- crossing: 0.10728139140796825
- morphology: 0.09943560934522985
- incontinence: 0.09867454514198634
- directed: 0.09830689079148296
- lump: 0.09759547740050058
- or: 0.09739622339548613
- aberrant: 0.09472915075380718
- may: 0.09392614629702752
- supply: 0.09387539548061176
- disk: 0.09179514569999081
- of: 0.09131448409787735
- occasional: 0.08994981930210377
- arachnoid: 0.0852433607106811
- complication: 0.08475978077267438
- anteriorly: 0.08460171258569088
- complaining: 0.08444515703613466
- flank: 0.08185662337337832
- urinary: 0.08070132491113163
- arterial: 0.07685360203743508
- intermittent: 0.07627613279050714
- measures: 0.07608808554675547
- aorta: 0.07581000638578643
- position: 0.07440183180437361
- presenting: 0.07310531762499599
- reports: 0.07256887841618029
- conservative: 0.0720494719315298
- currently: 0.07168831090521682
- complications: 0.0714753803928998
- at: 0.07049855239325
- to: 0.06999169540730434
- identified: 0.06616324972128945
- pelvis: 0.06527066855355683
- this: 0.06413492255883327
- now: 0.06406171477237059
- boy: 0.06383912725600543
- cause: 0.06357595916708451
- 15: 0.06306199239323493
- study: 0.062239712290379966
- past: 0.060746191038582954
- patient: 0.06070656992615888
- and: 0.05785216235909635
- with: 0.05482142668822007
- cyst: 0.05383459398208207
- low: 0.05354923913002453
- over: 0.051891687453462045
- is: 0.05111427177882431
- increased: 0.05046463746262321
- treatment: 0.04445469382372862
- seen: 0.043935709863389766
- which: 0.04243489380132975
- be: 0.03785740773477755
- as: 0.03749115867820853
- the: 0.03724263758213127
- not: 0.03684169803130736
- history: 0.03565478616775893
- pain: 0.0333944015906449
- was: 0.03252398728051709
- right: 0.030940433761909074
- no: 0.030347575687124474
- year: 0.0287603093166364
- for: 0.02828548319690145
- on: 0.02818514599135429
- in: 0.02321573214248912
