Texto: 
vital signs stable
male genitalia: normal circumsized penis, 20cc right testicle, 15cc left testicle tender to palpation, no palpable masses
otherwise unremarkable physical exam
the patient was taken to the or semi-emergently for a left testicular mass and had a left inguinal orchiectomy. pre-operative tumor marker levels revealed: afp=3.2, beta-hcg=<0.1, ldh=393 (all within normal limits). he did well post-operatively and had a negative metastatic work-up.
transverse image through both testicles reveals a small left testicle (when compared to the right) and numerous small, intratesticular, foci of increased echotexture consistent with bilateral testicular microlithiasis. longitudinal images reveal two hypoechoic masses with irregular margins and visible doppler flow within the left testicle.
testicular seminoma
seminoma
non-seminomatous germ cell tumor
metastasis
lymphoma
abscesses
hematoma
granulomatous disease
ectopia/heterotopia
reported left testicular pain. denied fever, chills, or night sweats.


Keywords by value: 
- testicle: 0.37069522467879384
- testicular: 0.3456056623886213
- seminoma: 0.2022148784452539
- left: 0.18856219315314246
- circumsized: 0.1473334881741233
- 15cc: 0.1473334881741233
- 20cc: 0.13613879680474933
- masses: 0.1254386020983941
- penis: 0.11710289896793454
- intratesticular: 0.11374941406600138
- microlithiasis: 0.11374941406600138
- genitalia: 0.11097394207102411
- testicles: 0.11014552840060682
- orchiectomy: 0.10529868146068372
- marker: 0.10471132488802151
- echotexture: 0.1025547226966274
- tumor: 0.09637707549063135
- small: 0.09504594048298202
- sweats: 0.09410399009130974
- abscesses: 0.09351663351864753
- inguinal: 0.09294989025538586
- had: 0.09180358725427738
- longitudinal: 0.08755551543307917
- germ: 0.0860343423934912
- within: 0.08486306947207417
- chills: 0.08383243715493675
- denied: 0.08321118649696396
- night: 0.08276044489658477
- doppler: 0.08246679088453011
- vital: 0.0820360846740456
- granulomatous: 0.08189503115105484
- visible: 0.08120767100362829
- hypoechoic: 0.07871805648387897
- margins: 0.07860310563759619
- numerous: 0.07782057417338668
- reveal: 0.07749647248013912
- and: 0.07614888585045856
- foci: 0.07529981108906827
- normal: 0.07523087730477429
- compared: 0.07448073568183271
- taken: 0.07361686529964886
- the: 0.07353187613995378
- levels: 0.07303852381274845
- stable: 0.07287701720962232
- limits: 0.07279686555269506
- irregular: 0.07112725077989955
- transverse: 0.07098368960598801
- reveals: 0.07008041407762185
- to: 0.06909581344991235
- metastasis: 0.06752336511450499
- tender: 0.06735124420596655
- reported: 0.06635534840936766
- did: 0.0660892711273322
- otherwise: 0.06567246023364984
- palpable: 0.0647236248569256
- hematoma: 0.06448292702299777
- signs: 0.06438764340902477
- or: 0.06409971205201191
- fever: 0.06246428745015498
- palpation: 0.06213041456361533
- unremarkable: 0.06176287725771631
- flow: 0.061364078582910445
- right: 0.061088802802428836
- revealed: 0.06040814719301277
- image: 0.05891954581112889
- negative: 0.057036109129104916
- when: 0.0556509298681421
- lymphoma: 0.054868211546839234
- all: 0.0548418863157085
- through: 0.0548418863157085
- two: 0.05471089998763494
- he: 0.05455510592692718
- cell: 0.05270173236458205
- both: 0.05137536283548555
- metastatic: 0.050527859960468095
- physical: 0.04995417411629615
- consistent: 0.04995417411629615
- increased: 0.04981869857050182
- bilateral: 0.04951324217055621
- exam: 0.04637752046507599
- well: 0.04460906181792841
- images: 0.04261555335108901
- male: 0.0410191411561907
- disease: 0.038672260973870796
- with: 0.03607981441668761
- mass: 0.03519061811235785
- pain: 0.032966958853490706
- was: 0.03210768570048677
- patient: 0.029964768008492817
- no: 0.029959131810312123
- for: 0.027923433757967964
- of: 0.018029134804594168
