Texto: 
nasal mass
no visual problem
cranial nerves intact
surgical drainage
expansile soft tissue mass centered in the sphenoid sinus.  mass extends anteriorly into the nose and inferiorly into the nasopharynx.
spenoid sinus mucoceles
juvenile angiofibroma
lymphoma
metastatic disease
16 year old girl presents with nasal stuffiness.
no history of asthma, allergies, or cystic fibrosis.


Keywords by value: 
- nasal: 0.3005117323931442
- spenoid: 0.26357078850086846
- stuffiness: 0.24354415594220222
- sinus: 0.23818454061526265
- mucoceles: 0.2318293268796611
- angiofibroma: 0.2053555586543742
- nasopharynx: 0.19704375515824907
- mass: 0.18886172611508442
- into: 0.17522279021316653
- allergies: 0.17235771111252274
- centered: 0.17174942920366232
- nose: 0.16678427599074386
- sphenoid: 0.16578789023617313
- asthma: 0.16435491936925045
- problem: 0.16254856099137988
- juvenile: 0.16211408177413966
- inferiorly: 0.15809478968544274
- nerves: 0.15391028708969953
- anteriorly: 0.14941017684282978
- expansile: 0.1491336931685634
- visual: 0.14061624949131535
- fibrosis: 0.13806815712677648
- extends: 0.13572668827231008
- cranial: 0.1347068533343659
- drainage: 0.13199870426933183
- 16: 0.12842720986712136
- intact: 0.11928748945221997
- girl: 0.1156136809901865
- no: 0.10719018590957763
- cystic: 0.09926085689355371
- the: 0.09865809267637908
- lymphoma: 0.09815594513001438
- metastatic: 0.09039131602791349
- soft: 0.08774257500720127
- tissue: 0.08645683122884959
- surgical: 0.08010416645885945
- presents: 0.07928323592166693
- disease: 0.0691823593149999
- history: 0.06296784951276693
- or: 0.05733527339100458
- year: 0.05079191389536855
- old: 0.048777819396875144
- in: 0.04099995778964575
- and: 0.03405644931067522
- with: 0.03227231382566817
- of: 0.03225304264037602
