Texto: 
removal via endoscopy
coin in the esophagus
esophageal foreign body - coin ingestion
drooling


Keywords by value: 
- coin: 0.679694754970861
- drooling: 0.33219374564035603
- ingestion: 0.2830505762017508
- endoscopy: 0.27047717169051166
- foreign: 0.2369235220151047
- esophageal: 0.2233048563560262
- esophagus: 0.21522526575113365
- via: 0.21360808752085844
- removal: 0.19977051651104422
- body: 0.17200022703862855
- in: 0.06501467709399654
- the: 0.05214821659876797
