Texto: 
non-contributory
surgical drainage and antibiotics
• ring enhancing lesion right frontal lobe
• surrounding vasogenic edema
• lesion has low signal intensity rim on t2 sequences
• elevated signal intensity within lesion on dwi images
• decreased signal on adc map
brain, cerebral abscess
• cerebral abscess
• glioma with necrosis or fluid
• metastatic disease
34 year old man with a headache for two weeks.
abnormal ct scan at outside hospital
gram negative rods obtained
no growth at 48 hours 
negative blood cultures


Keywords by value: 
- signal: 0.26905037654500413
- lesion: 0.22754490226776777
- intensity: 0.22467589672125501
- cerebral: 0.21921552289118515
- abscess: 0.20317934652473135
- rods: 0.2010950763099877
- negative: 0.19589063667642936
- map: 0.17981563269960102
- gram: 0.1685702577113056
- adc: 0.16318543631740404
- vasogenic: 0.1556176048921313
- dwi: 0.1503548008849598
- cultures: 0.14901793934169374
- on: 0.14334434177089767
- 34: 0.1378815409465324
- 48: 0.1370214873101715
- glioma: 0.1343973598256062
- ring: 0.13326518192183462
- growth: 0.1304542204330055
- outside: 0.12700254522637136
- drainage: 0.1267090556382185
- sequences: 0.12656346733923476
- rim: 0.1259886383217422
- necrosis: 0.1209320397794803
- hours: 0.1205787291764517
- at: 0.11951411796496657
- hospital: 0.11686067774855587
- antibiotics: 0.11655534063959362
- obtained: 0.1119066098490154
- headache: 0.10906163535854743
- elevated: 0.10785230995782896
- surrounding: 0.10551314976348741
- frontal: 0.10182672177611053
- enhancing: 0.09910769637733172
- brain: 0.0986262752918065
- decreased: 0.09799711015022045
- abnormal: 0.09504908016720894
- weeks: 0.09481699088589023
- edema: 0.09435855884076702
- two: 0.09395235049658489
- scan: 0.0938628842665222
- blood: 0.09188100511049889
- lobe: 0.09142734506265628
- fluid: 0.09134565278777712
- t2: 0.09102126888794224
- low: 0.0907804467618079
- metastatic: 0.08676902061419499
- man: 0.08375713168808772
- surgical: 0.07689411302082712
- images: 0.07318160377461022
- within: 0.07286559761453679
- has: 0.0722646770499045
- disease: 0.06640998079603284
- with: 0.06195809922144375
- ct: 0.06023116466875227
- or: 0.05503764894017351
- right: 0.052452405403746835
- no: 0.05144735058374072
- year: 0.04875650468968376
- for: 0.04795154596414426
- old: 0.04682312198503607
- and: 0.03269168856189377
