Texto: 
rbc's in urine; otherwise non-contributory
no treatment required - incidental finding
there is symmetric triangular regions of sclerosis of the iliac sides of the sacroiliac joints without evidence of erosive changes at the joint, ankylosis or degenerative change.
osteitis condensans ilii
osteitis condensans ilii

inflammatory arthropathy at the sacroiliac joints
oa
35 year old female who had ct ordered for hematuria.


Keywords by value: 
- condensans: 0.3767810731485938
- ilii: 0.3767810731485938
- osteitis: 0.34359520104388447
- sacroiliac: 0.31778961539070305
- joints: 0.23474195914790993
- ankylosis: 0.16209135515445058
- oa: 0.16097773359436468
- sides: 0.15055685167866434
- erosive: 0.1449351331943439
- triangular: 0.14085060631117272
- arthropathy: 0.13818802626680812
- rbc: 0.1373624773353721
- iliac: 0.12570893559064217
- urine: 0.12223348928881052
- hematuria: 0.12076954128301741
- ordered: 0.11997151583441396
- regions: 0.11719560482213595
- symmetric: 0.11702150553434242
- degenerative: 0.11600269022315055
- 35: 0.10949299231475797
- the: 0.10899002735688174
- of: 0.1068921941735111
- change: 0.10347689017303036
- at: 0.1031564847819402
- incidental: 0.10122218514029474
- required: 0.09749364808664299
- otherwise: 0.09734068560736879
- sclerosis: 0.09726456933797252
- inflammatory: 0.09233677035465127
- joint: 0.08998219118880364
- finding: 0.08975898634043193
- changes: 0.08252765183117781
- evidence: 0.07750835691812409
- who: 0.07724347403233973
- without: 0.07202719572622789
- had: 0.06803631303558537
- female: 0.06589368998205247
- treatment: 0.06504800157219039
- there: 0.05433448429784971
- ct: 0.051987458279799025
- or: 0.047504767570598065
- no: 0.04440586541515105
- year: 0.04208330965146964
- for: 0.04138852384762389
- old: 0.040414544764562146
- is: 0.03739628985202465
- in: 0.03397024815629517
