Texto: 
loss of lumbosacral lordosis
none
blunt appearing conus medullaris
absent lower sacral segments
no coccyx
caudal regression syndrome
none
7 year old boy presents with neurogenic bladder


Keywords by value: 
- coccyx: 0.3070110943574103
- medullaris: 0.27099165687203114
- lordosis: 0.26127320990158076
- regression: 0.26127320990158076
- caudal: 0.25717152935441323
- none: 0.2512524154085326
- neurogenic: 0.2500415034814218
- conus: 0.24689977747149955
- sacral: 0.24493361152724313
- blunt: 0.2439853699411178
- lumbosacral: 0.24305892895495315
- segments: 0.23334048198450272
- absent: 0.18859124588984322
- appearing: 0.18368705314635786
- bladder: 0.17838473539118302
- boy: 0.15725098984683583
- loss: 0.1400493605700743
- syndrome: 0.13858380240566034
- lower: 0.11746728683556866
- presents: 0.11058259799284581
- no: 0.07475331385898867
- year: 0.07084349838001275
- old: 0.06803428153035547
- with: 0.04501274783497497
- of: 0.044985868789093025
