Texto: 
pe - vitals: stable.
gen: well developed - non toxic appearing female who appears older than her stated age.
neuro: non focal with a mild resting tremor.
labs: ca++ and p reported normal over the past three years
treatment:
-may include chelators.
-antioxidants.
-calcium antagonists.
non contrast enhanced ct of the head.
 - bilateral basal ganglia and cerebellar calcifications.
 - no acute intra-axial pathology is noted.
fahr's disease.
-fahr's disease.
-normal symmetric basal ganglia calcifications in the elderly.
-pathologic basal ganglia calcifications from endocrine or neuropsychiatric causes.
50 year old woman who presents with subacute mental status changes.
fahr's disease is a rare degenerative neurological disorder characterized by extensive bilateral basal ganglia calcifications that can lead to movement disorders and neuropsychiatric manifestations.


Keywords by value: 
- fahr: 0.39287672958369496
- ganglia: 0.35001030284577034
- basal: 0.31866554365387023
- calcifications: 0.2717903792929956
- neuropsychiatric: 0.26786919260438563
- chelators: 0.14888945931873487
- antagonists: 0.142271827011855
- non: 0.13252421188963398
- disease: 0.11724202213066001
- tremor: 0.11302836040372843
- resting: 0.11130876200094614
- who: 0.10532783582085553
- endocrine: 0.101268262143962
- bilateral: 0.10007229106229042
- elderly: 0.09807349738718636
- manifestations: 0.09540288692152397
- toxic: 0.09509781094622523
- stated: 0.09207182834998666
- gen: 0.09182264657134112
- subacute: 0.08712736172759768
- neuro: 0.08676058023656304
- older: 0.08640186053352691
- movement: 0.08570724125873833
- characterized: 0.08553810928436026
- lead: 0.08290245783979099
- vitals: 0.08220187434440936
- disorders: 0.08220187434440936
- mental: 0.0811399656160747
- symmetric: 0.07978422822664703
- degenerative: 0.07908960895185843
- disorder: 0.07875307972059037
- pe: 0.07696700020971119
- neurological: 0.07647684056494593
- cerebellar: 0.07618965856081925
- normal: 0.07602538149876784
- appearing: 0.07439432410811497
- stable: 0.07364666257191442
- pathology: 0.07308793991465871
- extensive: 0.07173333976450763
- enhanced: 0.07088895719378602
- causes: 0.0703493679028313
- rare: 0.07028315649571139
- developed: 0.06907363365166187
- appears: 0.06817828544084902
- reported: 0.0670561192164336
- 50: 0.06501970077213715
- status: 0.06497190838228775
- labs: 0.064501527426351
- three: 0.062496957676114205
- past: 0.06060197164347851
- age: 0.058450001214749685
- her: 0.05816449382691512
- and: 0.05771481376623373
- years: 0.057069932519293376
- changes: 0.056266623631633456
- the: 0.055731328041139575
- focal: 0.05568906904944762
- head: 0.05552773900961211
- include: 0.05539450488628922
- than: 0.052776555275853516
- mild: 0.052776555275853516
- over: 0.05176848980686831
- is: 0.050992919818625464
- acute: 0.05036431568951802
- noted: 0.0493622433575248
- can: 0.04885668246690866
- woman: 0.04848753061940028
- contrast: 0.045236085314918344
- well: 0.0450801727231074
- female: 0.0449257354553616
- presents: 0.04478659488996366
- treatment: 0.044349152571788404
- that: 0.04040253039483302
- by: 0.03953626801565583
- from: 0.03697594202499578
- with: 0.03646084897190671
- ct: 0.03544458958530083
- or: 0.032388330678194216
- no: 0.03027552657698844
- year: 0.02869202858426871
- old: 0.027554279433070438
- to: 0.023275175325579222
- in: 0.023160614960831265
- of: 0.018219538316150932
