Texto: 
hypo-active bowel sounds. right mid-abdominal tenderness with rebound.  no guarding. 

wbc: 19.8
ast: slightly elevated
alp: 110
bili: 1.3
• diffuse gallbladder wall thickening and enhancement, with apparent septa or folds. 
• pericholecystic fat stranding.  no definite pericholecystic fluid. 
• no intrahepatic or extrahepatic ductal dilatation.
acute acalculous cholecystitis
• cholecystitis - acute, chronic, xanthogranulomatous
• gallbladder carcinoma
79 y.o. man with right sided abdominal pain starting in the morning, persisting until presentation in the late afternoon.  mild nausea.  no vomiting.  no bowel movement.  no fever/chills.


Keywords by value: 
- pericholecystic: 0.2806729789987152
- no: 0.2447537876004186
- cholecystitis: 0.2418156801621516
- gallbladder: 0.22417880543879184
- afternoon: 0.18045928753892485
- alp: 0.17644994066439892
- acalculous: 0.17012366066589504
- persisting: 0.17012366066589504
- xanthogranulomatous: 0.1631206957176298
- bowel: 0.161006216727053
- bili: 0.15110191231400272
- septa: 0.15110191231400272
- extrahepatic: 0.14420441771500647
- starting: 0.1410575549397991
- abdominal: 0.13721507061899027
- acute: 0.13571860859921991
- folds: 0.13528802684763383
- 79: 0.1326353539858767
- 110: 0.1316578363600704
- intrahepatic: 0.1316578363600704
- morning: 0.12439564806826539
- definite: 0.12338827229032534
- guarding: 0.12274144549269772
- ast: 0.12032910863700724
- rebound: 0.11948860407541866
- late: 0.1184156827178998
- movement: 0.11547925720089275
- stranding: 0.11228662848686055
- ductal: 0.11038971817173493
- apparent: 0.10494410377475774
- until: 0.10438380529544664
- dilatation: 0.10240133528298591
- slightly: 0.09785103997076282
- sounds: 0.09684673185351937
- nausea: 0.09636127007103032
- vomiting: 0.09282102906476375
- wbc: 0.08866231713168335
- or: 0.08727804824340729
- presentation: 0.0863521513644808
- elevated: 0.08551545435647598
- thickening: 0.08534023011727795
- right: 0.08317839983112733
- sided: 0.08069066195814571
- tenderness: 0.07866763547063575
- diffuse: 0.07866763547063575
- fat: 0.07803263873367804
- wall: 0.07630779399027715
- carcinoma: 0.07503371049623848
- chronic: 0.07445876204300464
- with: 0.07368931191261112
- fluid: 0.07242742417561568
- enhancement: 0.07220220833778113
- mild: 0.07110948049860424
- man: 0.06641053098169723
- in: 0.062411776944692895
- the: 0.05006043262693331
- pain: 0.044887749619197774
- and: 0.02592104519730613
