Texto: 
large left renal heterogenous mass extending into the left renal vein.
renal cell carcinoma
renal cell carcinoma
metastic disease to the kidney
lymphoma
left renal laceration
67 yo female presents with painless hematuria.


Keywords by value: 
- renal: 0.6377604323063752
- metastic: 0.2825810791983221
- carcinoma: 0.2450375168064183
- cell: 0.23434192751997127
- laceration: 0.2209049901247128
- left: 0.20961373477827497
- 67: 0.2014744815703284
- heterogenous: 0.19293004859159416
- painless: 0.1897002575275239
- hematuria: 0.18115128249333476
- vein: 0.14681812349630222
- kidney: 0.1438990553491244
- extending: 0.13887590469481673
- yo: 0.1279648176646158
- lymphoma: 0.12198766412943339
- into: 0.10888295585169713
- large: 0.10262891752890693
- female: 0.09883888206955996
- presents: 0.0985327658135863
- disease: 0.08597945239711584
- the: 0.08174115354307104
- mass: 0.0782387685287103
- to: 0.05120655868703664
- with: 0.04010785260567437
