Texto: 
non-contributory
surgery and radiation
intraventricular mass fourth ventricle with cystic components.
homogeneous and intense enhancement with contrast administration
ependymoma, 4th ventricle
• ependymoma
• medulloblastoma
• metastatic disease
• choroid plexus papilloma
34 year old man with six month history of headaches.
recent onset of nausea and vomiting


Keywords by value: 
- ependymoma: 0.3487430300710596
- ventricle: 0.30390151101968715
- intraventricular: 0.21511991014141313
- medulloblastoma: 0.21437373389126843
- intense: 0.1948683851465033
- choroid: 0.19359849113067487
- 4th: 0.19003611559006847
- papilloma: 0.18928993933992375
- components: 0.1874891565951451
- plexus: 0.1861103892249077
- six: 0.18544021699813087
- fourth: 0.18510972825364866
- homogeneous: 0.18226376984268852
- 34: 0.17990923121934516
- administration: 0.1643912514121551
- nausea: 0.15857498481972013
- headaches: 0.15398053604914078
- vomiting: 0.15274905845518533
- recent: 0.13977440870739413
- radiation: 0.13679835453257502
- onset: 0.132555234667301
- and: 0.12796933910203337
- month: 0.12557438548407404
- cystic: 0.12432639057088418
- with: 0.12126533314997213
- enhancement: 0.11881811108004516
- metastatic: 0.11321709697463257
- surgery: 0.11098605637196328
- man: 0.10928715379663936
- contrast: 0.10030062584556194
- disease: 0.08665241560463008
- of: 0.08079528027260433
- history: 0.07886860638658592
- mass: 0.07885114522050243
- year: 0.0636179811702634
- old: 0.06109528383414336
