Texto: 
non-contributory
incomplete resection with progression of tumor over the past 6 months.
infiltrative ventricular mass with peripheral and/or ependymal enhancement.
malignant central neurocytoma
• glioblastoma
• lymphoma
• ependymoma
• neurocytoma
four days of memory loss.
left sided weakness
case report - www.ajnr.org/cgi/reprint/18/6/1175.pdf


Keywords by value: 
- neurocytoma: 0.3928328416812819
- ependymal: 0.2231638155140046
- memory: 0.20429358176243376
- infiltrative: 0.17990994328304366
- glioblastoma: 0.17508261901755137
- incomplete: 0.17223953725845959
- progression: 0.16099135418752253
- ependymoma: 0.14830321376398195
- report: 0.14789007776103108
- ventricular: 0.14768557089504256
- four: 0.1422785538743188
- weakness: 0.12813498967725648
- peripheral: 0.12554706519376047
- malignant: 0.12515246786457532
- central: 0.11724370393138744
- past: 0.11428267668867598
- sided: 0.11293549577605472
- resection: 0.1125425776301477
- days: 0.11114332894795989
- loss: 0.10696360601520966
- lymphoma: 0.10456273539884832
- months: 0.10219587503616978
- enhancement: 0.10105496716562923
- over: 0.09762457264698592
- tumor: 0.09183323420737816
- case: 0.08820439902183759
- with: 0.06875755527170972
- of: 0.0687164971810183
- mass: 0.06706300764083067
- left: 0.05989071556811833
- the: 0.03503255296392924
