Texto: 
normal breath sounds and unremarkable ekg.
treatment is supportive with referral for echocardiogram to determine chamber size and function.
pa and lateral images of the chest demonstrate cardiac enlargement and splaying of the carina.  a "double density" is seen just inside the right atrial border.
left atrial enlargement
congestive heart failure
left atrial enlargement
normal variant
61 y/o female with shortness of breath.
the classic findings of a "double density" sign and splaying of the carina are present.


Keywords by value: 
- atrial: 0.36883720743854015
- carina: 0.3362178653888616
- splaying: 0.3230236194990356
- enlargement: 0.30086193933505156
- double: 0.23061214015096526
- breath: 0.19175168486921995
- density: 0.17348421523339339
- chamber: 0.1615118097495178
- inside: 0.15527582799847117
- congestive: 0.1429155646288883
- ekg: 0.13993318734999927
- echocardiogram: 0.1377984385256234
- and: 0.13515393095762163
- referral: 0.13361744206857357
- 61: 0.1327834595483304
- the: 0.13050909412542444
- of: 0.12799706329996682
- determine: 0.12164979826686519
- variant: 0.11608350018268988
- border: 0.11569149077597295
- supportive: 0.10928953489728234
- normal: 0.10681967236761127
- function: 0.10588090014386861
- shortness: 0.10488909186738615
- just: 0.10464770025041033
- sounds: 0.10099296853787486
- pa: 0.10038680130184614
- failure: 0.09931547311535485
- classic: 0.09784142413831383
- cardiac: 0.09713847279701057
- heart: 0.0909561235061816
- sign: 0.0905629940178045
- left: 0.08924594269069115
- size: 0.08857306406350597
- unremarkable: 0.08769657552207699
- is: 0.0716477429078304
- chest: 0.0690494269579842
- demonstrate: 0.06800575426028965
- present: 0.06712410417238039
- lateral: 0.06491933394439761
- findings: 0.06456117888138566
- female: 0.06312302875183179
- treatment: 0.06231289937790607
- seen: 0.06158543074596421
- images: 0.06050945582205642
- with: 0.05122941660591541
- are: 0.04963736614992738
- right: 0.04336973151495432
- for: 0.03964824221471019
- to: 0.03270284941111907
