Texto: 
normal thyroid function studies, palpable left thyroid mass, moderately firm.
131-i remnant ablation,
serial exams and thyroglobulin, tft labs
between the thyroid isthmus and left lobe, there is a heterogeneous-signal mass, measuring 2.3 cm cranio-caudad by 2.4 cm x 2.4 cm. most of the mass is isoechoic with surrounding thyroid tissue, but there are areas of both hypo- and hyper-echogenicity, as well as a hypervascular rim. some of the hyper-echoic areas likely represent small calcifications.
papillary carcinoma of the thyroid gland
follicular thyroid cancer
lymphoma
thyroid adenoma
enlarging mass left neck
classic papillary thyroid ca, by pathologic description


Keywords by value: 
- thyroid: 0.6234698687073095
- papillary: 0.18482685605729382
- cm: 0.17085891597227842
- mass: 0.15151722261031345
- tft: 0.14266104655098252
- areas: 0.13465559623911386
- thyroglobulin: 0.13244267930122247
- remnant: 0.12476164535583463
- isthmus: 0.12476164535583463
- isoechoic: 0.12356223995832263
- follicular: 0.11334387270856258
- description: 0.11334387270856258
- ablation: 0.1083426686271908
- hypervascular: 0.10485411234488982
- left: 0.10148450541793895
- exams: 0.10066163468180295
- moderately: 0.10005159023111768
- enlarging: 0.09260767008230529
- serial: 0.0912914592088032
- firm: 0.08989995812258922
- ca: 0.08460866058623819
- by: 0.0842244726539151
- represent: 0.08252001384639364
- pathologic: 0.08125513009297086
- gland: 0.08055766474528946
- function: 0.08026710952039338
- as: 0.07967814107130394
- the: 0.07914997124005388
- adenoma: 0.07906130217733219
- rim: 0.07897192160541709
- there: 0.07891681420422034
- of: 0.07762649757776627
- measuring: 0.07671753969810259
- classic: 0.07417247394261105
- studies: 0.07274458732043645
- calcifications: 0.07237469075007102
- palpable: 0.06966873844245852
- labs: 0.06870409633384232
- surrounding: 0.06613752083091437
- cancer: 0.06605251096497891
- between: 0.06443418209308718
- some: 0.06239517196909687
- and: 0.06147519730308214
- neck: 0.060663454879415525
- carcinoma: 0.059317466072162685
- likely: 0.05925999665472729
- lymphoma: 0.05906033673967192
- lobe: 0.057308287660360405
- both: 0.05530062204772911
- is: 0.05431534128494882
- tissue: 0.05202099128134687
- most: 0.05160972626884925
- small: 0.05115389305036593
- but: 0.04903844222319234
- well: 0.048017351729399776
- normal: 0.04048939104792879
- are: 0.03762952430179929
- with: 0.019418219847892902
