Texto: 
not available
• positive "spine sign" on cxr
• pleural effusion
• atelectasis and collapse of lung noted on chest ct
empyema
• hemothorax/hemorrhage
• malignancy
• empyema, secondary to pneumonia
20 y.o. woman with c/o fever, cough, chest pain


Keywords by value: 
- empyema: 0.5147173853610337
- chest: 0.251920427968549
- collapse: 0.22379443569140556
- atelectasis: 0.21248748239912935
- cxr: 0.19089871266454775
- pneumonia: 0.18834974426917664
- pleural: 0.179637894058351
- malignancy: 0.17864576955661599
- cough: 0.17815839368616135
- effusion: 0.17720035282931887
- sign: 0.16520534069718584
- available: 0.1619025484184728
- fever: 0.16179318202320556
- spine: 0.15763764687299325
- positive: 0.15724392516790361
- 20: 0.15394831445527904
- lung: 0.14516047399219942
- on: 0.14413980530661596
- secondary: 0.14144112893010616
- noted: 0.12652048069411057
- woman: 0.12427850244172013
- not: 0.09420485497975983
- ct: 0.09084810995840026
- pain: 0.08539005874021405
- to: 0.05965665598103495
- and: 0.04930965777484818
- with: 0.04672644337727198
- of: 0.04669854101014606
