Texto: 
no abnormalities
frontal view of the chest demonstrates narrowing of the trachea.  lateral view of the chest shows posterior indentation of the trachea and esophagus.

frontal views of an esophagogram demonstrate right and left external compression of the esophagus, which persisted during swallow.  lateral views show posterior indentation of the esophagus.
double aortic arch
double aortic arch
superior mediastinal mass
esophageal stricture
9 month old male presents for esophagogram for follow up of abnormality on chest x-ray.


Keywords by value: 
- esophagogram: 0.36982274537704257
- esophagus: 0.3175587134295754
- indentation: 0.31467195752156213
- trachea: 0.2489995569509531
- double: 0.2266002487801847
- arch: 0.21807184961010384
- chest: 0.20354458334108982
- views: 0.2029083576313847
- of: 0.20123253783894346
- aortic: 0.19867368568960006
- view: 0.18825517374125708
- frontal: 0.16545934412324162
- the: 0.1538863990987021
- persisted: 0.15052466852907606
- swallow: 0.13394694996843862
- posterior: 0.13293489345289222
- lateral: 0.12757990288641632
- stricture: 0.12449977847547655
- esophageal: 0.1098266392958286
- external: 0.10391477200522353
- mediastinal: 0.10379130292497502
- narrowing: 0.09964203555674829
- compression: 0.09412758687062854
- abnormality: 0.09349503864636557
- abnormalities: 0.09310852744135587
- superior: 0.08356706211250653
- show: 0.08159806772812275
- during: 0.08141487118434948
- month: 0.0781903726098414
- for: 0.07791698688255502
- shows: 0.07543993513638336
- follow: 0.06929245395149164
- demonstrate: 0.06682267821536991
- demonstrates: 0.06457545055361978
- up: 0.06358227208583006
- presents: 0.061832797259212
- which: 0.05844692559544159
- male: 0.05722949245969039
- and: 0.053121079156662566
- an: 0.0491520103749318
- mass: 0.049097595833234045
- left: 0.04384667867679055
- right: 0.04261524109001826
- no: 0.04179867885357627
- on: 0.03882029582460559
- old: 0.03804169926279702
