Texto: 
large, distended abdomen, mental status changes
multiple linear and curvilinear lucencies are noted on the scout images throughout the liver, as well as multiple dilated air filled loops of small and large bowel. on the axial ct images, air was noted within the bowel wall completely surrounding the lumen throughout multiple loops of small bowel, as well as air within the mesenteric vasculature, and within the portal venous system peripherally to the edges of the liver.
pneumatosis intestinalis/portal venous gas
• mesenteric ischemia
• trauma 
• small/large bowel obstruction
• infectious enterocolitis
• inflammatory enterocolitis
• post-operative
• medications, i.e. steroids, chemotherapy, immunosuppresants
• necrotizing enterocolitis (pediatric cases)
76 yo man presents with 1.5 day history of increasing nausea, vomiting, and abdominal distention.


Keywords by value: 
- enterocolitis: 0.36316531454120465
- bowel: 0.26705961019927826
- air: 0.20414425906433123
- portal: 0.19911818702671838
- loops: 0.18897726442932739
- the: 0.1868283086512449
- mesenteric: 0.17965339367249034
- as: 0.16717779453195103
- immunosuppresants: 0.166374203033429
- small: 0.16099387310436514
- large: 0.1563797120506798
- throughout: 0.15302439626085734
- multiple: 0.15265697154698368
- venous: 0.14855241605729336
- within: 0.1437455841712702
- liver: 0.14353594878160106
- edges: 0.1203106036490114
- scout: 0.11638745678363696
- pneumatosis: 0.11417410820773512
- lucencies: 0.1108489738271175
- peripherally: 0.11041983057435288
- noted: 0.11031813717543623
- necrotizing: 0.10879762884997202
- curvilinear: 0.10766916090665514
- vasculature: 0.10233152660458711
- 76: 0.10233152660458711
- distention: 0.10101889214541994
- well: 0.10074827115007955
- images: 0.09624599014769368
- pediatric: 0.09312442663356352
- completely: 0.09296085830169702
- lumen: 0.09263805789690385
- steroids: 0.0914011265606734
- gas: 0.09110457129892445
- mental: 0.09066858846357295
- ischemia: 0.09010303161907811
- distended: 0.0888912227230226
- medications: 0.0872717929033137
- and: 0.08599002407572631
- linear: 0.08380811827182487
- filled: 0.08370980133963242
- infectious: 0.08370980133963242
- increasing: 0.08193593780682284
- of: 0.08143655516936137
- nausea: 0.07991679994289548
- system: 0.07936766500884503
- vomiting: 0.07698071647244215
- dilated: 0.07451153705830932
- chemotherapy: 0.07387155045432499
- obstruction: 0.07287044720428001
- status: 0.07260184519525556
- inflammatory: 0.07034740517105631
- cases: 0.0699742413239498
- surrounding: 0.06938367737789322
- day: 0.06626834683487232
- yo: 0.06499500602376175
- abdomen: 0.06347853066361123
- wall: 0.06328553683351691
- changes: 0.06287426058855314
- on: 0.06284055643410198
- trauma: 0.0604194077234294
- axial: 0.06009420897207173
- abdominal: 0.05689936081023507
- man: 0.05507728483293757
- presents: 0.05004608160640382
- history: 0.03974729460347982
- ct: 0.03960700355205985
- are: 0.03947645362629386
- was: 0.036257138046939454
- to: 0.02600848147998687
- with: 0.02037130337291745
