Texto: 
pain and swelling over left anterior superior iliac spine.
fracture lucency at left anterior superior iliac spine.
avulsion fracture of the anterior superior iliac spine
avulsion fracture
normal ossification center
13 y/o girl with sudden onset left anterior hip/pelvic pain during athletic activity.


Keywords by value: 
- iliac: 0.44816734223560234
- anterior: 0.36242466897289854
- spine: 0.32160048058157475
- superior: 0.3165096640753522
- avulsion: 0.3151461436995998
- fracture: 0.27668337145069904
- athletic: 0.19003704357046952
- left: 0.16606898924036648
- ossification: 0.1509107561299441
- center: 0.1468398341868186
- sudden: 0.14032976649609846
- lucency: 0.1396904603977881
- 13: 0.12238974246328396
- activity: 0.11914120665545233
- pain: 0.11613758714996603
- girl: 0.113835400878447
- swelling: 0.10922056788742264
- onset: 0.10420287223790833
- during: 0.10278608532232557
- over: 0.09023331886374528
- normal: 0.06625673760340267
- at: 0.06129419440481283
- and: 0.033532619380108625
- the: 0.03238020343132193
- with: 0.03177592608552803
- of: 0.03175695131468477
