Texto: 
guarding over right lower quadrant.
normal wbc (5.2)
appendectomy, the meckel&#39;s diverticulum was not treated.
normal appendix.  
distended blind ending tube emanating from the distal ileum.
meckel&#39;s diverticulum
meckel&#39;s diverticulum
appendicitis
acute onset of severe right lower quadrant pain associated with nausea.
the patient went to surgery and had his appendix removed which had a small mucocele within it but was otherwise normal on pathologic evaluation.  the etiology of his pain was uncertain.


Keywords by value: 
- meckel: 0.42893642566336615
- diverticulum: 0.3478138222801872
- 39: 0.3262711611635683
- appendix: 0.2359754170988264
- quadrant: 0.18333448921095558
- emanating: 0.17236617201196622
- normal: 0.1603004143561051
- his: 0.1587393805273572
- ending: 0.14793942935389864
- mucocele: 0.1464093865114703
- uncertain: 0.1456810034337815
- appendectomy: 0.13837499338967577
- blind: 0.1378594179872517
- was: 0.13682879972149387
- lower: 0.13374974627973832
- ileum: 0.13243615357522856
- had: 0.13040880379137976
- guarding: 0.12805293760892608
- went: 0.1270765289817612
- distended: 0.11182054960893288
- removed: 0.11117424940906699
- appendicitis: 0.1110154796413066
- pathologic: 0.10723163677652418
- etiology: 0.10542626774351614
- tube: 0.10457420706238293
- the: 0.1044534782871514
- nausea: 0.10053119103161148
- pain: 0.09366042868925142
- otherwise: 0.09328902319890771
- wbc: 0.092499074932287
- right: 0.08677784754147556
- onset: 0.08403554718121803
- severe: 0.08284656922506341
- treated: 0.08149664224302487
- evaluation: 0.07981205898852668
- distal: 0.07603890428600531
- over: 0.07276964791699456
- acute: 0.07079583611535725
- surgery: 0.07036141575330931
- associated: 0.06897846910079186
- small: 0.06750731520589275
- it: 0.06699068428876315
- but: 0.06471557449415521
- within: 0.060274830793185116
- which: 0.059508033614963915
- from: 0.051976140169365304
- not: 0.05166448666381929
- of: 0.051221482157302295
- patient: 0.042565543120339056
- on: 0.03952508100877156
- to: 0.03271732128882783
- and: 0.02704274803091079
- with: 0.025626043490342938
