Texto: 
n/a
follow up with pediatric endocrinology.
lateral view of the lumbar spine demonstrates dense sclerosis of the endplates of the vertebral bodies.

ap view of the femur and tibia demonstrates overtubulation of diaphyseal shafts with dense metaphyseal bands.  there is a varus configuration of the femur.

ap view of the wrist demonstrates dense metaphyseal bands and a positive ulnar variance.
bisphosphate therapy in pediatrics
dense metaphyseal lines:
vitamin intoxication
arsenic, bismuth, phosphorus 
systemic illness
estrogen effect
leukemia
lead
torch infections
idiopathic hypercalcemia
rickets
hypothyroidism
scurvy
sickle cell disease
15 y.o. with history of osteogenesis imperfecta type i on bisphosphonate therapy
n/a


Keywords by value: 
- dense: 0.3495138903506282
- metaphyseal: 0.31212346153440834
- view: 0.21777711578143888
- bands: 0.2104262658887431
- femur: 0.16265135758542715
- overtubulation: 0.15852905271832435
- bisphosphate: 0.15852905271832435
- arsenic: 0.15852905271832435
- bismuth: 0.15852905271832435
- of: 0.1551930493100357
- scurvy: 0.15148297312579917
- demonstrates: 0.14940418467524164
- ap: 0.14233628025298403
- bisphosphonate: 0.1394376205026163
- endplates: 0.13443834747195862
- shafts: 0.13443834747195862
- variance: 0.1323915409100911
- phosphorus: 0.12739226787943342
- intoxication: 0.12600130407566634
- pediatrics: 0.12471347274371246
- estrogen: 0.12351453045720567
- endocrinology: 0.12239299484877575
- torch: 0.12133947408448995
- the: 0.11867911511697356
- diaphyseal: 0.11851525742654799
- hypercalcemia: 0.11608650646798566
- imperfecta: 0.11608650646798566
- osteogenesis: 0.11534691525625054
- therapy: 0.11391222403676633
- varus: 0.11266812012052958
- rickets: 0.10929412146130707
- vitamin: 0.10404115384480278
- hypothyroidism: 0.10330156263306767
- configuration: 0.10001295859529191
- illness: 0.09971589545562809
- lines: 0.09885401119524291
- sickle: 0.09803286140707283
- ulnar: 0.09420867647867498
- leukemia: 0.09054681475795448
- pediatric: 0.08873327036277165
- lead: 0.08826983568546791
- systemic: 0.08796760597210904
- infections: 0.08752389410987803
- bodies: 0.08680865857206004
- wrist: 0.08559104054974692
- tibia: 0.08469967745193607
- idiopathic: 0.08385181317657535
- lumbar: 0.08004515057937744
- vertebral: 0.07569898127765616
- sclerosis: 0.07060751826688569
- effect: 0.06953777933017193
- 15: 0.06698542262872445
- type: 0.06649960833403887
- spine: 0.06548455951483353
- positive: 0.06532100282047361
- with: 0.05823216642000673
- cell: 0.05670642711246975
- follow: 0.05343920689165066
- lateral: 0.04919560815624092
- up: 0.04903544323909391
- disease: 0.04161088544525692
- and: 0.04096764044967892
- there: 0.039443171534040616
- history: 0.037873064734319194
- on: 0.029938697532901022
- is: 0.027147184599826686
- in: 0.02466010936512567
