Texto: 
treatment usually consists of curettage or excision with wide margins and the use of adjuvants such as phenol and argon beam coagulation. bone cement also, theoretically decrease recurrence and provides stability to the resected area. recurrence rates with these measures vary between 5% and 15%.
geographic,lytic,eccentric, expansile lesion at the femoral metaphysis extending to the joint surface.
giant cell tumor
giant cell tumor
osteosarcoma
mets
multiple myeloma
malignant fibrous histiocytoma
patient complains of chronic knee pain for several months.


Keywords by value: 
- giant: 0.2378659064309193
- recurrence: 0.22016916462934066
- adjuvants: 0.2132289131047376
- phenol: 0.2132289131047376
- argon: 0.2132289131047376
- theoretically: 0.2037516099391586
- cement: 0.17807275000046136
- geographic: 0.15940850647920357
- beam: 0.15614172403008045
- coagulation: 0.15514693961980391
- histiocytoma: 0.15419277017302416
- cell: 0.15254553801856285
- vary: 0.14993120331362453
- eccentric: 0.14916477708995005
- curettage: 0.14700565182420913
- provides: 0.14632809987343084
- tumor: 0.139482064191635
- rates: 0.1389453828466857
- myeloma: 0.13846342957383753
- mets: 0.1370744721526549
- stability: 0.13452205820944887
- consists: 0.13258922984845217
- wide: 0.12914567587151976
- osteosarcoma: 0.1261449066000213
- metaphysis: 0.12250160726752904
- resected: 0.1220245722283889
- expansile: 0.12064923993473359
- complains: 0.11601957246602829
- decrease: 0.11460253827797268
- margins: 0.1137586233073738
- lytic: 0.11231235346120869
- surface: 0.11124625767632197
- and: 0.11020674501943814
- measures: 0.108709250021015
- the: 0.10641926843776654
- excision: 0.10512523511239365
- fibrous: 0.1035737905159354
- use: 0.10201841158086979
- femoral: 0.09909876184773148
- knee: 0.09557167117570345
- malignant: 0.09504470090320374
- extending: 0.09040166146828352
- 15: 0.0900984937212926
- joint: 0.08785977204486957
- several: 0.08747970016482266
- between: 0.08663349352251144
- area: 0.08637521569446634
- such: 0.08576674995338554
- usually: 0.08393822868020913
- chronic: 0.07914281369129776
- of: 0.07827818779514113
- months: 0.07761074585332471
- these: 0.07529327210805087
- bone: 0.0727507836244529
- to: 0.06666610732155401
- multiple: 0.06521620044321384
- lesion: 0.06392293201481389
- treatment: 0.06351370770817688
- also: 0.06271614533282051
- as: 0.05356470350173909
- with: 0.05221663932913071
- at: 0.05036166111399972
- pain: 0.047711548079216966
- or: 0.04638426776071433
- patient: 0.043366616735058885
- for: 0.04041228850379844
