Texto: 
manipulation of the right hip made the patient very uncomfortable.
patient was seen by a university orthopedic surgeon and the lesion was resected and confirmed as an abc.
frontal radiograph (fig. 1) shows an expansile, lytic lesion of the distal femoral metaphysis (medullary eccentric) with narrow zone of transition, fine septae and dramatic cortical thinning.  no periosteal reaction noted.

pre and postcontrast corornal t1w mr images (fig. 2) reveals an enhancing mass without adjacent soft tissue invasion.
additional t2w mr image (fig. 3) shows hyperintense (presumed fluid) components with fluid-fluid levels.
aneurysmal bone cyst
aneurysmal bone cyst
telangiectatic osteosarcoma
solitary bone cyst
eosinophilic granuloma
3 year old body presenting with a limp (pain appears to involve the right leg).
this is a fairly dramatic example of expansion resulting in cortical thinning.


Keywords by value: 
- fig: 0.33277484207023983
- dramatic: 0.2297575389143002
- thinning: 0.21455501752316147
- aneurysmal: 0.19831375340948648
- fluid: 0.17507392483028333
- cyst: 0.1749178124898586
- bone: 0.16544758356087497
- corornal: 0.16163953459067598
- cortical: 0.14512904543963737
- uncomfortable: 0.13707614815006802
- telangiectatic: 0.13707614815006802
- septae: 0.1349891814118938
- mr: 0.13079913614199729
- university: 0.1271604626774541
- abc: 0.1259379960704254
- postcontrast: 0.12479445492976403
- shows: 0.11864353849963928
- limp: 0.11761012495052493
- an: 0.11595122181727113
- eccentric: 0.11307530857364646
- manipulation: 0.10727750876158074
- fairly: 0.10608253438334553
- transition: 0.10570147156975462
- t1w: 0.1035726659977306
- presumed: 0.10324146499204676
- fine: 0.10291634141324556
- t2w: 0.10197530233845206
- the: 0.1008397546285821
- example: 0.10079361535334248
- narrow: 0.09915687670474324
- eosinophilic: 0.09839192030677535
- surgeon: 0.09814410175098186
- zone: 0.09765862650854112
- lesion: 0.0969143708524242
- osteosarcoma: 0.09562494924783586
- metaphysis: 0.09286312300249311
- resected: 0.09250150355517087
- solitary: 0.09250150355517087
- expansion: 0.0921471169839171
- components: 0.09179967961871481
- expansile: 0.09145892415720351
- granuloma: 0.09145892415720351
- invasion: 0.09015788208702548
- orthopedic: 0.08969360911814807
- medullary: 0.08939071733386028
- periosteal: 0.08894587209753409
- involve: 0.08894587209753409
- reaction: 0.08598588455581997
- lytic: 0.08513909430910996
- resulting: 0.08410664279818751
- and: 0.08354292442950827
- pre: 0.08261140471213337
- hyperintense: 0.08039969754392819
- levels: 0.08013054698284253
- presenting: 0.07917723093689955
- of: 0.07911903790516495
- additional: 0.07835295497263758
- made: 0.07795476432987088
- hip: 0.0776425317941284
- reveals: 0.076885205500878
- leg: 0.07630181987034007
- femoral: 0.07512244709380199
- confirmed: 0.07452846729977795
- appears: 0.07401669922286032
- very: 0.07250652352596106
- was: 0.07045066858495648
- right: 0.06702051092428046
- body: 0.06651986135627691
- radiograph: 0.06583127517755473
- patient: 0.06574867961160556
- adjacent: 0.06551626709593474
- frontal: 0.06505401293466696
- image: 0.06464061959864445
- enhancing: 0.06331690984054238
- with: 0.059374733633595196
- distal: 0.05872658010945497
- soft: 0.05380971491043955
- noted: 0.053589354674068626
- without: 0.05331280242611352
- tissue: 0.05302120937415574
- seen: 0.04758488108997416
- images: 0.04675351337540636
- by: 0.04292193678950851
- as: 0.04060506438100063
- mass: 0.03860761870320513
- pain: 0.03616804266285003
- this: 0.034730890580418214
- no: 0.03286815633412857
- year: 0.0311490562733207
- old: 0.02991387653580194
- is: 0.0276798366540415
- to: 0.025268333462673886
- in: 0.02514396277770312
