Texto: 
nystagmus and ataxia
shunt catheter placed followed by posterior fossa craniotomy with partial resection of mass.
right cerebellar mass with a linear "striped" pattern.  no pathologic enhancement
lhermitte duclos
• astrocytoma
• cerebritis
• metastatic disease
• cerebellar infarction
• lhermitte duclos
22 y.o. with acute onset headache, ataxia, and blindness


Keywords by value: 
- duclos: 0.417979059184961
- lhermitte: 0.40783587220833356
- ataxia: 0.30815401542130627
- cerebellar: 0.2597067828887828
- striped: 0.2537588644976804
- blindness: 0.19591555530506086
- cerebritis: 0.18835124264257969
- nystagmus: 0.1766344522408543
- craniotomy: 0.1697404551889994
- shunt: 0.15045935212479286
- catheter: 0.14105136836462806
- pathologic: 0.13001558870728838
- linear: 0.12782662540581766
- 22: 0.12497112028379945
- fossa: 0.12456699571669907
- infarction: 0.12456699571669907
- placed: 0.12364626266760449
- partial: 0.12225829100702006
- mass: 0.1212206593874946
- astrocytoma: 0.11978667977754087
- pattern: 0.11846706072101745
- headache: 0.10938504907724649
- followed: 0.10715256127828568
- onset: 0.10189092946399138
- resection: 0.1017139399902839
- with: 0.09321274665178644
- enhancement: 0.09133164605296443
- metastatic: 0.08702632733376191
- acute: 0.08583812191308451
- posterior: 0.08205317982728035
- by: 0.06738340325792536
- disease: 0.06660691438113239
- and: 0.06557726639628184
- right: 0.052607948894641376
- no: 0.05159991366345981
- of: 0.03105236177183618
