Texto: 
unremarkable
ent consult, antibiotic therapy and possible surgery.
opacified atelectatic left maxillary sinus with infundibular occlusion.  associated nasal septal deviation, enlargement of left middle meatus, retraction of left anterior maxillary sinus wall, and mild retraction of inferior orbital wall.
silent sinus syndrome
chronic sinusitis
congenital opacification
silent sinus
post traumatic deformity
13 year old with chronic sinusitis, worse for last 3 weeks.


Keywords by value: 
- sinus: 0.3815464374992197
- silent: 0.3392855105632049
- retraction: 0.2938903338104436
- sinusitis: 0.27231856114195346
- maxillary: 0.2618097869868461
- infundibular: 0.18990217247968527
- atelectatic: 0.18211579345045262
- meatus: 0.1790257137288193
- wall: 0.16060149691946674
- opacified: 0.15782162565608776
- chronic: 0.1567099246035154
- ent: 0.14065228817963824
- consult: 0.13905570876165402
- left: 0.1350903313681058
- deviation: 0.1327873310684341
- septal: 0.12850290875393866
- opacification: 0.12692806839148055
- antibiotic: 0.12353548471645555
- occlusion: 0.12128212748149225
- nasal: 0.12034700134729881
- orbital: 0.11578670313319539
- worse: 0.11058529102629011
- deformity: 0.10789306447784573
- last: 0.10736409920941846
- enlargement: 0.10120233257907324
- traumatic: 0.10003037466913747
- 13: 0.09955905037448924
- congenital: 0.09484752156788304
- middle: 0.09439523571355646
- inferior: 0.08980582446160701
- possible: 0.08944138822260868
- unremarkable: 0.08849671734795998
- syndrome: 0.07958127425407654
- weeks: 0.07911375890074311
- of: 0.07749894358901985
- therapy: 0.07584598291374012
- mild: 0.07483042305414175
- anterior: 0.07370441171990971
- post: 0.07182865339699494
- surgery: 0.07097198493870478
- associated: 0.06957703760936705
- and: 0.05455482910349823
- with: 0.051696832792898204
- year: 0.04068163649598166
- for: 0.040009991994902495
- old: 0.03906845333408988
