Texto: 
normal physical examination
normal laboratory studies including csf analysis
mri in june, 2009 revealed lesion in right cerebellar hemisphere. repeat mri in october revealed complete resolution of lesion.

no specific treatment given
focal region of elevated signal intensity right cerebellar hemisphere.
no associated mass effect or contrast enhancement.
acute disseminated encephalomyelitis
astrocytoma
hamartoma
infarction
8 year old boy with first time seizure.
it is unusual for cerebellar lesions to cause seizures.  there may be a supratentorial process that is not shown.


Keywords by value: 
- cerebellar: 0.37188832895567586
- hemisphere: 0.2835174709292778
- revealed: 0.1986475714051457
- october: 0.1870281237129477
- encephalomyelitis: 0.177391210337848
- june: 0.17413551986709086
- supratentorial: 0.17216759124526346
- disseminated: 0.16405821689231187
- 2009: 0.1633684408577871
- mri: 0.15551147007668578
- hamartoma: 0.14899877050397756
- lesion: 0.14524453792078404
- analysis: 0.1408685442581286
- unusual: 0.1358331842905147
- repeat: 0.13286689777803512
- seizure: 0.12604973196279706
- normal: 0.12369549279108234
- seizures: 0.12365578001797506
- resolution: 0.12290346669404582
- csf: 0.1196934620569064
- infarction: 0.11891619044325678
- shown: 0.11742674114923667
- specific: 0.11478628552515084
- astrocytoma: 0.11435272676389899
- process: 0.11361062581738945
- in: 0.11304896961171983
- studies: 0.11111771927903079
- laboratory: 0.10999945366036998
- including: 0.10840568235975453
- intensity: 0.10755991392024808
- effect: 0.1062603330472973
- complete: 0.1061811828121256
- given: 0.10420196624783688
- boy: 0.10362150850851282
- elevated: 0.10326506175743727
- cause: 0.10319434298264447
- first: 0.10222356025982883
- right: 0.10044292765656933
- no: 0.09851831337435092
- examination: 0.09693193886570234
- focal: 0.09060772472755928
- region: 0.09060772472755928
- time: 0.08978525833266322
- enhancement: 0.08718851532898028
- lesions: 0.08699594824696773
- signal: 0.08586898064784196
- is: 0.08296695421282765
- physical: 0.08213524028510359
- acute: 0.081944197128449
- associated: 0.07984064571825551
- it: 0.07753984048134292
- may: 0.07622886923766396
- contrast: 0.07360041810587896
- treatment: 0.07215735290092787
- that: 0.06573608456376573
- be: 0.06144886163572143
- there: 0.060272913285717794
- not: 0.05980019605703569
- of: 0.059287430750448046
- mass: 0.057860827960258925
- or: 0.05269675001873809
- year: 0.04668275969078116
- for: 0.04591203802021586
- old: 0.04483160894144375
- to: 0.03786938289475106
- with: 0.02966142748809701
