Texto: 
treatment is by chest tube drainage. if the hydropneumothorax is loculated ct guidance may be required
1. left hydropneumothorax
2. large soft tissue mass superimposing the left upper lobe – which has been previously diagnosed as large cell carcinoma.
large cell carcinoma causing a hydropneumothorax
there are many causes which could have produced the hydropneumothorax in this patient. 

pulmonary mass
subpleural neoplasm
radiation
trauma
bronchopulmonary fistula
infection
pulmonary infarct
81 year old female with a recent diagnosis of large cell carcinoma presents to the er with shortness of breath


Keywords by value: 
- hydropneumothorax: 0.6190073353300775
- large: 0.2465269789078371
- carcinoma: 0.2207285731151862
- cell: 0.2110940396258161
- superimposing: 0.18796900904037678
- subpleural: 0.1518724479754097
- pulmonary: 0.14995476186286355
- bronchopulmonary: 0.1481667785473473
- loculated: 0.13980524974190134
- guidance: 0.13831753142715628
- 81: 0.13005893056294054
- produced: 0.12524720522157412
- which: 0.1118634374936588
- fistula: 0.11109935550876388
- infarct: 0.1023561643018769
- causing: 0.10104091749896439
- previously: 0.09874348679623653
- shortness: 0.09862909203062241
- drainage: 0.09851530093412682
- tube: 0.09828950449666862
- the: 0.09817603128152946
- many: 0.09698223378511606
- mass: 0.09396945667589146
- causes: 0.09294532339287541
- er: 0.09200204381543947
- breath: 0.09015377212868084
- could: 0.08947157018983243
- diagnosed: 0.08910169212026997
- required: 0.08782032334906402
- neoplasm: 0.0839696408476113
- left: 0.08391955863369213
- recent: 0.08328683880682973
- radiation: 0.08151350886302408
- infection: 0.07430229879055492
- been: 0.07166426174283308
- if: 0.07146911685672759
- trauma: 0.0714367637182566
- lobe: 0.07108404657495618
- is: 0.06737165612966879
- upper: 0.06573210970272851
- soft: 0.06548538661358622
- chest: 0.06492841309667521
- tissue: 0.06452579056338524
- diagnosis: 0.06376505857725864
- may: 0.06190012896290401
- have: 0.06144787789554338
- female: 0.05935571469993689
- presents: 0.05917188270210229
- treatment: 0.0585939355372509
- has: 0.05618522188978824
- by: 0.05223517035061567
- be: 0.0498983193364153
- as: 0.04941558125489173
- there: 0.048943413993506525
- with: 0.04817193814098604
- of: 0.048143172606825345
- ct: 0.04682926001671923
- are: 0.04667490457776704
- this: 0.04226682488242657
- patient: 0.04000743834886481
- year: 0.03790780152063245
- old: 0.03640461157094938
- to: 0.030751075129059818
- in: 0.03059971840096225
