Texto: 
pt. had no motor or sensory deficits. no gross osseous deformity was noted.
the patient has an mri pending on his most symptomatic exostosis in the left proximal humerus to assess for fracture, measure the cartilagenous cap to exclude malignant transformation to a chondrosarcoma and assess for bursitis or mass effect on adjacent structures.
plain films of the upper arms and knees demonstrated multiple exostoses. no acute fractures or abnormal soft tissue masses were identified.
multiple hereditary exostosis
multiple hereditary exostoses, post traumatic changes.
14 year old male with knee and upper arm pain after a football game.
this patient was asymptomatic from his exostosis and became symptomatic following contact sport activity. this is likely because of a fracture of the exostosis, mass effect on surrounding structures or bursitis (in the overlying bursa exostotica).


Keywords by value: 
- exostosis: 0.45865115039068544
- exostoses: 0.23774045486564238
- bursitis: 0.2358843656082655
- hereditary: 0.20132147487336396
- assess: 0.1809967828823025
- exostotica: 0.15658480604646527
- symptomatic: 0.15057928741310578
- structures: 0.14714349345321043
- multiple: 0.14367469142149583
- cartilagenous: 0.13772751673964323
- effect: 0.13736989532970656
- or: 0.1362492818664073
- sport: 0.1307678523282001
- bursa: 0.11985133128284794
- his: 0.11876420591185327
- the: 0.11722359973585701
- game: 0.11542578629670522
- measure: 0.11323157192782098
- fracture: 0.11129509649415534
- cap: 0.11010208723263162
- contact: 0.10745614562399551
- upper: 0.10464678485512383
- football: 0.10276516270229244
- knees: 0.1020346420535065
- transformation: 0.10001293812599915
- arms: 0.09878637041755786
- became: 0.09605608149209012
- no: 0.0955209484681596
- exclude: 0.09460468399224282
- humerus: 0.09242903603342725
- sensory: 0.09222590177583632
- chondrosarcoma: 0.08978309442479113
- on: 0.08871456176810706
- gross: 0.08688874552217894
- deficits: 0.0841584565967112
- overlying: 0.08341742161716163
- and: 0.08093040264855882
- pending: 0.08053141113804833
- deformity: 0.08002801305282671
- osseous: 0.07815022507814866
- arm: 0.07815022507814866
- motor: 0.07788546952941222
- films: 0.07753869724168423
- mass: 0.07480059258851617
- traumatic: 0.07419598440773398
- to: 0.07343445595267942
- 14: 0.07310145307678466
- fractures: 0.07238750861898754
- activity: 0.07188631551089462
- pt: 0.07046498161704252
- knee: 0.07018312562158616
- malignant: 0.06979614462210469
- identified: 0.0694176961862408
- because: 0.0684306519850785
- was: 0.06824756272748855
- this: 0.06728959940558378
- masses: 0.0666575515985324
- asymptomatic: 0.0666575515985324
- surrounding: 0.06530116728988916
- plain: 0.06460047226882472
- patient: 0.06369261252122112
- adjacent: 0.06346746791918273
- proximal: 0.061170723746004664
- demonstrated: 0.060174927282681985
- for: 0.05935358638866016
- changes: 0.05917476219312291
- abnormal: 0.05882504596499925
- following: 0.05873871898788806
- likely: 0.05851061404375775
- of: 0.057483643634905456
- post: 0.05327779352121385
- acute: 0.05296739366232482
- soft: 0.052126998472271036
- noted: 0.05191352925535036
- tissue: 0.051363150773883225
- most: 0.05095708648474477
- were: 0.05047151675618731
- mri: 0.0502600400224006
- had: 0.04878404456016101
- in: 0.04871534114171221
- after: 0.04749938439620876
- has: 0.044723977776830764
- male: 0.04359480211684007
- from: 0.03888704235250564
- an: 0.037441746796012275
- pain: 0.035037009725276326
- left: 0.03340038847525533
- year: 0.03017497512251379
- old: 0.028978421444469136
- is: 0.02681424358741593
- with: 0.01917266336609324
