Texto: 
well-circumscribed mass involving mid-to-lower pole of right kidney which demonstrates heterogeneous enhancement and multiple areas of low attentuation.  average hu were < -20 and consistent with fat.  no renal vein or ivc involvement.  no calcification.
angiomyolipoma
- renal angiomyolipoma
- renal cell carcinoma enveloping fat
- oncocytoma
incidental finding on recent chest ct


Keywords by value: 
- angiomyolipoma: 0.3878662973040914
- renal: 0.3386882641692622
- attentuation: 0.26789730540691886
- enveloping: 0.2550110543407991
- fat: 0.22555049212872688
- oncocytoma: 0.2060535456569481
- hu: 0.20180973030475466
- average: 0.18892347923863492
- ivc: 0.17603722817251521
- pole: 0.15800061410756153
- incidental: 0.13438507288799145
- heterogeneous: 0.13121561824948882
- involvement: 0.13121561824948882
- vein: 0.12994841761015985
- calcification: 0.12943497501146276
- kidney: 0.127364756427271
- involving: 0.12698527244851265
- areas: 0.1230851713407204
- recent: 0.12275324763832844
- finding: 0.11916624705337843
- no: 0.11790864724365377
- carcinoma: 0.1084410997969164
- enhancement: 0.10434892301251159
- low: 0.10402673366470788
- cell: 0.10370777781294152
- consistent: 0.09830106445539648
- chest: 0.09569547464882633
- were: 0.09345114910120157
- demonstrates: 0.0910794818013167
- multiple: 0.08867420592198581
- which: 0.08243559511354481
- and: 0.07492383438034478
- of: 0.07095635845667142
- mass: 0.06924897229278064
- ct: 0.06901983355238861
- or: 0.0630685026573348
- right: 0.06010603165817898
- on: 0.05475350766841378
- with: 0.03549937743197065
