Texto: 
non-contributory
resection of nodule
cystic lesion in cerebellar vermis with enhancing nodule.
cerebellar hemangioblastoma
• astrocytoma
• cryptococcus
• hemangioblastoma
• pilocytic astrocytoma
• metastatic disease
44 year old woman who complained of feeling very hot and not able to perspire.  she also noted problems with ambulating and holding a pen.


Keywords by value: 
- hemangioblastoma: 0.34013658284744785
- cerebellar: 0.2783302043658569
- perspire: 0.2719557642263558
- nodule: 0.2684499958299759
- astrocytoma: 0.25675302502259323
- pen: 0.25129202454051974
- cryptococcus: 0.22711699885876444
- holding: 0.21854077201380603
- ambulating: 0.21615458085339578
- hot: 0.19666006846822845
- vermis: 0.190247281001828
- feeling: 0.18049258155460063
- complained: 0.16390881594151469
- pilocytic: 0.16312425816857132
- 44: 0.15039835958964984
- able: 0.14916119140872086
- problems: 0.14751112344557799
- very: 0.12199099104580344
- resection: 0.10900778712612898
- enhancing: 0.10652962251927478
- cystic: 0.10241864186766808
- she: 0.10122998708193841
- who: 0.09619388845938452
- metastatic: 0.09326693435800175
- noted: 0.09016317661201835
- woman: 0.08856545994178763
- lesion: 0.08152838925337957
- also: 0.07998923309682922
- disease: 0.07138325724753504
- and: 0.07027977380801674
- not: 0.0671338658425208
- with: 0.06659798545758387
- of: 0.06655821693882287
- year: 0.052407756711205886
- old: 0.05032958783795053
- to: 0.042513540731045095
- in: 0.04230428917161546
