Texto: 
low grade fever
elevated wbc count
iv antibiotics
• ct of sinuses--right sided chronic sinusitis
    small air collection behind rt frontal sinus.
• mri--lens shaped collection rt frontal epidural space with restricted diffusion and dural enhancement.
right frontal scalp swelling
epidural empyema secondary to frontal sinusitis
• epidural hematoma
• lymphoma
• epidural abscess
13 year old boy with 5 day history of headache.
ct finding of intracranial gas was critical finding leading to an emergency mri on a holiday weekend.


Keywords by value: 
- epidural: 0.45108841296202506
- frontal: 0.319664639064029
- rt: 0.27924411876346333
- sinusitis: 0.2561440292441357
- collection: 0.2005230321884067
- holiday: 0.1985674716765672
- lens: 0.16839236907139457
- weekend: 0.16582861689454162
- finding: 0.16323130602160452
- critical: 0.1368976663617875
- empyema: 0.1339112458472658
- mri: 0.12747097659845333
- scalp: 0.12603625766028226
- behind: 0.11967740143178839
- sinuses: 0.11695300841184421
- leading: 0.11037334064418604
- dural: 0.1101848828830043
- gas: 0.10873322937793506
- restricted: 0.10672256375661485
- diffusion: 0.10458985012920208
- shaped: 0.10373614324209317
- count: 0.10251525866033856
- intracranial: 0.09990757763821544
- ct: 0.0945418509916122
- 13: 0.09364567807534875
- emergency: 0.09212053597670686
- antibiotics: 0.09147554847749664
- sinus: 0.08972106182825622
- grade: 0.08928571260736055
- iv: 0.08871846915985086
- wbc: 0.08776003038451255
- hematoma: 0.08690632349740365
- headache: 0.08559430102070226
- boy: 0.08493736751167989
- elevated: 0.08464519217925881
- fever: 0.08418571896157719
- swelling: 0.08356937381954774
- space: 0.08264989673777702
- right: 0.082331921076156
- air: 0.08121533394922917
- sided: 0.07986950007945107
- abscess: 0.07973011815957724
- day: 0.07909121632602199
- lymphoma: 0.0739481714394408
- chronic: 0.07370102012540547
- secondary: 0.07359595120646237
- of: 0.07289584518151043
- enhancement: 0.07146743061250595
- low: 0.07124676666894526
- small: 0.06404868414071105
- to: 0.0620822016330277
- with: 0.04862626695442417
- an: 0.047480424085541074
- history: 0.047438362747924526
- was: 0.043272863827107065
- year: 0.03826532515678991
- on: 0.03750007567988496
- old: 0.03674795802153849
- and: 0.02565725538996771
