Texto: 
pain at base of foot.
casting and non-weightbearing.
oblique fracture through the proximal 5th metatarsal meta-epiphysis. comparison to prior foot radiograph of 3 months prior.
prior radiograph demonstrates no osseous abnormality.
fracture of the base of 5th metatarsal.
fracture of base of 5th metatarsal
jones’ fracture (>1.5 cm from proximal tip)
normal apophysis of 5th metatarsal
patient dropped tire on lateral aspect of foot while changing winter tires.
see factoid.


Keywords by value: 
- metatarsal: 0.4422465824845024
- 5th: 0.41357772270903775
- foot: 0.2635571503277576
- base: 0.2537223833451643
- fracture: 0.25275441285202815
- prior: 0.18661968867699405
- tires: 0.1778043326279943
- of: 0.17406271019674568
- tire: 0.16429440591292518
- apophysis: 0.15338710008287665
- winter: 0.1507844791978561
- radiograph: 0.14482949333696193
- dropped: 0.14132158993744626
- proximal: 0.1389204992060631
- changing: 0.13727455248278697
- jones: 0.1310676649844115
- casting: 0.11755773826934236
- comparison: 0.10590547408319863
- tip: 0.10449589345540646
- oblique: 0.096293230036211
- osseous: 0.08874072118226084
- abnormality: 0.08087161247134284
- factoid: 0.07764676261408808
- while: 0.07185475421457663
- aspect: 0.07172777849334916
- see: 0.06916210682181062
- through: 0.06618403675409286
- months: 0.06471695920727683
- cm: 0.06385312340376882
- demonstrates: 0.05585666242769885
- lateral: 0.055177219105641225
- normal: 0.04539489323834272
- the: 0.04436970279457858
- from: 0.04415680414938891
- at: 0.041994874963384964
- pain: 0.03978503590977199
- patient: 0.03616194555718454
- no: 0.036155143706033815
- on: 0.03357889322689137
- to: 0.027795298837809884
- and: 0.022974413347569327
