Texto: 
decreased visual acuity in the right eye
surgically removed
t1 iso-intense and t2 hyper-intense mass within the pituitary fossa.  there is mass effect on the optic chiasm and extension into right cavernous sinus.
there is homogeneous enhancement after gadolinium administration.
pituitary macroadenoma
• pituitary adenoma
• meningioma
• germinoma
• hypothalamic glioma
• craniopharyngioma
55 year old woman with only a 2 month history of decreased visual acuity in the right eye.


Keywords by value: 
- pituitary: 0.3969119934549512
- acuity: 0.3193290714804145
- visual: 0.2447498864872458
- eye: 0.22948661868894926
- decreased: 0.17768970716789917
- germinoma: 0.17277217932171748
- macroadenoma: 0.16587165834027562
- hypothalamic: 0.16393652722566357
- chiasm: 0.15223529643698766
- right: 0.14266113371338138
- craniopharyngioma: 0.13858533934823408
- surgically: 0.1331108358624417
- homogeneous: 0.12664033084331408
- cavernous: 0.12441729965891914
- optic: 0.12346834572226315
- 55: 0.1232827781279326
- removed: 0.1218455701139725
- glioma: 0.1218455701139725
- gadolinium: 0.11951263884617651
- the: 0.11447969003555443
- adenoma: 0.11435144227175759
- administration: 0.11422216540648865
- there: 0.11414246003062015
- fossa: 0.112599389798198
- mass: 0.10957454821347434
- meningioma: 0.1074768566148494
- sinus: 0.10364314133233003
- extension: 0.10153302746669518
- effect: 0.10061580863194768
- only: 0.08960830638377527
- t1: 0.08936722788402846
- month: 0.08725146932313894
- enhancement: 0.08255708147780405
- t2: 0.08252050795149231
- is: 0.07855976871574238
- into: 0.07624609205869139
- woman: 0.07469996235960276
- in: 0.0713625562571801
- after: 0.06958131487359082
- within: 0.06606045159338757
- and: 0.05927701907211798
- history: 0.054799406456746344
- year: 0.04420298224896544
- on: 0.04331898847901684
- old: 0.04245016420103672
- with: 0.028085819292175362
- of: 0.02806904804265836
