Texto: 
no focal deficit
transcortical resection of tumor.
enhancing intraventricular mass arising from septum pellucidum.
hydrocephalus due to blockage at foramen of monro
central neurocytoma
• colloid cyst
• hemorrhage
• neurocytoma
37 year old woman with longstanding history of headaches.  presented with new onset seizures.


Keywords by value: 
- neurocytoma: 0.43351998228245137
- transcortical: 0.27873259269798334
- blockage: 0.2414171516037881
- monro: 0.23522442157252765
- longstanding: 0.22545301855878122
- pellucidum: 0.21675999114122568
- colloid: 0.20262469614356116
- intraventricular: 0.2019095965048104
- deficit: 0.18330848187198212
- septum: 0.18210246246438014
- foramen: 0.17223246437924727
- 37: 0.16506921180122802
- hydrocephalus: 0.15816636576826526
- seizures: 0.15816636576826526
- arising: 0.15394954291219126
- headaches: 0.14452473452056916
- new: 0.13404231456273913
- hemorrhage: 0.12972336463874537
- central: 0.12938706507716596
- onset: 0.12441514097268477
- resection: 0.12419902585392165
- enhancing: 0.12137550619361673
- focal: 0.1158950639315543
- of: 0.11375057586680883
- presented: 0.11298653230429583
- cyst: 0.11176971042282555
- due: 0.11137360123108125
- tumor: 0.1013447396509256
- woman: 0.10090787217198655
- from: 0.07695099304158394
- with: 0.07587902787252265
- history: 0.07402535861020079
- mass: 0.07400896971808893
- at: 0.07318345141457312
- no: 0.06300669320016852
- year: 0.05971126010648923
- old: 0.05734347926786335
- to: 0.04843819403734305
