Texto: 
endovaginal exam unremarkable.
normal pap smear.  other cytology unremarkable.
hydrosalpinx of the right fallopian tube.
hydrosalpinx
not applicable.
32 y.o. woman with infertility.
see topic.


Keywords by value: 
- hydrosalpinx: 0.5000268690273926
- unremarkable: 0.2932904544377427
- endovaginal: 0.2844464585532613
- pap: 0.2811098664427404
- smear: 0.27007823165554107
- cytology: 0.2578666078015399
- applicable: 0.2529646302257569
- infertility: 0.23494158018892758
- fallopian: 0.23042499901160485
- topic: 0.20933258177052963
- 32: 0.18745411553630154
- tube: 0.17479046343585483
- see: 0.13607168386397364
- woman: 0.11392210426575679
- other: 0.1135967863539341
- exam: 0.1101153691087026
- normal: 0.08931132733826247
- not: 0.08635455932032518
- right: 0.07252237723730554
- the: 0.04364716785853045
- with: 0.0428326271222156
- of: 0.0428070499200887
