Texto: 
sweet smelling urine.  
laboratory analysis of blood and skin positive for msud
protein restricted dies
edema in dentate nuclei of cerebellum brainstem, basal ganglia and centrum semiovalae
maple syrup urine disease
leigh disease
anoxic-hypoxic injury
1 week old male with seizures


Keywords by value: 
- urine: 0.28272937034048307
- sweet: 0.25255926594659706
- msud: 0.25255926594659706
- semiovalae: 0.25255926594659706
- maple: 0.24133386177508928
- syrup: 0.24133386177508928
- dies: 0.2271915250529708
- dentate: 0.21787620599583324
- centrum: 0.21091850242240512
- smelling: 0.20800156987179447
- leigh: 0.20800156987179447
- nuclei: 0.17412103721827943
- brainstem: 0.15933482837909257
- ganglia: 0.14842948850266705
- analysis: 0.1468649336540609
- protein: 0.14656235956941235
- cerebellum: 0.14509718948653236
- restricted: 0.13574112685592676
- basal: 0.13513706100477396
- disease: 0.13258408478747277
- seizures: 0.12891946902640844
- skin: 0.11748272601814683
- laboratory: 0.11468183013384821
- week: 0.10622225502349
- positive: 0.1040656222966724
- injury: 0.10298477480788888
- edema: 0.09419098617263365
- blood: 0.09171783236426052
- male: 0.07031506759633545
- and: 0.06526726188113433
- of: 0.06181113483879737
- for: 0.04786638815125427
- old: 0.046739968155878844
- in: 0.03928705188496363
- with: 0.030924033488567388
