Texto: 
n/a
she had a known "genetic" disorder (misme) and will have gamma knife therapy
brain mri (t1w, t2w, t1w+c) demonstrate multiple enhancing lesions; there are bilateral enhancing lesions in the internal auditory canals; there is an enhancing lesion within the right lateral ventricle;
there are multiple enhancing lesions along the falx.
misme-too - neurofibromatosis type 2
• multiple schwannomas
• multiple meningiomas
• nf-2
• metastatic disease
24 y.o. woman with headache


Keywords by value: 
- misme: 0.4231461155561926
- enhancing: 0.3469265346603061
- t1w: 0.2837481029207963
- multiple: 0.27087866345812234
- lesions: 0.23854288538664173
- schwannomas: 0.16947227157947406
- there: 0.16526832496862995
- meningiomas: 0.16213556304979543
- canals: 0.16110259168051383
- falx: 0.1556866380142232
- knife: 0.15337334903631678
- gamma: 0.14931875199790043
- auditory: 0.14187405146039814
- t2w: 0.13968597942600233
- neurofibromatosis: 0.13729672430246023
- genetic: 0.13654986033712263
- disorder: 0.11711405016636992
- are: 0.10507213219278928
- ventricle: 0.10191208562648776
- 24: 0.09815806411638613
- headache: 0.09544257560803536
- internal: 0.09330818278831633
- type: 0.09287859345481904
- along: 0.09275723738340957
- known: 0.08963763116309977
- will: 0.0891111210654805
- brain: 0.08631032998479073
- the: 0.08287830229884893
- she: 0.08241690853567554
- therapy: 0.07954939443176796
- metastatic: 0.07593374868421542
- bilateral: 0.07440897141618981
- woman: 0.07210601939061886
- demonstrate: 0.0719771228385166
- mri: 0.07106874042283154
- have: 0.0691641429973309
- had: 0.06898165218485103
- lateral: 0.06871046317677713
- lesion: 0.06637675252015919
- within: 0.06376651410632884
- disease: 0.05811704172980558
- an: 0.05294340758258881
- right: 0.04590241703337966
- is: 0.03791589732716685
- in: 0.03444225206214496
- and: 0.02860931753925286
- with: 0.0271105441892191
