Texto: 
mild left hemiplegia
none required in absence of complications from hemorrhage
• mixed signal intensity lesion
• curvilinear flow void with branching "head"
• both in same location related to the left sylvian fissue.
cavernous angioma with dva
• cerebral cavernous malformation (ccm, aka cavernous malformation)
• developmental venous anomaly (dva, aka venous angioma)
52 year old woman who presented to the er with stroke symptoms


Keywords by value: 
- cavernous: 0.35720957551621313
- dva: 0.34206963017996667
- aka: 0.33604587956308496
- angioma: 0.28813872252479156
- malformation: 0.21173877810612132
- ccm: 0.20976367883152558
- venous: 0.19600586496592903
- fissue: 0.19308406509722473
- sylvian: 0.15972483762862302
- hemiplegia: 0.1587425136438215
- branching: 0.15280217245540176
- void: 0.14996788906754346
- curvilinear: 0.14206289990952065
- stroke: 0.12765274026623835
- 52: 0.12712959801037407
- anomaly: 0.12562513339704787
- developmental: 0.1187024682238266
- mixed: 0.11362629407595
- absence: 0.10943663050487219
- same: 0.10858365425687219
- complications: 0.1051321533967011
- related: 0.10431636015277994
- er: 0.10266951594451575
- required: 0.09800293248296452
- intensity: 0.09746901146050638
- location: 0.09558354895977396
- cerebral: 0.09510018931630447
- left: 0.09364988108832288
- hemorrhage: 0.09190404052257135
- flow: 0.09142986565260405
- head: 0.08186935570091812
- with: 0.08063608207931257
- presented: 0.08004663517875935
- mild: 0.07781304720150899
- signal: 0.07781304720150899
- who: 0.07764697617647304
- both: 0.0765471042729938
- symptoms: 0.075105004230417
- none: 0.0750158246495893
- woman: 0.0714893666146154
- to: 0.06863321437961747
- in: 0.06829540184058527
- lesion: 0.0658090966011448
- the: 0.05477968309730488
- from: 0.05451683436087475
- year: 0.04230314318290149
- old: 0.0406256610520021
- of: 0.026862643603285576
