Texto: 
scar lower back
surgery pending
lumbosacral intraspinal lipoma tethering the spinal cord to the s1 segment

ultrasound done shortly after birth reveals tethered cord and associated intraspinal lipoma.
tethered spinal cord with terminal spinal lipoma
diastemetomyelia
dermoid tumor
dysraphism
spina bifida
8 year old boy with increasing back pain and abnormal gait.  history of back surgery shortly after  birth


Keywords by value: 
- lipoma: 0.3306549250810886
- intraspinal: 0.30851814358147467
- tethered: 0.2957020631004012
- cord: 0.2825606079737706
- spinal: 0.2706697487235084
- shortly: 0.2604082856745661
- back: 0.25422591519855947
- birth: 0.2270760710349474
- diastemetomyelia: 0.20320165409720625
- dysraphism: 0.16735186053993892
- spina: 0.16735186053993892
- tethering: 0.16522885210109617
- bifida: 0.16150776761451582
- surgery: 0.13662905776805223
- lumbosacral: 0.13434952070732495
- terminal: 0.1306284362207446
- after: 0.12328084341777719
- scar: 0.11994607575801045
- s1: 0.11091445030166161
- gait: 0.11004761994556791
- dermoid: 0.1073297699714941
- segment: 0.10490776739059435
- pending: 0.10450641006112484
- done: 0.10107274542216917
- increasing: 0.10007271433184199
- reveals: 0.09665457756324945
- boy: 0.08691964211111236
- ultrasound: 0.07837491536613027
- abnormal: 0.07633784493040134
- associated: 0.0669718135900402
- tumor: 0.0664614046658647
- lower: 0.0649294134266237
- and: 0.05251209264856801
- the: 0.05070740890506446
- with: 0.04976111038874327
- history: 0.04854548278553275
- pain: 0.045467874633273
- year: 0.03915836416093492
- old: 0.03760558459864061
- to: 0.03176554033576946
- of: 0.0248656979457742
