Texto: 
right upper quadrant abdominal tenderness
patient did well post-operatively with no disease recurrence
axial ct images demonstrate a large hepatic cystic lesion with subtle internal septations.
biliary cystadenoma
• biliary cystadenoma
• biliary cystadenocarcinoma
• echinococcal cyst
generalized upper abdominal pain


Keywords by value: 
- biliary: 0.5264563608932522
- cystadenoma: 0.38192152848165023
- echinococcal: 0.2603351521245938
- cystadenocarcinoma: 0.2111088821707534
- abdominal: 0.2064133161567265
- septations: 0.2043737355622801
- upper: 0.20167988586294464
- generalized: 0.1801634158585611
- subtle: 0.16268396843790037
- recurrence: 0.15579973751222884
- hepatic: 0.15027351194580785
- did: 0.13536793597767371
- quadrant: 0.13217574365574808
- internal: 0.12717467615042488
- tenderness: 0.11834011700355557
- cystic: 0.11364937719095382
- axial: 0.10900161951827546
- cyst: 0.10885578331906406
- demonstrate: 0.09810144205673976
- large: 0.09454955346999404
- well: 0.09137090667196136
- lesion: 0.09046840002038006
- images: 0.08728768526692965
- disease: 0.07921080166759208
- with: 0.07390080000480811
- ct: 0.07184099109195374
- pain: 0.06752486597801695
- right: 0.06256284118173577
- patient: 0.06137560194217318
- no: 0.06136405754924121
