Texto: 
physical examination demonstrated right-sided sixth nerve palsy. the remainder of the exam was within normal limits.
because the lesion abutted the posterior wall of the sphenoid sinus, it was possible to perform an image-guided endoscopic procedure through the paranasal sinuses to drain it.
abnormal hyperintense lesion in the far anterior petrous apex on the patient's right.
sharply marginated
cholesterol granuloma of the right petrous apex.
• normal petrous fatty bone marrow
• cholesterol granuloma
• endolymphatic sac tumor
a 13-year-old girl presented with a 2-month history of intermittent right-sided headaches and diplopia. she described mild dysequilibrium but no hearing loss and had no
the traditional approach to this lesion has been through craniotomy or by an approach though the mastoid process.  approaching the lesion through the paranasal sinuses is less invasive and has the added benefit of facilitating followup; the cyst cavity can be inspected endoscopicaly.


Keywords by value: 
- petrous: 0.310114209403052
- the: 0.27369738395544563
- paranasal: 0.21709132327516556
- cholesterol: 0.20260011720972898
- approach: 0.17543469240106996
- lesion: 0.17536212027816034
- sinuses: 0.17226557181903107
- apex: 0.17189058221549203
- granuloma: 0.16549073906685208
- through: 0.16330420605314153
- abutted: 0.14623967146089642
- dysequilibrium: 0.14623967146089642
- facilitating: 0.14623967146089642
- inspected: 0.14623967146089642
- endoscopicaly: 0.14623967146089642
- endolymphatic: 0.13512809046019006
- approaching: 0.12212837404191229
- right: 0.1212705483658768
- traditional: 0.11504551984672166
- added: 0.11101679304120593
- sixth: 0.10575066825328931
- sharply: 0.10337140313435067
- craniotomy: 0.09782037939679221
- benefit: 0.09705687210845239
- marginated: 0.09632808193775556
- endoscopic: 0.09563098851056617
- diplopia: 0.09563098851056617
- perform: 0.09432163880382702
- mastoid: 0.09432163880382702
- it: 0.09361832828615346
- far: 0.09311120571055301
- sphenoid: 0.09198578772037641
- palsy: 0.09145138414135918
- drain: 0.09119071786463206
- of: 0.08947642464800933
- fatty: 0.08690549562222182
- has: 0.08353837108010781
- invasive: 0.08321005780312066
- hearing: 0.08305366024254067
- sac: 0.08142704160029361
- followup: 0.08073892639949751
- remainder: 0.08047174316781669
- though: 0.07944543289860714
- marrow: 0.07599305535391424
- cavity: 0.07549976650070776
- intermittent: 0.07474077870007934
- normal: 0.07467235668623416
- described: 0.07419422725816675
- procedure: 0.07290420531733201
- hyperintense: 0.07273978723184053
- limits: 0.07225641525046664
- an: 0.06993614372452082
- process: 0.06858433547543132
- to: 0.06858284008247126
- headaches: 0.06821006268967757
- sinus: 0.066077180185174
- nerve: 0.06523603654652864
- girl: 0.06414711896016523
- because: 0.06390962390810281
- was: 0.0637386308625194
- less: 0.06221120221718593
- possible: 0.061958746246813
- no: 0.05947342518648415
- examination: 0.05851576439808478
- and: 0.05668766239208719
- demonstrated: 0.056199332605689906
- loss: 0.055711344008047045
- wall: 0.055626749496136885
- abnormal: 0.05493863429534077
- she: 0.05443473535104717
- presented: 0.053325255895685056
- been: 0.053276604499295034
- cyst: 0.05275096321773901
- mild: 0.0518372901593813
- anterior: 0.05105726815933051
- bone: 0.04989497221953608
- physical: 0.0495833099548553
- can: 0.04798717938343018
- tumor: 0.04783078182285018
- posterior: 0.04728674241199963
- exam: 0.04603320969342867
- had: 0.04556101469317957
- but: 0.04521945075307353
- within: 0.04211651930785898
- by: 0.03883264048277681
- be: 0.03709538003761803
- history: 0.03493709480372048
- or: 0.031811915089344424
- this: 0.03142197879303769
- patient: 0.029742306947794107
- on: 0.02761781021273028
- is: 0.025042699044072886
- in: 0.022748425161875092
- with: 0.01790597735808309
