Texto: 
na
there was no evidence of shunt failure in this patient.
normal sized posterior fossa with a fourth ventricle which communicates with a large posterior fossa cyst.  the vermis is hypoplastic.  there is no torcular-lambdoid inversion ( as evaluated by mpr imaging).
dandy walker varient
dandy walker malformation
dandy walker varient
arachnoid cyst of the posterior fossa
giant cysterna magna
2 year old female with vp shunt and fever of unknown origin.
the enlarged posterior fossa cyst can cause obstruction in these patients requiring the placement of a ventriculoperitoneal shunt, as was performed in this patient. heterotopias and callosal dysgenisis occur in about 20% of cases.


Keywords by value: 
- dandy: 0.34529489782888717
- walker: 0.33247910409098813
- fossa: 0.3044832442153154
- varient: 0.27898474387414723
- shunt: 0.27582959310716104
- posterior: 0.20056531225023144
- cyst: 0.16780623177239867
- dysgenisis: 0.1550678048107778
- cysterna: 0.14817556596748974
- mpr: 0.1432854446854857
- callosal: 0.1432854446854857
- ventriculoperitoneal: 0.13150308456019363
- heterotopias: 0.13150308456019363
- communicates: 0.12771001181178154
- magna: 0.11972072443490156
- vp: 0.11771860687361745
- vermis: 0.10847803987569841
- inversion: 0.10690784561641672
- hypoplastic: 0.10069563155368193
- sized: 0.09904400790503727
- requiring: 0.09669567975040631
- in: 0.09648676908297016
- of: 0.09487789882100388
- na: 0.09194319770238701
- arachnoid: 0.08856985868749316
- fourth: 0.08694974265217478
- giant: 0.08649236028195323
- origin: 0.08346857503133308
- evaluated: 0.08285038499529546
- as: 0.07790839306370141
- the: 0.07739195452404478
- there: 0.07716397618834252
- placement: 0.07571703072600788
- malformation: 0.07478538100091699
- failure: 0.07361765314502502
- unknown: 0.073477170093169
- about: 0.07259128393373321
- ventricle: 0.07137430977847059
- occur: 0.07131260970157112
- obstruction: 0.06791834357443588
- was: 0.06758637701219294
- this: 0.06663769448565882
- enlarged: 0.06610218697050088
- cause: 0.06605691836179507
- fever: 0.06574336937246403
- cases: 0.06521895701116781
- patient: 0.06307555538561255
- no: 0.06306369124134786
- 20: 0.06255566999139689
- performed: 0.0573646850583541
- with: 0.05696075300576476
- evidence: 0.055037358731905475
- these: 0.05475600026662895
- patients: 0.054547996076734245
- is: 0.05310893177628235
- imaging: 0.05095827744226862
- can: 0.050884048710676165
- large: 0.04858417194995888
- female: 0.046789982369799955
- which: 0.04409085371655949
- by: 0.04117687255800836
- and: 0.04007317248086111
- normal: 0.039590072637977605
- year: 0.029882638492265585
- old: 0.028697677084594992
