Texto: 
labs within normal limits
preoperative embolization with surgical resection.
mr: well defined mass at the level of the carotid bifurcation on the left.  isointense to muscle on t1, slightly hyperintense on t2 with enhancement on post-gadolinium sequences.  the ica and eca are slightly splayed.  flow voids present on t2 image centrally.

ct:  well defined enhancing mass at the level of the left carotid bifurcation.  splays the ica and eca with partial encasement.

angiography:  highly vascular mass at carotid bifurcation with intense vascular blush. post-emoblization demonstrates residual vascularity at the posterior lateral espect of the mass.
carotid body tumor
for neck mass:
carotid body tumor
nodal metastasis
nerve sheath tumor
abscess
29 y/o woman with enlarging neck mass.
the patient underwent preoperative embolization and balloon test occlusion on the day prior to surgery.  the tumor was resected.  the patient had post-op vocal cord paralysis on the left.


Keywords by value: 
- carotid: 0.36277582590453394
- bifurcation: 0.27868724976736453
- the: 0.2406185585729076
- eca: 0.2336313923021483
- mass: 0.19740746656870078
- preoperative: 0.1873813228270281
- on: 0.18209959449436314
- tumor: 0.18021426664687062
- ica: 0.18015666696580912
- embolization: 0.15013701005025273
- espect: 0.1377485070420406
- slightly: 0.13437916053005247
- at: 0.1301370162160531
- splayed: 0.12728210159655737
- splays: 0.12391267163117425
- defined: 0.12289642816965933
- vascular: 0.1137299166282782
- body: 0.11337587198174516
- encasement: 0.10732381148273962
- blush: 0.10732381148273962
- neck: 0.10538224618728344
- level: 0.104060965362853
- vocal: 0.10375438082879986
- nodal: 0.09961043077482466
- paralysis: 0.09961043077482466
- t2: 0.0991116074566863
- balloon: 0.09007833348290456
- voids: 0.08826417465058879
- left: 0.08814751117791085
- vascularity: 0.08614141092192494
- sheath: 0.08565427734702671
- centrally: 0.0849518329620237
- with: 0.08433148213356255
- well: 0.08341391685104994
- intense: 0.08131032660449489
- enlarging: 0.08043726084215932
- angiography: 0.07961192803742133
- occlusion: 0.07913754877634178
- resected: 0.0788293782590723
- residual: 0.07837860355373306
- isointense: 0.07794089663911176
- highly: 0.07710180126507943
- 29: 0.07506850502512637
- test: 0.07005592509341435
- sequences: 0.06890647013900886
- hyperintense: 0.06851627190930167
- limits: 0.06806096612178825
- partial: 0.06636574881064812
- cord: 0.0638484006937247
- metastasis: 0.0631305404510967
- nerve: 0.061448214084829665
- muscle: 0.06116149981448431
- labs: 0.05967507132852541
- underwent: 0.0593357349978553
- flow: 0.057371954710096706
- patient: 0.05603073826844928
- mr: 0.05573322693478002
- abscess: 0.05530968718107175
- resection: 0.0552136115786938
- image: 0.05508645435371953
- day: 0.054866473733392825
- enhancing: 0.05395839466586357
- t1: 0.0536674447928788
- and: 0.05339618712355508
- of: 0.050568674509168146
- enhancement: 0.04957776712309859
- prior: 0.048192645477112106
- surgery: 0.04630978229416065
- woman: 0.04485935393639505
- posterior: 0.04454111599858324
- present: 0.044198630917775115
- demonstrates: 0.0432732529294697
- to: 0.04306712734279975
- had: 0.04291558980275824
- lateral: 0.04274687484942067
- surgical: 0.04186438641518362
- within: 0.039671093339512416
- normal: 0.03516831495887868
- ct: 0.03279237711274762
- are: 0.03268428909765371
- was: 0.030018876391429365
- for: 0.026106836669078214
