Texto: 
upper extremity weakness.
elevated oligoclonal bands in csf.
steroids and various other medications
• multiple supratentorial foci of elevated t2 signal both adjacent to ventricle and in the peripheral white matter.
• enhancement of right parietal lesion
• cerebral atrophy
• abnormal signal in cervical cord with enhancement
multiple sclerosis
multiple sclerosis
pml
adem
sspe
transverse myelitis
42 year old woman with long history of multiple sclerosis
the enhancing plaques in the cervical spinal cord and right occipital region indicate areas of acute (active) plaque.


Keywords by value: 
- sclerosis: 0.2983897604247315
- multiple: 0.27320583430853584
- sspe: 0.2233163796249034
- cord: 0.20702066387421728
- cervical: 0.2000267636780819
- pml: 0.19264914057711577
- elevated: 0.19039027601575645
- oligoclonal: 0.18158468849443635
- myelitis: 0.16820547238192285
- enhancement: 0.1607498723806557
- supratentorial: 0.15871309550537724
- signal: 0.15831704013440764
- adem: 0.14998180631244817
- bands: 0.14821141951739442
- plaque: 0.14656047841212722
- indicate: 0.14218616025371963
- plaques: 0.1408860486207542
- various: 0.13965151736268439
- in: 0.13895260837416168
- atrophy: 0.13211258942262294
- 42: 0.12412997270727974
- steroids: 0.12268349482681513
- occipital: 0.11949004960727494
- medications: 0.11714088169442019
- foci: 0.11413346284842303
- parietal: 0.11275783793194012
- csf: 0.11033969713698752
- of: 0.10930851260571578
- transverse: 0.10759142929198112
- matter: 0.10632495643638258
- active: 0.1036943905633611
- ventricle: 0.1027876320130029
- weakness: 0.10191326471046187
- extremity: 0.10057615793373752
- peripheral: 0.09985493674242188
- spinal: 0.09915435749028718
- cerebral: 0.09674457581509008
- areas: 0.09480656346879393
- long: 0.09259637017653068
- right: 0.09259354710543038
- white: 0.09213118407447528
- adjacent: 0.09051532851447774
- enhancing: 0.08747676186047355
- and: 0.08656531711495752
- abnormal: 0.0838944507315351
- the: 0.08359032578116894
- region: 0.08352694234842342
- t2: 0.08033932937391741
- both: 0.0778706875980384
- acute: 0.07554044922677505
- upper: 0.07462199469818853
- woman: 0.0727254961124949
- other: 0.07251781994039405
- lesion: 0.06694700800517235
- with: 0.05468691220797546
- history: 0.05335095086195606
- year: 0.04303461089086568
- old: 0.04132812325547849
- to: 0.03490997893757009
