Texto: 
see above
steriods and various other immune modulating drugs
• cervical spinal cord lesion
• hyperintense on t2 and gradient echo images
• enhances following contrast
• brain mri (not shown reveals) finding consistent with ms
multiple sclerosis cervical spinal cord
• multiple sclerosis
• transverse myelitis
• cord infarction
• adem
• metastatic disease
37 year old woman with rapid onset of visual problems, multiple neurological complaints, and bilateral leg weakness.


Keywords by value: 
- cord: 0.3423820566526528
- modulating: 0.2462218663242708
- multiple: 0.22592134932214883
- cervical: 0.2205434422246424
- sclerosis: 0.21933033253012169
- spinal: 0.2186491738442987
- steriods: 0.2165697111492365
- myelitis: 0.185458251675929
- immune: 0.17138815849448277
- adem: 0.16536539024573246
- gradient: 0.16159313788189206
- various: 0.1539755269981188
- drugs: 0.1539755269981188
- ms: 0.14950070205930818
- rapid: 0.14317969260149535
- echo: 0.1425929183009572
- enhances: 0.13571323507069816
- problems: 0.13355283798334808
- visual: 0.13136051829642298
- 37: 0.13116977153224732
- complaints: 0.12679280085057903
- neurological: 0.12647148092716096
- hyperintense: 0.12247105036093572
- infarction: 0.12086717927465133
- shown: 0.11935329345162092
- transverse: 0.11862704636920952
- reveals: 0.11711750370409246
- leg: 0.11622884549865056
- weakness: 0.11236647433725037
- above: 0.11107215866206063
- finding: 0.10120267048737008
- onset: 0.09886462435036596
- brain: 0.09598071678622473
- see: 0.09577507346918067
- and: 0.09544429286735713
- following: 0.09236373170461364
- t2: 0.08857970763681644
- metastatic: 0.08444152198537926
- consistent: 0.08348278544159436
- bilateral: 0.08274590553772775
- woman: 0.08018492603298553
- other: 0.07995594858506326
- mri: 0.0790314281972914
- contrast: 0.07480793739467638
- lesion: 0.07381374032458665
- images: 0.07121857502040442
- disease: 0.06462859455762279
- not: 0.06078130312233604
- with: 0.06029613058377599
- year: 0.04744865660049464
- on: 0.04649975418049448
- old: 0.045567135096563405
- of: 0.030130062586672054
