Texto: 
decreased breath sounds on the left.
the patient was hemodynamically stable and did not complain of shortness of breath.  following chest tube placement, approximately 5 liters of fluid were removed from the left chest.  this was a malignant pleural effusion.
opacification of the left lung with shift of the mediastinal contents to the right.  a left chest tube has been inserted.  the breast shadow is not seen on the patient's left.
tension hydrothorax, malignant pleural effusion
• tension hydrothorax
• tension hemothorax
• unilateral pulmonary edema
• pulmonary contusion
• pulmonary/pleural mass
54 year old woman, rule out infiltrate or effusion.
this patient has known metastatic breast cancer with a large liver lesion.


Keywords by value: 
- tension: 0.37393915955911594
- hydrothorax: 0.3369996391000313
- pleural: 0.24901975229463294
- effusion: 0.2456407552503658
- pulmonary: 0.20163443785403884
- left: 0.188068641722964
- tube: 0.17621802504466633
- the: 0.17601458495236258
- chest: 0.1746100478953195
- breath: 0.1616319031843474
- breast: 0.16014219920143505
- malignant: 0.1572013586165745
- liters: 0.15212163400738898
- inserted: 0.12998633752244412
- hemodynamically: 0.1246463865197053
- hemothorax: 0.12274354945054483
- complain: 0.12214873627012661
- infiltrate: 0.11703225484421838
- shadow: 0.1126292135315394
- contents: 0.11027309516763201
- contusion: 0.10845958771981333
- of: 0.10789166706561716
- patient: 0.10759081260561477
- opacification: 0.10602323279758169
- 54: 0.10385987032160972
- unilateral: 0.10091266717986203
- has: 0.10073149609224465
- shift: 0.09687462732968494
- removed: 0.09366987910796275
- mediastinal: 0.08903702607736742
- shortness: 0.08841342673659525
- rule: 0.08751419934191496
- stable: 0.08722351862954875
- not: 0.08705984066810746
- placement: 0.08610263055782448
- sounds: 0.08512929481765359
- did: 0.07909954320450752
- was: 0.07685674933134704
- liver: 0.0760657558055371
- this: 0.07577794235337117
- cancer: 0.07344415367695481
- out: 0.07247860703219812
- known: 0.07138869586937002
- approximately: 0.07035697271784021
- decreased: 0.0683002811410284
- lung: 0.06707535264389013
- on: 0.06660372486440405
- following: 0.06614839887136692
- edema: 0.06576434842831089
- been: 0.0642415216928584
- fluid: 0.06366446680776848
- metastatic: 0.060474727195492455
- woman: 0.057426268653413846
- were: 0.05683831856666093
- large: 0.055248138605734326
- lesion: 0.052863398295701025
- seen: 0.051911775308191126
- from: 0.04379250403795313
- with: 0.043182452924391886
- mass: 0.04211821026757535
- or: 0.038359160695583205
- right: 0.03655734368194578
- year: 0.0339814406022235
- old: 0.032633945945715594
- is: 0.030196764771463998
- to: 0.027565983545205196
- and: 0.022784871067417535
