Texto: 
neurologically intact
no laboratory abnormality
lesion resected followed by radiation.
no recurrence at 3 years.
irregularly enhancing, complex right occipital lobe mass without definite communication with the lateral ventricle
ependymoma
• pilocytic astrocytoma
• pnet
• dnet
• oligodenroglioma
• abscess
11 year old boy who had a ct scan following an altercation.  the mr was ordered as a followup.s


Keywords by value: 
- oligodenroglioma: 0.28892149048426824
- altercation: 0.24585754327899562
- neurologically: 0.24297360391343256
- irregularly: 0.21372734922165154
- dnet: 0.2094447046779137
- pnet: 0.20306865486433603
- communication: 0.19843632997340466
- definite: 0.185972340059487
- pilocytic: 0.18136153051760556
- resected: 0.17303186607683183
- ordered: 0.1661079625660525
- occipital: 0.16178418062836858
- ependymoma: 0.15970475634452583
- recurrence: 0.15610086031315318
- complex: 0.14567398112100582
- astrocytoma: 0.14272899109525009
- 11: 0.14154278280200738
- ventricle: 0.13916985454947448
- abnormality: 0.13752405009307372
- laboratory: 0.13729546715916027
- intact: 0.13684297693619313
- boy: 0.1293348552651831
- followed: 0.1276751053867105
- radiation: 0.12529195421915876
- no: 0.12296531853900632
- mr: 0.12233540936114981
- abscess: 0.12140573218291544
- enhancing: 0.11843962144240332
- years: 0.11589595994951907
- following: 0.11342263775772361
- scan: 0.11217175745557684
- lobe: 0.10926114251992394
- who: 0.10694835356373168
- without: 0.09972609455017013
- had: 0.09420047133892621
- lateral: 0.09383013906109036
- lesion: 0.090643253318879
- by: 0.08028910377538737
- as: 0.07595519847765415
- the: 0.07545170725881903
- an: 0.07229884745590363
- mass: 0.0722188078274209
- ct: 0.07197984216323422
- at: 0.07141325752795424
- was: 0.06589195949850059
- right: 0.06268375985766711
- year: 0.058266937577833945
- old: 0.05595642967570358
- with: 0.03702181609155585
