Texto: 
surgical resection
small, enhancing mass in the fourth ventricle without hydrocephalus or other abnormalities.
choroid plexus papilloma - fourth ventricle
• choroid plexus papilloma
• choroid plexus carcinoma
• epidermoid
• epdendymoma
• langerhan histiocytosis
• metastasis
• leukemia/lymphoma
9 year old boy with headaches.


Keywords by value: 
- choroid: 0.46561381906020266
- plexus: 0.4476045685464532
- papilloma: 0.30350102782652394
- fourth: 0.29679862005123264
- epdendymoma: 0.2646581178872621
- ventricle: 0.24363265494759256
- langerhan: 0.2009133035287329
- histiocytosis: 0.16598422814149233
- epidermoid: 0.1437768461570042
- hydrocephalus: 0.1350953563460583
- headaches: 0.12344356789155746
- metastasis: 0.1212935833264143
- abnormalities: 0.11987810673399736
- boy: 0.11320768519707479
- resection: 0.10608267803378561
- enhancing: 0.10367101236260327
- carcinoma: 0.09898997732249823
- without: 0.08729093402255172
- other: 0.08594277666039947
- small: 0.08536647042294337
- surgical: 0.08043462650209371
- mass: 0.0632136174356984
- or: 0.057571803121744244
- year: 0.05100144978849135
- old: 0.048979046386922444
- in: 0.04116909815303405
- the: 0.033021698232176606
- with: 0.03240544935024263
