Texto: 
not available
pending
• ct- low density changes right frontal and parietal lobes
    no evidence of hemorrhage or calcifications

• cta- dilated vessels without mass effect indicative of a large, high flow shunt lesion

• mri-  confirms avm.  also reveals diffusion and adc findings consistent with acute right mca infarct.
avm with acute right mca infarction
• vascular malformation - avm
• cerefral infarction
• brain neoplasm
46 year old woman with unremarkable medical history presents with acute onset of left-sided hemiparesis, facial palsy, and blurred vision.
it is interesting that the initial unenhanced ct scan was interpreted as acute infarction only.  due to the lack of calcification or hemorrhage, avm was not suspected prior to the cta and followup mri imaging.


Keywords by value: 
- avm: 0.4057109264171031
- infarction: 0.2700939799661694
- acute: 0.24815947270713784
- mca: 0.23738169016980207
- cta: 0.21604547224409623
- cerefral: 0.18340530001422167
- hemorrhage: 0.15356814823980586
- blurred: 0.13430270465435504
- interpreted: 0.12704464837950155
- hemiparesis: 0.12644446423343067
- unenhanced: 0.12529531285340553
- interesting: 0.12126089357671518
- adc: 0.11829271968293924
- indicative: 0.11790232536194535
- mri: 0.11773757558954752
- palsy: 0.11469301303543153
- right: 0.11406785732495356
- confirms: 0.11080896600656875
- shunt: 0.10874513751871435
- 46: 0.1053677182235111
- followup: 0.10125807088595352
- vision: 0.09932653767824531
- lack: 0.09813480065253845
- diffusion: 0.09660360118113184
- lobes: 0.09568661663891358
- infarct: 0.09543212367353827
- and: 0.09479249713172126
- facial: 0.09456594214156633
- pending: 0.09432516470314203
- suspected: 0.09396932044359714
- parietal: 0.09260576913166234
- not: 0.09054933504342899
- with: 0.08982654615126717
- of: 0.08977290686080953
- vessels: 0.08899525932655493
- malformation: 0.08845185663064044
- ct: 0.08732284496858353
- reveals: 0.08723827507454993
- calcifications: 0.083699336882706
- dilated: 0.08213900087596028
- calcification: 0.08187958210489839
- effect: 0.08044958991228957
- was: 0.07993728787172456
- or: 0.07979331152351861
- neoplasm: 0.07828938496130117
- available: 0.07781004548162117
- initial: 0.07693467164661143
- unremarkable: 0.07688434702506773
- flow: 0.07638791005405403
- density: 0.07604755674876926
- vascular: 0.07571286951747416
- frontal: 0.07381393908133595
- onset: 0.07364210319928373
- medical: 0.07288651497559821
- only: 0.07164829860563802
- brain: 0.07149394333066338
- changes: 0.06931046049307875
- the: 0.06865107164970435
- scan: 0.06804097294304745
- due: 0.06592273393264773
- low: 0.06580652161017161
- high: 0.06517909073682789
- evidence: 0.06509502925209325
- prior: 0.0641661154230237
- consistent: 0.06218450675608922
- without: 0.06049170178769063
- imaging: 0.06027052600578013
- woman: 0.05972800318364023
- it: 0.05870533424558141
- large: 0.05746257028206426
- to: 0.0573417424309811
- findings: 0.05660134448709849
- presents: 0.055169109418450324
- lesion: 0.05498224585615614
- also: 0.053944248380853876
- that: 0.04976872266380545
- as: 0.046072788032661106
- history: 0.04381607459925829
- mass: 0.0438063739111042
- no: 0.03729405735199958
- year: 0.035343469810372743
- old: 0.03394196546364974
- is: 0.031407098261788564
