Texto: 
• mild rue weakness and sensory deficit.
• central 5th (trigeminal) palsy
radiation and chemotherapy
left fronto-parietal lobe hemorrhagic mass, with complex imaging  features.  very heterogeneous enhancement following contrast administration.
glioblastoma multiforme
• infarction
• abscess
• glioblastoma
• metastasis
59 year old man with a 4 to 5 week history of right upper extremity weakness and drooling.


Keywords by value: 
- glioblastoma: 0.36250592304382023
- weakness: 0.26530156430038226
- rue: 0.2464983294737231
- drooling: 0.2310286577469329
- trigeminal: 0.201346541121988
- multiforme: 0.18940773298621222
- palsy: 0.18177106836142218
- 59: 0.1723445858012297
- deficit: 0.17195836448362734
- sensory: 0.17119968891359413
- 5th: 0.1690263784072114
- hemorrhagic: 0.15766169154420037
- features: 0.1462480225522873
- administration: 0.14474241009246555
- infarction: 0.14268602767538077
- complex: 0.14004150773489235
- metastasis: 0.13321474144915707
- heterogeneous: 0.13155195365435254
- extremity: 0.13091039771392843
- very: 0.13038546214130498
- chemotherapy: 0.12905977560481438
- week: 0.1222508506704472
- central: 0.12137566068298121
- radiation: 0.12044755035099403
- abscess: 0.11671158879382339
- and: 0.11267382175423198
- following: 0.10903716010662202
- lobe: 0.10503656876526955
- enhancement: 0.10461639298092476
- mild: 0.10303310006404168
- upper: 0.0971283374195153
- man: 0.09622462203303057
- imaging: 0.09551966255687368
- contrast: 0.0883122075777071
- with: 0.07118074078360966
- history: 0.06944184724531147
- mass: 0.06942647312266055
- left: 0.06200141182089357
- right: 0.060260097056507304
- year: 0.0560140508737569
- old: 0.05379287858370364
- to: 0.045438991912109684
- of: 0.03556911785236369
