Texto: 
no acute distress.
clinical followup and chest radiographs as needed.
cxr: perimediastinal lucency; linear lucency in base of neck
ct: pneumomediastinum
pneumomediastinum
pneumomediastinum
infant recently transferred for further care.  
down's syndrome
this case represents a common situation where the finding was unexpected.  despite the significant pneumediastinum the patient remained clinically asymptomatic and did not require assisted breathing (endotracheal tube).


Keywords by value: 
- pneumomediastinum: 0.4918327172208983
- lucency: 0.257185142813213
- perimediastinal: 0.23889910371071052
- pneumediastinum: 0.23889910371071052
- situation: 0.18793991604845534
- endotracheal: 0.1773216598331766
- unexpected: 0.17382476081198656
- assisted: 0.16470336011121392
- remained: 0.14773293804990292
- transferred: 0.14616902016310654
- breathing: 0.14616902016310654
- represents: 0.1334838293650101
- followup: 0.13189620134344046
- infant: 0.13189620134344046
- recently: 0.1303993458289344
- despite: 0.12998693034382006
- require: 0.1283993023222504
- clinically: 0.12414328226347918
- needed: 0.12333743892613948
- down: 0.12135140335884703
- distress: 0.12034127871853603
- linear: 0.12034127871853603
- cxr: 0.11950542557280838
- tube: 0.1193686741285413
- where: 0.11739873505334607
- base: 0.11363437001527395
- did: 0.10716278989169294
- care: 0.10673834231720171
- asymptomatic: 0.1016984325268084
- finding: 0.09819285197327687
- further: 0.09729694332439738
- radiographs: 0.09688911551724934
- clinical: 0.09467317761329677
- neck: 0.09138292930274687
- syndrome: 0.09005841438195793
- the: 0.08942314908360004
- significant: 0.08625159645294604
- common: 0.08471839417053986
- acute: 0.08081156270083342
- chest: 0.07885296221920647
- case: 0.07504938936537488
- and: 0.06173715427392855
- as: 0.06001324806645609
- not: 0.058973636481057544
- ct: 0.056872264309827184
- was: 0.052062144398605785
- this: 0.05133136922070354
- patient: 0.04858743459374355
- no: 0.048578295580540304
- for: 0.04527744085865995
- in: 0.037162134786765486
- of: 0.02923397931369686
