Texto: 
mild truncal ataxia
partial removal and radiation therapy
mri:
right cerebellar mass
mild deformity of fourth ventricle
no hydrocephalus
minimal enchancement
adult medulloblastoma
metastatic disease
astrocytoma
infarct
medulloblastoma
lhermitte-duclos disease
54 y.o. woman, who  presents with ischemic symptoms.


Keywords by value: 
- medulloblastoma: 0.40338599016402077
- truncal: 0.27940272932379673
- enchancement: 0.27319511055933304
- mild: 0.22019573725538266
- ataxia: 0.18858990304348752
- 54: 0.1829385008060014
- adult: 0.17915153040194814
- fourth: 0.17416002806216982
- ischemic: 0.17176973872311033
- disease: 0.1630534199983054
- infarct: 0.1616160658423341
- cerebellar: 0.15894025245061008
- deformity: 0.15874287427355943
- hydrocephalus: 0.15854663372920647
- partial: 0.1496438669848481
- removal: 0.14845948182079055
- minimal: 0.14816971292121528
- astrocytoma: 0.1466186205249479
- ventricle: 0.14296249091457808
- radiation: 0.12870639208980805
- therapy: 0.1115920600466643
- who: 0.10986289433282886
- metastatic: 0.10652002448623743
- symptoms: 0.10626625208018196
- woman: 0.10115047767542194
- mri: 0.09969538052873343
- presents: 0.09342990679675629
- mass: 0.07418690413460888
- right: 0.06439200844287415
- no: 0.06315817563850172
- and: 0.04013321161700058
- with: 0.03803072916734769
- of: 0.03800801938482207
