Texto: 
left lateral rectus muscle dysfunction - abducens palsy
none to date
• medial deviation of the left globe.
• negative mri brain
sixth cranial nerve palsy
• trauma
• aneurysm
• schwannoma
16 month old boy had an mri of brain and orbit to evaluate known an abducents (6th cranial nerve) palsy


Keywords by value: 
- palsy: 0.4934988252416406
- cranial: 0.26888229071977826
- abducents: 0.26305089765188566
- nerve: 0.23468868332905357
- abducens: 0.2196803240841564
- brain: 0.20508181572010997
- sixth: 0.19022066949017205
- 6th: 0.18695279903751041
- globe: 0.17141065510404044
- rectus: 0.17023353927189186
- mri: 0.1688663029028368
- deviation: 0.16546087521490999
- dysfunction: 0.1597189334293159
- orbit: 0.1523390091945355
- date: 0.1520306069643974
- schwannoma: 0.14095902389271128
- 16: 0.128173888429074
- evaluate: 0.12790689269144512
- an: 0.12579873300635575
- aneurysm: 0.1252432771853386
- muscle: 0.11679681887968141
- boy: 0.11252019567700508
- left: 0.11222036661373691
- medial: 0.10706871469097493
- known: 0.1064939049533086
- negative: 0.10183292264994412
- month: 0.10005948619987204
- trauma: 0.09552790725645113
- none: 0.08989123366925858
- to: 0.08224297126758695
- had: 0.0819535881970052
- lateral: 0.08163140234631427
- of: 0.06437884764705251
- old: 0.04868160561657722
- and: 0.033989273291488216
- the: 0.032821163512029246
