Texto: 
non-contributory.
multiple irregular peripherally calcified lesions with central lucency located centrally within the metaphysis of the femur and tibia and also in the foot.
multifocal bone infarcts (osteonecrosis)
multifocal bone infarcts 
enchondromatosis
infection
multifocal bone pain.
the serpentine contour of the peripheral calcification is characteristic for bone infarct.


Keywords by value: 
- multifocal: 0.4843226347001888
- bone: 0.3628678336599568
- infarcts: 0.32536265939272613
- enchondromatosis: 0.20716008731884988
- serpentine: 0.1947017142633293
- osteonecrosis: 0.1816434915774956
- peripherally: 0.1764647586576663
- the: 0.1658750577735622
- centrally: 0.1639769301068802
- metaphysis: 0.15275400014416465
- contour: 0.14962310701052936
- lucency: 0.14311931818491747
- tibia: 0.14205933918763375
- infarct: 0.1383501406233626
- femur: 0.1364004272015627
- characteristic: 0.13441241521679126
- calcified: 0.13393589980589773
- located: 0.1315182484070217
- foot: 0.13137360190625075
- irregular: 0.12836051466914633
- peripheral: 0.11889014605220746
- calcification: 0.11870270997161025
- central: 0.11102705636799846
- infection: 0.10043101513646577
- lesions: 0.09548534127135704
- multiple: 0.08132167172426275
- also: 0.07820421533155246
- within: 0.07657449960738062
- and: 0.06871142967056164
- of: 0.065072922042732
- pain: 0.05949415672771225
- for: 0.05039230800012154
- is: 0.04553159139530978
- in: 0.041360238268823
- with: 0.03255590154907326
