Texto: 
contrast enhanced axial ct images of the chest at the level of the mediastinum in lung window settings are notable for a small blind-ending air-filled column branching medially from the bronchus imtermedius inferiorly toward the mediastinum.  post surgical changes are also noted about the spine.
accessory cardiac bronchus
accessory cardiac bronchus
bronchial fistual
bronchial diverticulum
21 year-old female status post malignant nerve sheath tumor resection for follow up chest ct.
see factoid.


Keywords by value: 
- bronchus: 0.41555506717621316
- accessory: 0.2802803046821173
- bronchial: 0.2667873225068364
- mediastinum: 0.23453413709900411
- imtermedius: 0.20950695512747566
- fistual: 0.20019508039093306
- cardiac: 0.19456428648197893
- settings: 0.16651931684653715
- the: 0.15684254475145967
- branching: 0.14583193510439585
- post: 0.14256898326683892
- column: 0.13904633090669852
- chest: 0.13830310587797467
- window: 0.13468180683499723
- toward: 0.13424434772451557
- medially: 0.13381506590053796
- notable: 0.13101575545300967
- sheath: 0.13027485543014306
- inferiorly: 0.12566627051846688
- diverticulum: 0.116058057361912
- 21: 0.1046825503563133
- ct: 0.09975035269437649
- enhanced: 0.09975004034394573
- are: 0.09942156232975662
- about: 0.09807567008708598
- nerve: 0.09345893111570971
- malignant: 0.09338567456586369
- factoid: 0.09149122842140617
- status: 0.09142397827407252
- spine: 0.08654231156098309
- resection: 0.08397648651039717
- see: 0.08149375325265497
- lung: 0.079692403532859
- for: 0.07941376608720128
- changes: 0.07917450332821424
- level: 0.07913514443442667
- axial: 0.07567371932055646
- follow: 0.07062355655521313
- noted: 0.06945913667372136
- tumor: 0.06852368691043917
- small: 0.06757725563479257
- up: 0.06480368254393312
- surgical: 0.06367314110670048
- contrast: 0.06365309229800344
- female: 0.0632163894286567
- also: 0.06162142110416981
- images: 0.06059895095341434
- from: 0.0520299896451579
- of: 0.05127454977553063
- at: 0.049482587147893914
- in: 0.0325900163888435
