Texto: 
fractures of the base of the fifth metatarsal
twisted foot


Keywords by value: 
- twisted: 0.5201419265630151
- fifth: 0.4225623245909108
- metatarsal: 0.4225623245909108
- foot: 0.33576840467412344
- base: 0.32323903859173675
- fractures: 0.3141540255678864
- the: 0.16957928447026022
- of: 0.16631523308132828
