Texto: 
no masses felt
excisional biopsy followed by radiation therapy
right breast 10:00 periaerolar calcifications that are pleomorphic with "dot-dash" pattern.
ductal carcinoma in situ (dcis), breast calcification on mammogram
dcis
unusual vascular calcifications
screening mammogram
pathology consistent with dcis.  this patttern is very typical for high grade dcis

see factoid


Keywords by value: 
- dcis: 0.6412061423241785
- mammogram: 0.24791355474634114
- periaerolar: 0.2076299433342117
- patttern: 0.2076299433342117
- calcifications: 0.1895091207584489
- breast: 0.18856074674519718
- excisional: 0.15411228259639637
- situ: 0.14452539966332228
- pleomorphic: 0.13138561359534562
- unusual: 0.11642242670440228
- ductal: 0.11425315242455755
- felt: 0.11406582500450879
- screening: 0.10546789256034728
- pathology: 0.10192289563231254
- typical: 0.10033802215024458
- pattern: 0.09693182207906795
- grade: 0.09336064609523195
- very: 0.09313640632026658
- calcification: 0.09269444771416484
- biopsy: 0.09100773892550694
- factoid: 0.09067154148250384
- masses: 0.08838727083835729
- followed: 0.08767410064813506
- radiation: 0.08603759809980507
- vascular: 0.08571321988167593
- see: 0.08076363555398713
- carcinoma: 0.07765975042141124
- therapy: 0.07459701618179775
- high: 0.07378811253117344
- consistent: 0.07039799620311699
- that: 0.05634230344325241
- by: 0.05513427965483849
- with: 0.050845533596491854
- are: 0.049265413026898984
- this: 0.044612680068771435
- right: 0.04304474434635303
- no: 0.04221995228108498
- for: 0.039351141690282594
- on: 0.03921155123093609
- is: 0.03555542850659997
- in: 0.032298036368097624
