Texto: 
double arch is present which forms a complete vascular ring about the esophogus and trachea.  the descending aorta is classically midline with this anomaly.
double aortic arch
double aortic arch
35 year old female for follow-up computed tomography of chest


Keywords by value: 
- double: 0.47202130127236547
- arch: 0.45425615716638185
- aortic: 0.275899113534667
- esophogus: 0.2727719539223094
- classically: 0.18667157901916673
- forms: 0.18601278085062037
- trachea: 0.1728934478535447
- tomography: 0.1728934478535447
- computed: 0.17204767320013448
- anomaly: 0.16336008831150178
- descending: 0.16122225911785903
- ring: 0.1503578799322122
- aorta: 0.14500235025660402
- 35: 0.14312598807709406
- midline: 0.13424833118892984
- about: 0.13363111675698233
- complete: 0.12512183296150695
- vascular: 0.11784267258201452
- is: 0.0977666391672267
- chest: 0.09422111759737274
- present: 0.09159392614065491
- female: 0.08613427478185567
- which: 0.08116552982161286
- the: 0.07123426361004047
- this: 0.06133566627887603
- year: 0.05501005268086973
- for: 0.054101849310269574
- old: 0.052828692775932676
- and: 0.03688475048534139
- with: 0.03495244710291272
- of: 0.03493157549487826
