Texto: 
lumpectomy and radiation
mammographically negative; bi-rads 1.
mass with concerning features (spiculation, shadowing, taller than wide) on sonogram.
invasive lobular carcinoma
ultrasound findings:
infiltrating ductal carcinoma
invasive lobular neoplasia
radial scar
focal fibrosis
postsurgical change
abscess
hematoma
fibroadenoma (atypical)
46 year old female has a palpable, mobile approximately 1 cm mass at the 12 o'clock position adjacent to the nipple-areola complex in the left breast.
mammographically occult lesion with suspicious mass sonographically suggestive of invasive lobular carcinoma.


Keywords by value: 
- lobular: 0.3572567729049816
- mammographically: 0.33754419129763935
- invasive: 0.3202607368961834
- carcinoma: 0.2105227733766623
- taller: 0.17336134184062377
- spiculation: 0.16502240848433483
- postsurgical: 0.1507669077539316
- sonographically: 0.14360351378248995
- neoplasia: 0.14131600953083517
- sonogram: 0.13925765907284474
- lumpectomy: 0.13567184799620904
- mass: 0.13443690379258194
- fibroadenoma: 0.12875184550692634
- occult: 0.12600559345760992
- mobile: 0.11570647851807074
- infiltrating: 0.11509251232168342
- wide: 0.11363329478124821
- shadowing: 0.11307741390951684
- concerning: 0.11253616319327286
- scar: 0.11074665761203824
- 46: 0.10778728095903391
- suspicious: 0.10483009023792395
- ductal: 0.10324048336890211
- radial: 0.10068634175836079
- fibrosis: 0.09828066246286961
- atypical: 0.09624776539947605
- suggestive: 0.09553441041355319
- features: 0.09439785936305364
- position: 0.09353178022863065
- complex: 0.09039177639083644
- change: 0.08890017286796927
- breast: 0.08519284687234169
- palpable: 0.08242010886932072
- hematoma: 0.08211360036147997
- 12: 0.08019771893581955
- radiation: 0.07774457883416784
- adjacent: 0.07604547489391493
- abscess: 0.0753331494862361
- approximately: 0.07485735593793158
- negative: 0.07263070222495849
- ultrasound: 0.07236385069351163
- the: 0.07022750869814626
- focal: 0.07017425779222076
- cm: 0.06737699371127182
- than: 0.06650417502983684
- findings: 0.0579010832136311
- female: 0.05661129185963521
- lesion: 0.05624480516209757
- has: 0.053587392733467486
- with: 0.04594461819438851
- at: 0.04431245138036004
- left: 0.040019690189567934
- year: 0.036155063189626274
- on: 0.03543201580717336
- old: 0.03472137604775333
- to: 0.029329241471177603
- in: 0.029184883005399412
- and: 0.024242305170430755
- of: 0.022958591344336747
