Texto: 
non-contributory
pending
• mass adjacent to occipital horn of right lateral ventricle.
• no enhancement after contrast
• no associated hemorrhage or mass effect
astrocytoma, low grade
• low grade glioma - astrocytoma
• metastatic disease
• multiple sclerosis or other leukoencephalopathy
64 year old man with a three month history of visual problems


Keywords by value: 
- astrocytoma: 0.32728265524496497
- grade: 0.3117522150884477
- leukoencephalopathy: 0.2611110382503615
- low: 0.2487669827378676
- horn: 0.21379204549046005
- 64: 0.20373355969976945
- problems: 0.18803218445114062
- occipital: 0.1854884414384598
- visual: 0.1849455659563755
- glioma: 0.18414552298621958
- pending: 0.1782876988883888
- mass: 0.16560029607867635
- ventricle: 0.15956071425114757
- sclerosis: 0.15440016911949098
- effect: 0.1520609299450167
- or: 0.15082047238385163
- three: 0.1455126041060702
- hemorrhage: 0.14513259456473518
- no: 0.14098192541567053
- adjacent: 0.14051000286318782
- month: 0.13186336963089193
- enhancement: 0.12476872922606841
- metastatic: 0.11888720656965432
- man: 0.11476044498598847
- associated: 0.11425376231339925
- other: 0.11257186218826042
- lateral: 0.10757792379203586
- multiple: 0.10602666197800928
- contrast: 0.10532385604833806
- after: 0.10515841983816919
- disease: 0.09099211964475143
- of: 0.08484164876418304
- history: 0.08281848369106028
- right: 0.07186804590128491
- year: 0.06680408057652398
- old: 0.06415504215983309
- to: 0.05419193987333563
- with: 0.042446170814551494
