Texto: 
seminal fluid  comment:  only motility ordered 
fluid volume. . .  <0.5    l         (1.5-5.0)     ml    
sfl sperm m/100 . . .  60%               (norm>50%)             
result comment:  50% rapid and 50% sluggish                       result comment:  period of abstinence from ejaculation - 2 days
supportive
• situs inversus totalis
• bronchiectsis
• sinusitis
kartagener syndrome
• kartagener syndrome
• incorrecly placed film marker
• mucoviscidosis-cystic fibrosis
• structural defect of bronchi- williams campbell
• postinfectious- abpa, swyer james syndrome
• aspiration/inhalation injury
19 y.o man with recurrent upper and lower respiratory infections.  bronchoscopy was just completed.
the patient presented with history of recurrent respiratory infections and a recent diagnosis of situs inversus.  a sperm motility assessment was completed that showed only partial dysfunction.  light microscopy of bronchscopy specimens was unremarkable.  electron microscopy is currently pending.


Keywords by value: 
- comment: 0.335046509384748
- sperm: 0.2392477037196497
- microscopy: 0.21957436836753744
- kartagener: 0.2080662049224399
- inversus: 0.2036910042377197
- motility: 0.2017328055524542
- situs: 0.19502347190043415
- 50: 0.1696053759724256
- completed: 0.16756089892334144
- syndrome: 0.14640920288153295
- infections: 0.14295031237461636
- recurrent: 0.12981984319820253
- sfl: 0.129460519535881
- abstinence: 0.129460519535881
- bronchiectsis: 0.129460519535881
- incorrecly: 0.129460519535881
- bronchscopy: 0.129460519535881
- respiratory: 0.12878763405156513
- norm: 0.12370643781333225
- ejaculation: 0.12370643781333225
- result: 0.121207691606976
- abpa: 0.1138697701372761
- electron: 0.1138697701372761
- swyer: 0.111682169794916
- seminal: 0.10978718418376872
- sluggish: 0.10662048449877587
- campbell: 0.10662048449877587
- totalis: 0.10526790803136107
- james: 0.10184550211885986
- only: 0.10114894128608698
- specimens: 0.09827902073867119
- fluid: 0.0934802710781115
- marker: 0.09200883444280371
- structural: 0.09102973510017096
- bronchoscopy: 0.08844235306261505
- williams: 0.0849637438620977
- was: 0.08463814418689326
- sinusitis: 0.08349942420572443
- of: 0.07921013706764102
- assessment: 0.07920966213954891
- dysfunction: 0.0786056853865589
- rapid: 0.07528217403228321
- ml: 0.07325138535920594
- ordered: 0.07112182727229689
- volume: 0.07112182727229689
- period: 0.07077708210062172
- light: 0.07011174252068393
- fibrosis: 0.06781622293828377
- supportive: 0.06763310669858716
- pending: 0.06658141736814265
- just: 0.06476053799158189
- 19: 0.06410711410955842
- placed: 0.06308078906053116
- partial: 0.06237268559137339
- currently: 0.06218554470354706
- 60: 0.06054851898224019
- film: 0.06049340702297525
- defect: 0.059382905707508135
- recent: 0.05481285557723477
- unremarkable: 0.05427044643350229
- showed: 0.05392002587215936
- injury: 0.052789440929615766
- days: 0.05124637419704609
- and: 0.05018347040335484
- presented: 0.04720685750778062
- upper: 0.043259711708822327
- man: 0.042857208504043884
- diagnosis: 0.04196515315913974
- lower: 0.04136676757242145
- that: 0.035130308078304265
- from: 0.03215086337735278
- with: 0.03170298604226568
- history: 0.03092850523514338
- patient: 0.02632975355587185
- is: 0.022169366194817307
- the: 0.016152938149872714
