Texto: 
osteochondroma
9 y/o male with bump on wrist.


Keywords by value: 
- bump: 0.6283177272362053
- osteochondroma: 0.5556774793051449
- wrist: 0.45376746621277014
- male: 0.23399092018243783
- on: 0.15872230123571243
- with: 0.10290743220617361
