Texto: 
non-contributory
radiation and chemotherapy
• enhancing mass medial aspect left temporal lobe.
• diffuse enhancement all leptomeningeal surfaces of brain with extension into spinal canal.
• abnormal signal intensity of arachnoid spaces on flair imaging.
malignant melanoma with diffuse leptomeningeal spread
• meningitis
• sarcoid
• lymphoma
• leptomeningeal carcinomatosis
• leptomeningeal melanocytosis
38 year old woman with a pigmented nevus removed as a child, shortly after birth.  now presents with 5 seizures and severe headache.


Keywords by value: 
- leptomeningeal: 0.5963228308462185
- melanocytosis: 0.21546042839417157
- diffuse: 0.1768431480373744
- nevus: 0.16856909796168115
- surfaces: 0.16115137861814519
- pigmented: 0.1585471707696121
- carcinomatosis: 0.15270432245687915
- shortly: 0.1444807964997838
- meningitis: 0.1328054368973065
- sarcoid: 0.13223059439010834
- melanoma: 0.1316688176232612
- arachnoid: 0.12878843803306586
- spaces: 0.1282989742419644
- spread: 0.1266583741137861
- birth: 0.12598728002906642
- 38: 0.12511992388623316
- flair: 0.11994775811443859
- removed: 0.11977551272238168
- child: 0.11671215023888533
- seizures: 0.11509799669416415
- with: 0.1104346560257163
- canal: 0.10852584670162907
- temporal: 0.10830902852419821
- malignant: 0.10050655295099332
- chemotherapy: 0.10011606909937977
- spinal: 0.10011606909937977
- intensity: 0.10011606909937977
- extension: 0.09980806369656034
- headache: 0.09719620467516524
- now: 0.09678651937780304
- radiation: 0.09343527227813736
- medial: 0.09177731843386883
- aspect: 0.09096149805014397
- severe: 0.08925619339880131
- enhancing: 0.08832521088012743
- brain: 0.08789616631088164
- abnormal: 0.08470815442796485
- lymphoma: 0.08397149717764149
- all: 0.08393120847477922
- lobe: 0.08148044832082603
- enhancement: 0.08115450363618502
- signal: 0.07992628932751772
- into: 0.0749507328076462
- imaging: 0.074097859631926
- woman: 0.07343087059788002
- after: 0.06839918478026076
- presents: 0.06782607016428985
- and: 0.05826995060531258
- as: 0.056642860229363184
- of: 0.055184355373672084
- mass: 0.0538564827646828
- left: 0.04809660950540291
- year: 0.04345200943929137
- on: 0.04258303400637292
- old: 0.041728970348060335
