Texto: 
non-contributory
surgical only
• spherical isointense mass inferior aspect of fourth ventricle.
• mass enhances homogeneously.
• no hydrocephalus.
choroid plexus papilloma
• metastatic disease
• lymphoma
• hemangioblastoma
• choroid plexus papilloma
60 year old woman with longstanding history of headache.  complained of vertigo.


Keywords by value: 
- choroid: 0.3638702596187121
- papilloma: 0.3557722943426136
- plexus: 0.3497962987702065
- spherical: 0.23551612814052028
- longstanding: 0.22573260741204612
- vertigo: 0.21702879959517452
- homogeneously: 0.20215998868368132
- hemangioblastoma: 0.19400917028894868
- complained: 0.18698261220622403
- isointense: 0.1755398306888201
- fourth: 0.173957773338586
- enhances: 0.17099868171658786
- hydrocephalus: 0.15836251108099123
- mass: 0.1482014994799251
- 60: 0.14509864514481133
- ventricle: 0.14279646637149257
- headache: 0.1337315633807342
- inferior: 0.13197770419940266
- aspect: 0.12515327509292662
- only: 0.12119680699992147
- lymphoma: 0.11553578284786885
- of: 0.11389164025915152
- metastatic: 0.1063963211408239
- woman: 0.10103301006743952
- surgical: 0.09428769259917541
- disease: 0.08143203177488363
- history: 0.07411715895627134
- no: 0.06308482907615927
- year: 0.059785309249174905
- old: 0.05741459207758846
- with: 0.037986563495689164
