Texto: 
left hip pain
ap and frogleg views of the hips demonstrate asymmetric sclerosis, irregularity and articular collapse of the left femoral head.
legg-calve-perthes disease
osteonecrosis
osteomyelitis
7 year old male with new limp


Keywords by value: 
- frogleg: 0.3048036730651274
- limp: 0.26151886056298407
- osteonecrosis: 0.2455437241462048
- hips: 0.23675197215205254
- irregularity: 0.2176905975929749
- collapse: 0.21077800141328776
- articular: 0.2052911408207309
- asymmetric: 0.20225891164406146
- osteomyelitis: 0.19376009433952562
- views: 0.17739486033738558
- hip: 0.1726465851011333
- femoral: 0.1670429036185329
- ap: 0.16135508152012257
- sclerosis: 0.16008401857400703
- new: 0.15548513652982213
- left: 0.15333376172228003
- head: 0.13404540543475854
- demonstrate: 0.1168409207758734
- male: 0.10006702474532227
- disease: 0.09434176305872868
- and: 0.09288337383407809
- the: 0.0896912497661622
- of: 0.08796487823859732
- pain: 0.08042356310701052
- year: 0.06926330286306479
- old: 0.06651674683583261
- with: 0.044008718616192
