Texto: 
patient holding left arm with right hand.
left shoulder hanging low.
left arm neurovascularly intact.
a call was placed to the outside acute care clinic where the patient received care.  in discussion with the provider who saw the patient, he diagnosed dislocation without viewing the imaging and successful relocated the patient's arm with resolution of pain and maintenance of sensation and blood flow.
1. anterior and lateral dislocation of the left humeral head without evident fracture.

2. prior glenoid labrum repair with 3 osseus anchors
recurrent shoulder dislocation/instability
shoulder dislocation
shoulder fracture/dislocation
recurrent shoulder dislocation/instability
22 year-old man presenting to acute care with pain in left shoulder after reaching out to catch a football.  he reports a history of 6 prior 'shoulder separations.'
the patient not only has an acute dislocation, but prior glenoid labrum repair is evidence of recurrent dislocations (instability).  the reported mechanism of injury also suggests instability.  the patient was referred to orthopedics for further care and has not received additional imaging within our system.


Keywords by value: 
- dislocation: 0.4347282986163448
- shoulder: 0.38930966579843357
- instability: 0.26974701792029054
- care: 0.2046252833962962
- recurrent: 0.17222189474476285
- arm: 0.17143332099806083
- labrum: 0.1636608591920907
- glenoid: 0.16101609811303333
- the: 0.1428589828967205
- patient: 0.1397185494557027
- received: 0.12459727161760605
- left: 0.12211394813029551
- prior: 0.12017343923320374
- acute: 0.1161912993988666
- anchors: 0.11449680531540148
- repair: 0.11077492026744801
- relocated: 0.10940781002079372
- separations: 0.10940781002079372
- hanging: 0.10299643418665727
- osseus: 0.09709741547986867
- catch: 0.09709741547986867
- viewing: 0.09429673926889086
- saw: 0.09310050056214858
- holding: 0.09200842018526088
- neurovascularly: 0.09200842018526088
- call: 0.09007367396761043
- maintenance: 0.08920774397428308
- reaching: 0.08691942489065312
- he: 0.08479247209425074
- of: 0.08406554531392559
- fracture: 0.08138039262933827
- dislocations: 0.07893712560881685
- provider: 0.07821972997288672
- orthopedics: 0.07721511341138068
- without: 0.07552787844457572
- imaging: 0.0752517258967494
- football: 0.0751431963560908
- and: 0.07397167699495218
- to: 0.07159494648253718
- with: 0.07009647871434913
- successful: 0.0695200350551203
- humeral: 0.06900767792777245
- mechanism: 0.06743675448007264
- suggests: 0.06604076078691198
- has: 0.06540548480705838
- our: 0.0634264231990065
- discussion: 0.06269711393454527
- evident: 0.06153773577328403
- sensation: 0.06135450614371662
- clinic: 0.06030798301000603
- resolution: 0.058089586150201954
- outside: 0.05747388199441317
- not: 0.0565284077674016
- 22: 0.05638736624041207
- where: 0.05626551084910886
- presenting: 0.05608491770872562
- hand: 0.055965949929701345
- placed: 0.05578958627772042
- reports: 0.05567337242228704
- additional: 0.05550104468010512
- system: 0.05461991055806796
- referred: 0.052977240138691165
- diagnosed: 0.05186185240744518
- intact: 0.05181923434709015
- reported: 0.05156652097643999
- pain: 0.05123901587435468
- was: 0.04990348744654784
- flow: 0.04768767132264566
- out: 0.047060736859701635
- injury: 0.04668776521595759
- further: 0.0466313561020603
- only: 0.044728812613339795
- head: 0.04270113379468751
- blood: 0.04157993869994007
- low: 0.04108189072343779
- evidence: 0.040637718161358194
- who: 0.04049883976828837
- anterior: 0.03997474853421199
- man: 0.037903551415063366
- in: 0.03562127815211418
- lateral: 0.03553127879623547
- but: 0.03540409108980029
- after: 0.03473215508661993
- also: 0.03367647556678761
- within: 0.03297468370642302
- an: 0.027377882323393842
- history: 0.027353629162774302
- right: 0.02373687356520861
- for: 0.021700049312245173
- is: 0.019606916566330665
