Texto: 
no significant findings.
no treatment.
well circumscribed extra-axial mass that is wedge-shaped in the left middle cranial fossa, adjacent to the temporal lobe.  it follows csf signal on all imaging sequences. no evidence of restricted diffusion.
arachnoid cyst
• arachnoid cyst
• epidermoid cyst
• dermoid cyst
23 year old man with history of sporadic severe headaches. history of brain lesion on outside ct scan.


Keywords by value: 
- cyst: 0.41317146223727946
- arachnoid: 0.3271142344137897
- sporadic: 0.20351541881725996
- follows: 0.1752047796532519
- no: 0.174684407755249
- epidermoid: 0.15556391616633544
- restricted: 0.1539051944515891
- dermoid: 0.15125094408301382
- diffusion: 0.15082959643386276
- 23: 0.14764814888066838
- cranial: 0.14635162535705207
- outside: 0.1437415412361993
- sequences: 0.14324459267420592
- csf: 0.14148693655995653
- fossa: 0.14056814135092488
- circumscribed: 0.1386651388037364
- temporal: 0.13754893485352335
- history: 0.1368222461340902
- headaches: 0.1335636812187793
- middle: 0.12804248576587351
- adjacent: 0.11606644639718273
- severe: 0.11335245545427705
- brain: 0.11162526539575396
- on: 0.10815812957087581
- all: 0.10658989821975559
- scan: 0.10623405716237071
- of: 0.10512349809135765
- lobe: 0.10347751273028177
- significant: 0.10338505337462642
- evidence: 0.1016344822749876
- signal: 0.10150378148150763
- man: 0.09479636157613894
- imaging: 0.09410186580170654
- it: 0.09165809311988139
- findings: 0.08837308177151625
- well: 0.0867015283077494
- lesion: 0.08584514295654636
- treatment: 0.0852955761892334
- that: 0.07770514000131051
- the: 0.0714577462611854
- mass: 0.06839597714223977
- ct: 0.06816966088755234
- left: 0.06108112590129974
- year: 0.055182635252650686
- old: 0.05299443178578218
- is: 0.049036680807604024
- to: 0.04476454171445853
- in: 0.04454421073285052
- with: 0.0350621031188059
