Texto: 
• stiff neck
• photophobia
• no fever

at ct scan at his local hospital revealed an intracranial hemorrhage
pending
• ct right frontal lobe hematoma with edema
• cta enhancing vascular stuctures in right frontal lobe
• angiography  right frontal dural av fistula  with venous varix supplied by both ophthalmic arteries, middle meningeal arteries, and ethmoidal arteries.  venous drainage is into the convexity veins.
dural  fistula (avf)
• aneurysm
• avm
• tumor
• dural a-v fistulae
57 year old previously healthy man (school teacher) who had headache, nausea, and dizziness after arriving home.


Keywords by value: 
- dural: 0.32113547624963834
- arteries: 0.2872158590765273
- frontal: 0.23291683355283127
- fistula: 0.21790307624968328
- stuctures: 0.17825165022594522
- teacher: 0.17825165022594522
- venous: 0.1722450911382056
- arriving: 0.16359401950497615
- fistulae: 0.1611033215835746
- varix: 0.1588753163714121
- ethmoidal: 0.15685984049745358
- stiff: 0.15501985518379086
- avf: 0.1503011520502268
- ophthalmic: 0.14318594487551373
- supplied: 0.14126221097257516
- lobe: 0.13941964244551228
- school: 0.13636042019181757
- meningeal: 0.13564352132925772
- av: 0.13427875806303802
- convexity: 0.13238377534216592
- photophobia: 0.1317880601416365
- right: 0.11997880286995903
- dizziness: 0.11772614462119685
- 57: 0.11387068343357559
- cta: 0.1136204261796507
- angiography: 0.11149216875221185
- veins: 0.10704515874987944
- avm: 0.10668367146609302
- home: 0.10668367146609302
- local: 0.10383756196591806
- healthy: 0.1023264556163154
- pending: 0.09921305271260653
- intracranial: 0.09706070586792165
- previously: 0.09683453803124281
- drainage: 0.09661076354991169
- nausea: 0.09266275739553652
- ct: 0.09184787588920326
- aneurysm: 0.09184758828396855
- at: 0.09112490132163041
- hospital: 0.08910175558788415
- middle: 0.08625853633457385
- hematoma: 0.08442992315947632
- headache: 0.08315528683344749
- fever: 0.08178684239546248
- hemorrhage: 0.0807629906305677
- vascular: 0.07963627668290352
- revealed: 0.07909466057416102
- enhancing: 0.07556579261410597
- neck: 0.07379104780553122
- his: 0.07315753725776021
- edema: 0.07194475857435206
- scan: 0.07156682584611204
- who: 0.06823423620740882
- both: 0.06726769606694892
- into: 0.0641233853299767
- man: 0.06386157961938094
- tumor: 0.063095066040558
- had: 0.06010094590525136
- after: 0.05851827083768679
- by: 0.05122533904765783
- and: 0.04985230104971017
- with: 0.047240658875839676
- an: 0.04612746686081301
- no: 0.039226618788057666
- year: 0.03717495266908474
- old: 0.0357008229915381
- is: 0.033034600100656335
- in: 0.030008152348902414
- the: 0.0240695131986419
