Texto: 
responds to pain only.
the hematoma was evacuated and the nidus of the avm was resected.
multiple large vessels surrounding hematoma on cta.
arteriovenous malformation, ruptured
hypertensive hemorrhage
hemorrhagic tumor
arteritis
avm
previously healthy 57 year old man, found next to his truck unconscious.


Keywords by value: 
- avm: 0.33126180544206574
- hematoma: 0.26216203843370844
- responds: 0.24666063427569793
- truck: 0.24666063427569793
- unconscious: 0.23561397482726062
- evacuated: 0.21657805815466108
- arteritis: 0.21657805815466108
- nidus: 0.21405136406315103
- hypertensive: 0.19448473925778648
- arteriovenous: 0.17964569700013305
- ruptured: 0.1775801845201498
- 57: 0.17678904214089097
- cta: 0.17640050719162986
- next: 0.174890778214341
- resected: 0.17139483823218302
- hemorrhagic: 0.16245124351320514
- healthy: 0.15886614121037906
- previously: 0.15033970736361937
- vessels: 0.1453287469511772
- malformation: 0.14444137347213187
- was: 0.13053713162906488
- hemorrhage: 0.12538795169645783
- surrounding: 0.12490156028119205
- found: 0.12117801288816843
- only: 0.11700125980119698
- his: 0.11358016433378541
- the: 0.11210680540969029
- man: 0.09914779774813975
- tumor: 0.09795775306497827
- large: 0.09383604698587064
- to: 0.09363873579954907
- multiple: 0.09160220700598999
- pain: 0.06701529794784991
- year: 0.05771568305229485
- on: 0.05656145540405172
- old: 0.05542703450969649
- and: 0.038698900741377815
- of: 0.036649660226208455
