Texto: 
combined extraperitoneal and intraperitoneal bladder rupture
bladder rupture
injured in motor vehicle accident


Keywords by value: 
- rupture: 0.4566986025919084
- bladder: 0.43837137467808335
- extraperitoneal: 0.4063366732207921
- intraperitoneal: 0.29979079148191234
- injured: 0.2975396929522451
- combined: 0.280099264984079
- vehicle: 0.2453923013476389
- accident: 0.24134043565648783
- motor: 0.22467979765608267
- in: 0.07026569305288452
- and: 0.05836591408246184
