Texto: 
non contributory.
none
punctate extraluminal accumulations of contrast in the  isthmic portion of the fallopian tubes bilaterally.
salpingitis isthmica nodosa
salpingitis isthmica nodosa
tubal diverticulosis
tubal tuberculosis
endometriosis
33 y/o female with hsg for infertility work-up. prior history of pelvic inflammatory disease at age 22 years. currently asymptomatic.
see factoid


Keywords by value: 
- isthmica: 0.399779658100888
- salpingitis: 0.37323877272314926
- nodosa: 0.3476757978154446
- tubal: 0.3211349124377058
- isthmic: 0.2067117746377388
- accumulations: 0.199889829050444
- hsg: 0.18661938636157463
- extraluminal: 0.17018244849656639
- endometriosis: 0.1605674562188529
- diverticulosis: 0.15946430435166614
- tubes: 0.1465038463219211
- infertility: 0.14528750336275525
- fallopian: 0.14249445667233654
- punctate: 0.14096402317770582
- tuberculosis: 0.11903877965288825
- 33: 0.11903877965288825
- 22: 0.10653656754932221
- pelvic: 0.105740356443079
- currently: 0.10391119920437383
- portion: 0.09672956216788961
- factoid: 0.09446942529179224
- contributory: 0.09246991375420957
- asymptomatic: 0.09208947529386399
- inflammatory: 0.09146866788289451
- bilaterally: 0.09021558829555222
- age: 0.08492407620288815
- see: 0.0841465151084165
- years: 0.08291892553355718
- of: 0.07941543686153721
- prior: 0.075684008553243
- none: 0.07392440066654439
- contrast: 0.06572510994978475
- female: 0.06527419165081469
- non: 0.06418303983657822
- disease: 0.056781694979630634
- the: 0.05398267979573116
- history: 0.051681111485048815
- at: 0.05109333048061742
- for: 0.0409994103913433
- in: 0.03365087748437969
- with: 0.026487629188712777
