Texto: 
normal neurological examination.
none.
thin walled non enhancing cyst following csf signal on all sequences adjacent to the right lateral ventricle but not communicating with it.  no septations the adjacent and overlying brain shows normal development and there is no gliosis.
porencephalic cyst
porencephaly (cyst)
ependymal cyst
cystic neoplasm
ex vacuo ventricular dilatation
schizencephaly
choroidal or sylvian fissure cyst
26 y/o woman with a complaint of headache.
see factoid.


Keywords by value: 
- cyst: 0.427861272725708
- porencephalic: 0.2192038713175543
- vacuo: 0.21340107514055176
- porencephaly: 0.20865984544102362
- adjacent: 0.19230887712270672
- ependymal: 0.18855322214353654
- ex: 0.181577079536363
- gliosis: 0.18009068827226168
- choroidal: 0.18009068827226168
- schizencephaly: 0.1773508125560894
- sylvian: 0.17260958285656122
- septations: 0.1606595514600837
- walled: 0.15868355561381936
- communicating: 0.1580569043870438
- fissure: 0.1447730027943408
- complaint: 0.12847576086550538
- overlying: 0.12637900336669305
- ventricular: 0.12478093812937369
- development: 0.12263329302935697
- neurological: 0.12185231038505638
- normal: 0.12113299026341298
- dilatation: 0.12109410018868517
- 26: 0.12050305730312544
- sequences: 0.1186699844191348
- csf: 0.11721386646174312
- thin: 0.1154712685190374
- ventricle: 0.10919130725665367
- factoid: 0.10359738583737278
- headache: 0.10225970290490018
- neoplasm: 0.10126486370820724
- no: 0.09647738672983784
- examination: 0.09492387589792084
- enhancing: 0.09292656903425672
- brain: 0.09247517311472814
- see: 0.09227704059415223
- cystic: 0.08934053053824213
- following: 0.08899029268483556
- all: 0.08830365827312148
- shows: 0.08706313209710476
- signal: 0.08409010031038192
- none: 0.08106723032339562
- woman: 0.07725629860222333
- it: 0.07593350840937235
- lateral: 0.07361820975757244
- but: 0.07335468613646591
- non: 0.07038462573078828
- and: 0.06130556081995846
- the: 0.05919867184604962
- there: 0.059024286604505496
- not: 0.058561362287966254
- with: 0.058093909907986824
- or: 0.05160507277103879
- right: 0.049181065143584064
- on: 0.0448014243028729
- is: 0.04062409644069111
- to: 0.03708487258480001
- of: 0.02902960976907376
