Texto: 
right renal abscess.
renal abscess with subsequent ultrasound-guided drainage
right flank pain and fever


Keywords by value: 
- abscess: 0.46475654250487164
- renal: 0.45071519071503147
- flank: 0.3174232910501657
- drainage: 0.2898368540392356
- subsequent: 0.2739675908196311
- fever: 0.24536439037102814
- right: 0.23996138385593185
- pain: 0.1294966786890554
- and: 0.07477962895614691
- with: 0.07086210401515132
