Texto: 
mixed solid/cystic lesion in the mesial right temporal lobe with avid enhancement and without significant surrounding edema.
gangliocytoma
• juvenile pilocytic astrocytoma
• dysembryoplastic neuroepithelial tumor (dnet)
• pleomorphic xanthroastrocyoma
• ganglioglioma
13 y.o. boy with seizures.


Keywords by value: 
- xanthroastrocyoma: 0.33364340862612635
- mesial: 0.2747804659294701
- gangliocytoma: 0.2747804659294701
- dysembryoplastic: 0.25995114617772624
- neuroepithelial: 0.24594373972629063
- avid: 0.23584015849920995
- dnet: 0.23111441997454674
- ganglioglioma: 0.21896708906633605
- pleomorphic: 0.21112534762784999
- juvenile: 0.20521354106447318
- pilocytic: 0.20012568470389455
- mixed: 0.17269750235021267
- seizures: 0.17030905963013146
- temporal: 0.16026350872486175
- astrocytoma: 0.1574961183251604
- 13: 0.15734834599221711
- boy: 0.14271618899638297
- surrounding: 0.13914060113468685
- edema: 0.12443099868344884
- lobe: 0.12056559566918168
- significant: 0.12045786774844171
- enhancement: 0.12008329941445059
- without: 0.11004402586225824
- tumor: 0.10912514316537893
- lesion: 0.10002144932532032
- with: 0.08170438651635717
- right: 0.0691691910932146
- in: 0.05190015839110954
- and: 0.04311065690680335
- the: 0.04162907242278473
