Texto: 
• abnomal eeg
• csf positive for toxoplasmosis
anti fungal and steroid medications
multiple enhancing masses involving the cerebral hemispheres and cerebellum.
hydrocephalus due to 4th ventricular compression by a vermian mass.
the mass does not have restricted diffusion.
toxoplasmosis
• metastatic disease
• lymphoma
• pyogenic abscess
28 year old woman with seizures and declining mental status.  she hiv+.


Keywords by value: 
- toxoplasmosis: 0.3830522438380146
- abnomal: 0.2723843063043321
- declining: 0.22432898316912522
- vermian: 0.2188851438892386
- eeg: 0.20363268200414963
- pyogenic: 0.19358614219547574
- hemispheres: 0.16538598147414513
- steroid: 0.16416709994877604
- anti: 0.15710889718888646
- 4th: 0.15679624039431184
- cerebellum: 0.15648682362481287
- fungal: 0.15246133045923732
- mental: 0.1484406844448178
- restricted: 0.14639634201121707
- diffusion: 0.14347079878380045
- ventricular: 0.1432724030302492
- medications: 0.14287952300590803
- 28: 0.1413577439444449
- hydrocephalus: 0.13903920732532613
- seizures: 0.13903920732532613
- csf: 0.13458395623720226
- mass: 0.13011803659500634
- compression: 0.1247280705417112
- involving: 0.11930194615469396
- status: 0.11886219665888195
- cerebral: 0.11800166300547323
- does: 0.11774826586039076
- masses: 0.1159529548909342
- positive: 0.11223441845685993
- abscess: 0.1093695394471889
- enhancing: 0.10669748962049364
- and: 0.10558577875916267
- lymphoma: 0.10143817217360927
- she: 0.10138950313095842
- due: 0.0979051213380253
- metastatic: 0.09341390239881513
- woman: 0.08870501949974863
- have: 0.08508591522748575
- multiple: 0.08330891556345128
- by: 0.07232922321420161
- disease: 0.07149574145790137
- the: 0.06797140732175758
- not: 0.0672396539527768
- year: 0.05249033973358448
- for: 0.05162373624664459
- old: 0.05040889612625661
- to: 0.04258053265945242
- with: 0.03335146456949407
