Texto: 
right-sided hemiparesis and aphasia
supportive
• hyperdense middle cerebral artery (mca) on left
• extensive low attenuation region in the left mca territory
• eyes deviated to side of brain lesion
cerebral infarction, hyperdense mca sign
• cerebral infarction
• tumor
• abscess
• trauma
61 year old man with a sudden onset of right-sided hemiparesis and aphasia.


Keywords by value: 
- mca: 0.4610207247989971
- aphasia: 0.33058111743045654
- hemiparesis: 0.3274249641636583
- cerebral: 0.30861793075495486
- hyperdense: 0.2733867191821103
- infarction: 0.2331340014168354
- deviated: 0.18175530587807762
- territory: 0.17504393876997876
- 61: 0.150723596115509
- eyes: 0.1441818080593789
- sudden: 0.12840391584955715
- supportive: 0.1240554491767415
- extensive: 0.11440656662248426
- attenuation: 0.11361255278757491
- middle: 0.10618002333627595
- sign: 0.10279879873428452
- side: 0.10257851285757147
- left: 0.10130380294967044
- abscess: 0.09534724650518492
- onset: 0.09534724650518492
- brain: 0.09256594179459536
- artery: 0.0922198549359994
- region: 0.08881776882640152
- trauma: 0.08623515129131037
- low: 0.08520221945093548
- man: 0.07861046920592653
- tumor: 0.07766692862263508
- lesion: 0.07118761579729829
- and: 0.061365735076861376
- of: 0.05811620736022017
- year: 0.04576054161895458
- on: 0.044845398982813194
- old: 0.04394596035878239
- to: 0.03712127311062969
- in: 0.03693856228125997
- the: 0.029628389046757235
- with: 0.029075465890134787
