Texto: 
wrist deformity and pain.
dorsally displaced and angulated distal radial fracture (colles fracture). no articular extension. intact ulnar styloid
colles' fracture
distal radial fracture
30 year old male status post motorcycle accident.


Keywords by value: 
- colles: 0.5012694653358397
- fracture: 0.4050667203968238
- radial: 0.30584324373514543
- angulated: 0.25063473266791986
- dorsally: 0.22201347964887666
- motorcycle: 0.21810388430044605
- styloid: 0.21462964088189454
- distal: 0.2070557386142243
- ulnar: 0.16933712981560967
- articular: 0.16275504866612212
- wrist: 0.15384720055913748
- accident: 0.1522450034553388
- displaced: 0.14886484443119283
- deformity: 0.14563393091125573
- intact: 0.12896378742023362
- extension: 0.12613140210641
- status: 0.12434600215880356
- 30: 0.1215520966716228
- post: 0.09695423145956196
- male: 0.07933325041298774
- and: 0.07363804384447364
- pain: 0.0637598918056314
- no: 0.05794259068011942
- year: 0.05491202485984767
- old: 0.052734552134579143
