Texto: 
axial ct images demonstrates a double aortic arch with compression of the esophagus posteriorly.
double aortic arch
double aortic arch
35 yo male with hoarseness.
see factoid


Keywords by value: 
- double: 0.5237700208246525
- arch: 0.5040572454196822
- aortic: 0.45921979808546387
- hoarseness: 0.23195122745747065
- posteriorly: 0.17459000694155086
- esophagus: 0.1631142015670719
- 35: 0.15881720073567657
- compression: 0.14504605474706375
- factoid: 0.13832631631687548
- yo: 0.1237421900741909
- see: 0.12321105405158901
- axial: 0.11441169843513248
- demonstrates: 0.09950764327136201
- images: 0.09162003617924515
- male: 0.08818787745896342
- with: 0.07756871945235218
- ct: 0.07540667601471333
- the: 0.03952191525455213
- of: 0.03876119991846109
