Texto: 
alk phos 169
ast  334
alt 249
wbc 11.5

ttp right upper quadrent with positive murphy's sign (in er)
after an interval of antibiotics and "cooling down,"  the patient underwent uncomplicated cholecystectomy.
abdominal ultrasound show a grossly thickened gallbladder wall but with a non-distended or even contracted appearance to the gallbladder.  there are multiple gallstones.

ct shows a grosly thickened low density gallbladder wall with enhancing mucosa.  the cbd appears prominent.
cholecystitis
acute calculous cholecystitis on chronic cholecystitis.
chronic cholecystitis
thickened gallbladder wall from other etiology (such as decreased oncotic pressure, cholesterolosis, hiv, etc.) with serendipitous cholelithiasis.
cholelithiasis and contracted gallbladder without inflammation
38 year old female with acute right upper quadrent pain.
pathology specimen showed a gallbladder wall of only 3 mm thickness with findings consistent with cholecystitis.


Keywords by value: 
- gallbladder: 0.4388438640154971
- cholecystitis: 0.39447428008111535
- quadrent: 0.2501667547102592
- contracted: 0.21863818393017348
- thickened: 0.2071340442694656
- wall: 0.19916962922310308
- cholelithiasis: 0.1641936065858732
- 334: 0.13090150604880257
- cooling: 0.13090150604880257
- grosly: 0.13090150604880257
- cholesterolosis: 0.13090150604880257
- oncotic: 0.1250833773551296
- serendipitous: 0.1250833773551296
- 169: 0.11775340207571919
- calculous: 0.11513722065875973
- 249: 0.1129252707880623
- with: 0.11219551890561444
- cbd: 0.10931909196508674
- chronic: 0.09717175175058834
- murphy: 0.08942677857234702
- gallstones: 0.08865095336527187
- acute: 0.0885591875347172
- upper: 0.08748244536980067
- specimen: 0.0872148287016496
- alk: 0.08560085164247752
- phos: 0.08471298470989606
- ttp: 0.0833453531163762
- uncomplicated: 0.08308680069895272
- hiv: 0.08094824879361714
- etc: 0.08051338912272403
- cholecystectomy: 0.07948062187597715
- mucosa: 0.07889485601622308
- alt: 0.07870479666890202
- ast: 0.07851722182871933
- grossly: 0.07851722182871933
- thickness: 0.0759632933117523
- interval: 0.0740667247285662
- 38: 0.07263710914690708
- even: 0.06885335497609896
- down: 0.06649284662048995
- etiology: 0.06593936259874228
- inflammation: 0.06578506787616441
- prominent: 0.06446635032883725
- pathology: 0.06425788267759096
- pressure: 0.0623245681820274
- er: 0.061222466526584786
- antibiotics: 0.06030336671581661
- appears: 0.05994138392917981
- mm: 0.058578395361405605
- wbc: 0.05785398812416389
- sign: 0.056668123125071745
- underwent: 0.0563863612065239
- showed: 0.054520193632467386
- density: 0.05427727393359822
- right: 0.054275619132193455
- positive: 0.053937227903650437
- such: 0.05265231892963107
- show: 0.051962461465129055
- enhancing: 0.051276309830214924
- only: 0.05113740002380018
- decreased: 0.05070171506556906
- ultrasound: 0.050488734963575
- appearance: 0.0493462800481696
- the: 0.04899819509094729
- shows: 0.04804090135464217
- low: 0.04696795995500987
- abdominal: 0.04476782991277465
- consistent: 0.044382826377660944
- without: 0.043174623998596166
- other: 0.042507817212145416
- but: 0.040476665101506104
- findings: 0.040397966891762414
- multiple: 0.040036309956726975
- after: 0.039708456464222046
- female: 0.03949807097403388
- and: 0.033828031784542016
- as: 0.03288344088679514
- there: 0.03256923868914511
- from: 0.032508725068868
- of: 0.03203672061152981
- an: 0.03130048929039481
- ct: 0.031162381670451517
- are: 0.031059666336068253
- pain: 0.029290181188615688
- or: 0.02847536208124826
- patient: 0.02662282220644253
- year: 0.025225625577938195
- on: 0.024721150659744746
- old: 0.024225332621814467
- to: 0.020463204834036717
- in: 0.02036248498222434
