Texto: 
wbc 27k
albumin 2.8 g/dl
abscess formation
pneumonia and lung abscess
maligancy
granuloma
inflammation
benign
congenital
presents with fever, shorteness of breath, and chest pain.


Keywords by value: 
- 27k: 0.38082005530730384
- shorteness: 0.38082005530730384
- maligancy: 0.3638938933570852
- abscess: 0.30581875017922355
- albumin: 0.2691875813557419
- granuloma: 0.21547570428294124
- inflammation: 0.1913826199803668
- formation: 0.1887862360596703
- pneumonia: 0.18795546134136593
- breath: 0.1745309362868756
- congenital: 0.17109790261418376
- wbc: 0.1683094383114145
- benign: 0.16357852647029014
- fever: 0.1614544914146494
- lung: 0.14485660155048144
- chest: 0.12569653450782986
- presents: 0.1145523237243407
- and: 0.09841287028679198
- pain: 0.08521130701163243
- with: 0.04662862833126563
- of: 0.0466007843737067
