Texto: 
left sided nasal mass
surgical resection
partially calcified nasal mass with deformity of nasal antral wall.
obstructive inflammatory changes noted in adjacent sinus.
no ct evidence of tumor in sella or suprasellar cistern
adamantinomatous craniopharyngioma
• foreign body reaction
• nasal polyps
• inverting papilloma
• fibro-osseous lesion
16 year old girl with a nasal mass biopsied at outside hospital.
pathology reviewed at our institution confirmed the unusual diagnosis of craniopharyngioma.


Keywords by value: 
- nasal: 0.5937035353016029
- craniopharyngioma: 0.25168566834679934
- adamantinomatous: 0.18320468203881113
- inverting: 0.17154133127583993
- antral: 0.16737850120310063
- biopsied: 0.15353899480771557
- reviewed: 0.15062025819434627
- mass: 0.14924924705568232
- polyps: 0.14046703472357513
- sella: 0.1347940773586358
- institution: 0.12880368396060393
- suprasellar: 0.12777347827245872
- cistern: 0.12646841721315724
- obstructive: 0.12112123121130251
- papilloma: 0.11942917186003293
- foreign: 0.11807239537067661
- unusual: 0.11679174089051142
- our: 0.11538313156934223
- partially: 0.11178002670614648
- reaction: 0.11080134749247957
- deformity: 0.106452995251898
- calcified: 0.10492176109190603
- outside: 0.10455447672266184
- pathology: 0.10224621453496612
- 16: 0.1014904648411928
- at: 0.09838965071546368
- hospital: 0.09620521375912401
- confirmed: 0.09603732805706959
- sinus: 0.09411346618072723
- girl: 0.09136448761781707
- inflammatory: 0.08806991244993106
- body: 0.08571744433824664
- adjacent: 0.08442421351372167
- sided: 0.08377960917345846
- resection: 0.08348812837306843
- wall: 0.07922895911685882
- changes: 0.07871407071694383
- of: 0.07646455046795947
- evidence: 0.07392671610344388
- noted: 0.0690552029535098
- tumor: 0.06812519321901357
- diagnosis: 0.06751759077024266
- in: 0.06480098382337766
- surgical: 0.06330285535314151
- lesion: 0.06244189344161179
- with: 0.05100682534576239
- ct: 0.049585131487823474
- or: 0.045309584738861826
- left: 0.04442908501827806
- no: 0.04235388203805393
- year: 0.04013865096616491
- old: 0.038546999266360155
- the: 0.0259884067050669
