Texto: 
non-contributory
none possible
cerebral hemispheres replaced by fluid filled sacs.
intact falx cerebri.
midbrain and cerebellum unremarkable.
hydranencephaly
massive hydrocephalus
lobar holoprosencephaly
26 year old female who is 27 weeks pregnant underwent mri of pelvis following ultrasound which revealed "hydrocephalus."


Keywords by value: 
- hydrocephalus: 0.31343381291180067
- sacs: 0.27004226818755456
- hydranencephaly: 0.2528505804007077
- holoprosencephaly: 0.22631527727183914
- cerebri: 0.22201308233585312
- replaced: 0.21701805023369597
- falx: 0.21587710337280602
- midbrain: 0.21370507821588042
- pregnant: 0.20149159938205982
- lobar: 0.1980189639241859
- massive: 0.19736545389269536
- hemispheres: 0.18641345765986497
- cerebellum: 0.17638284460446346
- 26: 0.1559519937767247
- 27: 0.15557595959501036
- filled: 0.15447242764529534
- intact: 0.13894991048650868
- pelvis: 0.1342710729275895
- cerebral: 0.13300461027226335
- underwent: 0.13224829284511644
- possible: 0.13007626768819083
- unremarkable: 0.12870241533627733
- revealed: 0.12587940839104578
- ultrasound: 0.11841602940800872
- following: 0.11516897480919293
- weeks: 0.11505660505826959
- fluid: 0.1108442758876572
- who: 0.10859500784822232
- none: 0.1049151488919327
- mri: 0.09854483350994517
- female: 0.09263858041591203
- which: 0.087294627840339
- by: 0.08152529294823771
- year: 0.05916405753536105
- old: 0.056817975380709575
- is: 0.05257467301735759
- and: 0.039670049264487854
- of: 0.037569383079294846
