Texto: 
non-contributory
surgical removal
• complex extra-ventricular mass in cerebellum
• cystic and solid components
• nodular enhancement
• minimal or no hydrocephalus
juvenile pilocytic astrocytoma
• juvenile pilocytic astrocytoma
• ependymoma
• hemangioblastoma
• abscess
6 y.o. girl with a two week history of headaches and a two day history of vomiting
the patient's maternal uncle was also diagnosed with a jpa as a child.


Keywords by value: 
- juvenile: 0.3436480554966437
- pilocytic: 0.3351279942185736
- astrocytoma: 0.26374105007869075
- uncle: 0.2512981262641591
- jpa: 0.24571492037405435
- two: 0.2074735861657197
- maternal: 0.1908461369007406
- hemangioblastoma: 0.1746970255218406
- cerebellum: 0.1604930106246691
- components: 0.15865508804815956
- ependymoma: 0.14755481636088028
- child: 0.1445985497933886
- hydrocephalus: 0.14259872148731412
- nodular: 0.13910942339701135
- complex: 0.13459146756091672
- solid: 0.13392135655216866
- removal: 0.13352621750690666
- history: 0.13347871330520927
- minimal: 0.13326559592425738
- headaches: 0.1302997781217382
- vomiting: 0.12925769019704703
- diagnosed: 0.12653628678989431
- girl: 0.1225384501651128
- week: 0.11749317519098915
- abscess: 0.1121694865415468
- day: 0.11127063812297416
- cystic: 0.10520616125724398
- enhancement: 0.10054500333492195
- surgical: 0.08490206630883101
- also: 0.08216629319202959
- and: 0.07219257238269398
- as: 0.07017671620779271
- with: 0.06841057711457511
- of: 0.06836972621945059
- mass: 0.0667245808496051
- was: 0.060879063379210854
- or: 0.06076941310884387
- patient: 0.056815898465853235
- no: 0.056805211726564046
- in: 0.04345568138086258
- the: 0.03485576467325907
