Texto: 
nasal mass
surgical resection followed by radiation therapy
enhancing mass involving right side of nose, right ethmoid sinuses, and extending through the nasal roof into the anterior (cribiform) fossa.
olfactory neuroblastoma
• inverting papilloma
• olfactory neuroblastoma
• neuroendocrine tumor
• meningioma
• squamous cell carcinoma
• lymphoma
38 year old woman with recurrent nosebleeds and nasal stuffiness


Keywords by value: 
- nasal: 0.416046996252612
- olfactory: 0.3827555346325946
- neuroblastoma: 0.27951985659748374
- stuffiness: 0.22478504411506423
- nosebleeds: 0.2188345023349484
- cribiform: 0.20986183837010783
- inverting: 0.20035043128113786
- neuroendocrine: 0.19780880637799475
- roof: 0.1640574360612677
- ethmoid: 0.15908177121357203
- nose: 0.15393763275180233
- sinuses: 0.14328154874746687
- papilloma: 0.13948641946371984
- squamous: 0.13689536567219904
- 38: 0.13498977822306504
- recurrent: 0.12197215992724264
- fossa: 0.11941771132698065
- mass: 0.11620970407381738
- meningioma: 0.1139849892665118
- involving: 0.10654974683655465
- side: 0.10508712725154513
- extending: 0.10313766493938417
- followed: 0.10272314554152437
- right: 0.10086653882048542
- radiation: 0.10080574133425631
- resection: 0.09750934309529341
- enhancing: 0.09529258217144528
- carcinoma: 0.09098985659714064
- lymphoma: 0.09059543379658153
- through: 0.09055196699373069
- therapy: 0.08740141151786376
- cell: 0.08701826013273246
- anterior: 0.08493356367653973
- into: 0.08086308307348318
- tumor: 0.07956631641497902
- woman: 0.07922332933759932
- surgical: 0.07393410251046384
- by: 0.06459794387901202
- and: 0.0628664681448513
- the: 0.06070593544942481
- year: 0.04687964103055096
- old: 0.04502068317978983
- with: 0.029786522525794508
- of: 0.02976873571329931
