Texto: 
there is a left-sided crescentic extra-axial region of increased density with associated mass effect and rightward midline shift.
acute subdural hematoma
acute subdural hematoma
73 year old female with mental status changes after a fall.


Keywords by value: 
- subdural: 0.4451796586040813
- hematoma: 0.3176167053639735
- crescentic: 0.28270875384093364
- rightward: 0.27773033167158984
- acute: 0.24548165885450446
- 73: 0.23326015402047853
- shift: 0.19934053962098947
- mental: 0.19774291664779778
- fall: 0.18905563908753054
- midline: 0.1706452508005006
- effect: 0.1591629654140977
- status: 0.15834040064150343
- density: 0.1504539011053676
- changes: 0.13712510453219687
- region: 0.1357175697034897
- increased: 0.12269333632947789
- associated: 0.11959000662493353
- after: 0.11006986440077468
- female: 0.10948668629618714
- there: 0.09028030816006943
- with: 0.08885725504585792
- mass: 0.08666734514534803
- year: 0.06992417822360118
- old: 0.06715141594963084
- is: 0.06213638751730407
- and: 0.04688480997523187
- of: 0.04440209728038437
