Texto: 
none provided
• mass lesion involving the intra-orbital portion of the right optic nerve
• high signal intensity on t2 weighted images
• homogeneous enhancement with gadolinium
• thickening of more proximal optic nerve, but the chiasm is unaffected
optic pathway glioma (pilocytic astrocytoma) and neurofibromatosis-1
• optic glioma
• optic meningioma
8 y.o. boy with known history
this patient was known to have neurofibromatosis type 1 (nf1 or von recklinghausen disease)


Keywords by value: 
- optic: 0.5952369270135683
- neurofibromatosis: 0.27428576286628276
- glioma: 0.23496543118186314
- nerve: 0.1973198885461734
- recklinghausen: 0.19079412542765434
- known: 0.1790743819272368
- pathway: 0.17578615895073374
- unaffected: 0.17231682674202337
- nf1: 0.16789662883658138
- von: 0.15320149208770664
- chiasm: 0.14678429439394808
- pilocytic: 0.1326596302605748
- homogeneous: 0.1221057930697837
- gadolinium: 0.11523331825649177
- provided: 0.11345857730525763
- astrocytoma: 0.10440127590521578
- meningioma: 0.10362849438415271
- weighted: 0.10315772294087105
- portion: 0.09889343533187415
- intensity: 0.0981996019449025
- involving: 0.09686880625893747
- boy: 0.0946039329857695
- thickening: 0.09408532567013984
- type: 0.09277452171248153
- proximal: 0.08639975309420714
- the: 0.08278543602039468
- enhancement: 0.0796010073587566
- t2: 0.07956574339974831
- high: 0.07859861931353261
- signal: 0.07839630408485518
- more: 0.0759395220719937
- none: 0.07557811462100575
- have: 0.06908664362313427
- but: 0.0683877918943747
- lesion: 0.06630237645535758
- images: 0.06397129790270416
- disease: 0.05805192078463037
- with: 0.054160332902616695
- of: 0.05412799144062891
- history: 0.05283723550464574
- mass: 0.05282553757074265
- was: 0.048197668818014905
- or: 0.04811085921347098
- this: 0.04752113771443053
- right: 0.04585098274329763
- patient: 0.044980880221463286
- on: 0.04176789027624711
- is: 0.037873412042341265
- to: 0.03457383137105318
- and: 0.028577260405174432
