Texto: 
• absent clavicles
• multiple wormian bones
• platyspondyly
• widened pubic symphysis
• squared iliac bones
cleidocranial dysplasia
cleidocranial dyplasia
3 y.o. boy with a questionable bone dysplasia.


Keywords by value: 
- cleidocranial: 0.5165427091516729
- bones: 0.28891343575522727
- dysplasia: 0.27500313237044477
- platyspondyly: 0.2743483647602503
- squared: 0.26529426215947843
- dyplasia: 0.26529426215947843
- wormian: 0.2525332212695922
- clavicles: 0.23071807777893413
- symphysis: 0.2179570368890479
- pubic: 0.20294699665719665
- widened: 0.1905498048986677
- questionable: 0.18280335741914422
- iliac: 0.16527264730695987
- absent: 0.14728762269056916
- boy: 0.12281123840609107
- bone: 0.09795779541744648
- multiple: 0.08781259668483145
- with: 0.03515444520291269
