Texto: 
non contributory
she was being evaluated for possible cochlear implant.  unfortunately, her inner ear anatomy is not suitable for cochlear implant.
• absence of the left otic capsule.
• small left petrous bone and mastoid process
• small iac
• high riding jugular bulb with bony dehiscence.
labyrinthine aplasia
none
29 year old woman,  deaf since birth


Keywords by value: 
- cochlear: 0.3920471827698451
- implant: 0.32676923285618337
- labyrinthine: 0.22429104021042118
- deaf: 0.20645626568885556
- suitable: 0.20248994699901499
- otic: 0.20248994699901499
- aplasia: 0.18862149116728993
- iac: 0.17818881686335694
- dehiscence: 0.17818881686335694
- riding: 0.1767976596496985
- petrous: 0.16591749335776856
- bulb: 0.16591749335776856
- small: 0.15142203226268328
- unfortunately: 0.1513920620714434
- mastoid: 0.1513920620714434
- jugular: 0.1513920620714434
- inner: 0.14361433268981205
- capsule: 0.14361433268981205
- anatomy: 0.13917298252442878
- ear: 0.1335572875498778
- birth: 0.13115084891275253
- 29: 0.12791687344501976
- evaluated: 0.12540933392827924
- absence: 0.11701575711196147
- bony: 0.11308736052295396
- process: 0.11008209892345414
- since: 0.10631918161504599
- being: 0.10227795707679245
- contributory: 0.1003337772144167
- left: 0.10013568298328945
- possible: 0.09944761855946185
- her: 0.09169612211885318
- for: 0.08897219735841295
- she: 0.08737111587138748
- high: 0.08341677304434521
- none: 0.08021110917115663
- bone: 0.08008451535732292
- woman: 0.07644042329584856
- non: 0.06964131962991164
- not: 0.05794291731632166
- was: 0.05115222170787725
- year: 0.04523288322133187
- old: 0.04343922564357742
- is: 0.040195080325119745
- and: 0.03032906768932462
- the: 0.02928674824148149
- with: 0.028740200764352984
- of: 0.028723038755540872
