Texto: 
physical examination revealed knee effusion with significant tenderness in the medial retinaculum and in the medial aspect of patella.
&#932;he patient is scheduled for arthroscopy to remove the intra-articular loose body and for surgical repair of the medial retinaculum tear.
proton density weighted images with and without fat saturation in axial, coronal and sagittal plane demonstrate  the typical injury pattern of transient patellar dislocation associated with an osteochondral loose body.
transient patellar dislocation
• medial collateral ligament tear
• patellar injury and dislocation
• patellofemoral joint syndromes
• meniscal injuries
21 year old male presents with acute knee pain after a direct blow in patella during sports activity
acquisition of fat saturated mr images,, either proton density weighted or intermediate- weighted ,  in all three planes in essential to demonstrate the oedema and the degree of injury of patella and retinaculum ligaments.


Keywords by value: 
- retinaculum: 0.35116984828792636
- patella: 0.2717685608193076
- patellar: 0.2495783813485981
- medial: 0.22473176192580613
- dislocation: 0.22461017248515167
- weighted: 0.19314619860567506
- proton: 0.18776777686923696
- loose: 0.17989110379053957
- transient: 0.16979899872481163
- injury: 0.16885449882226183
- tear: 0.14308061410421205
- 932: 0.13189751706790526
- oedema: 0.13189751706790526
- in: 0.12883060566214036
- and: 0.12484805918316559
- knee: 0.1237356223479137
- the: 0.1205574043748779
- density: 0.11446825016134014
- body: 0.11360969765527155
- acquisition: 0.1122381012799056
- fat: 0.10738349503474151
- patellofemoral: 0.1047864528671996
- arthroscopy: 0.10396836320048573
- blow: 0.10319224574661472
- of: 0.10134593404034781
- saturated: 0.09810109340978748
- essential: 0.09656102220751472
- osteochondral: 0.09388388843461848
- sports: 0.09388388843461848
- remove: 0.09308733752318223
- demonstrate: 0.08974303144069612
- saturation: 0.08963356201675837
- meniscal: 0.08932787539725397
- planes: 0.0890282423777613
- syndromes: 0.0887344278444113
- plane: 0.08708213630306395
- ligaments: 0.08708213630306395
- collateral: 0.08259934623002338
- scheduled: 0.08010152897994367
- images: 0.07985062522082957
- direct: 0.07608118154590905
- degree: 0.07546350504789322
- injuries: 0.07522332582995286
- ligament: 0.07418734140583148
- either: 0.07135464861205403
- 21: 0.06896956930895205
- coronal: 0.06873497588066262
- with: 0.06760432547452501
- repair: 0.06677282423391283
- typical: 0.066704819746284
- sagittal: 0.06636930770662121
- pattern: 0.06444037445527163
- effusion: 0.06409384847756702
- activity: 0.063369206695058
- three: 0.05793974615290876
- joint: 0.05687555443773346
- revealed: 0.05659469304615642
- mr: 0.0558481707856897
- aspect: 0.0556835230998531
- examination: 0.05523181871964351
- during: 0.054670192362603835
- tenderness: 0.05412866833702225
- for: 0.05232135848423008
- all: 0.05137981988079799
- he: 0.05111114340537361
- axial: 0.04985724757163923
- significant: 0.049834979763311874
- physical: 0.046800659875445405
- acute: 0.046691803484874346
- without: 0.045526638520379685
- associated: 0.04549319989234509
- to: 0.043155948710889416
- surgical: 0.04195072725807368
- after: 0.041871645337493886
- presents: 0.041520804139389536
- male: 0.038429678952644514
- an: 0.03300563918011549
- pain: 0.030885815964810482
- or: 0.030026608135650893
- patient: 0.028073147852415718
- year: 0.026599836449637124
- old: 0.025545050753543797
- is: 0.023637285235533795
