Texto: 
no focal deficit
negative toxocology screen.
surgical removal.  no chemotherapy or radiation.
well defined mass in the left cerebellar tonsil mass with fluid and a 1 cm enhancing nodule. no significant mass effect or edema.
rosette forming papillary glioneuronal tumor
• hemangioblastoma
• astrocytoma (pilocytic)
• ganglioglioma
• hematoma
• metastasis
19 year old man presents to er with first time syncopal episode.


Keywords by value: 
- toxocology: 0.28101262532244337
- rosette: 0.25278695147793373
- glioneuronal: 0.23830882932374392
- syncopal: 0.23143505347858398
- tonsil: 0.22335311190730203
- forming: 0.2020012139079523
- mass: 0.2013596794257542
- ganglioglioma: 0.1844259918429751
- screen: 0.1812474760110912
- hemangioblastoma: 0.17573202462921536
- no: 0.17142526902873345
- pilocytic: 0.1685567363211778
- deficit: 0.16624533164184105
- papillary: 0.16375113818219916
- episode: 0.16081517696853936
- cerebellar: 0.1437996757632279
- 19: 0.13915368563602507
- nodule: 0.13869505268730328
- removal: 0.13431729861156746
- astrocytoma: 0.13265179693162324
- er: 0.13142924452631521
- metastasis: 0.1287889015361381
- defined: 0.12535688648940094
- chemotherapy: 0.12477197757418075
- effect: 0.12326443382832131
- hematoma: 0.12298980249346121
- or: 0.12225888757117058
- first: 0.11858168441590047
- radiation: 0.11644587928989565
- enhancing: 0.11007734652696548
- negative: 0.10878631167413153
- focal: 0.10510704765101483
- edema: 0.10480255478600618
- time: 0.10415296768907309
- fluid: 0.10145616781737497
- significant: 0.10145616781737497
- cm: 0.10091730374350798
- man: 0.09302771778522634
- tumor: 0.09191113079639397
- surgical: 0.08540507179837167
- well: 0.0850839122183284
- presents: 0.0845298160586292
- with: 0.06881587815526011
- left: 0.059941517246799685
- year: 0.054153076484960996
- old: 0.05200569897818825
- to: 0.043929356403124245
- in: 0.043713136201888894
- and: 0.03631013999839374
- the: 0.03506226896384974
