Texto: 
n/a
surgery
conus medullaris seen at the level of the l5 vertebral body with a thickened filum.
tethered cord
thick filum syndromes
myelocystocele
59 year-old with long history of low back pain


Keywords by value: 
- filum: 0.5482205307993062
- myelocystocele: 0.3259462968846709
- medullaris: 0.2514457610351647
- tethered: 0.24819224965714423
- conus: 0.22909156378585707
- syndromes: 0.2192812935756443
- thick: 0.20270904774973936
- 59: 0.20225024699013763
- l5: 0.19674775884691623
- thickened: 0.17991885656848516
- vertebral: 0.16288168971243835
- cord: 0.1581081358765927
- back: 0.14225332339069782
- long: 0.14143747009182991
- body: 0.14037663886371043
- level: 0.128843362341701
- low: 0.12239062410426008
- surgery: 0.11467716139834669
- seen: 0.10041821392806603
- the: 0.08512071751193394
- with: 0.08353219996727798
- of: 0.08348231930138814
- history: 0.08149156929718557
- at: 0.08056474719375524
- pain: 0.07632529833604476
