Texto: 
mass visible in the right external auditory canal
pending
erosive soft tissue mass involving:
• jugular foramen
• external auditory canal
• middle ear cavity
• mastoid air cells
facial nerve schwannoma
• glomus jugulare paraganglioma
• glomus tympanicum  paraganglioma
• metastatic tumor
• schwannoma/neurofibroma
• cholesteatoma
• osteoma/ostechondroma
• squamous cell carcinoma
• sweat gland neoplasm
24 year old woman presents with a right ear mass and decreased hearing.


Keywords by value: 
- glomus: 0.307522875898051
- paraganglioma: 0.2959045363903299
- auditory: 0.27876598676770914
- ear: 0.24754424824824128
- schwannoma: 0.23312847050840682
- external: 0.21993011713663982
- canal: 0.2093933275459624
- tympanicum: 0.1816617926976815
- jugulare: 0.17687679898180989
- cholesteatoma: 0.17112628855617007
- sweat: 0.17112628855617007
- mass: 0.15586869596636038
- erosive: 0.1443687883276022
- jugular: 0.14030022203854212
- mastoid: 0.14030022203854212
- hearing: 0.12353948808477767
- squamous: 0.122409181466233
- foramen: 0.12091169366868604
- visible: 0.11989685945447826
- cavity: 0.11230332867665989
- facial: 0.11215924965887147
- pending: 0.11187367732472155
- gland: 0.1104949693737661
- cells: 0.10480193990379556
- middle: 0.09726602898058694
- nerve: 0.09703638028839098
- 24: 0.0964345816622091
- involving: 0.09527471753081947
- neoplasm: 0.09285455709169584
- right: 0.09019290312509888
- air: 0.08896970520558853
- decreased: 0.08425394216227027
- carcinoma: 0.08136136539827243
- cell: 0.07781004085243998
- metastatic: 0.07460048600513529
- soft: 0.07241446442551971
- tissue: 0.07135333250535279
- tumor: 0.07114665727956652
- woman: 0.07083996488578542
- presents: 0.06543292200757085
- year: 0.04191886597331292
- old: 0.04025662190993986
- in: 0.03383750687237568
- and: 0.028106988390356677
- the: 0.027141035169516926
- with: 0.026634530856499857
