Texto: 
non-contributory
none
lipid signal mass adjacent to the inferior colliculus on the left.
intracranial lipoma
• dermoid cyst
• teratoma
• lipoma
• pantopaque
twelve y.o. girl with chronic headaches.
r/o possible venous sinus thrombosis.
in a small lesion, it may be difficult to distinguish a dermoid inclusion cyst from a lipoma.  both can show t1 shortening (bright on t1w) and both may have a chemical shift artifact.  both are benign.


Keywords by value: 
- lipoma: 0.3975164146416415
- dermoid: 0.25806568786427336
- both: 0.2555535953745948
- colliculus: 0.24429091133653383
- pantopaque: 0.2197536665111415
- twelve: 0.19630958921321676
- lipid: 0.17665471252751916
- cyst: 0.1762391935048518
- shortening: 0.1745937815995027
- inclusion: 0.1668899762481297
- chemical: 0.16615626224859673
- distinguish: 0.1654421163067507
- t1w: 0.156532626935685
- may: 0.15374378302097338
- artifact: 0.1475945530903667
- bright: 0.13926483543793752
- shift: 0.13420628978283602
- teratoma: 0.1320966256552863
- difficult: 0.12677827354004068
- thrombosis: 0.12454540696036036
- intracranial: 0.1229129473452693
- headaches: 0.1139437623889838
- sinus: 0.11038081804157222
- venous: 0.10906139424928907
- girl: 0.10715668322998127
- benign: 0.10493341080544737
- inferior: 0.10392276687411389
- possible: 0.1035010434220666
- adjacent: 0.09901679460265468
- show: 0.09697334621859391
- t1: 0.09517685003696037
- on: 0.09227017482450184
- chronic: 0.09067189716850396
- signal: 0.0865933212769676
- none: 0.08348046553062609
- can: 0.08016177598691131
- small: 0.07879695141672359
- it: 0.07819392134282303
- to: 0.07637765383553771
- have: 0.07631025463560259
- lesion: 0.07323486805718385
- be: 0.06196720838632295
- the: 0.06096091681914501
- from: 0.060668408738565716
- mass: 0.05834890815185158
- are: 0.05796414742713483
- left: 0.05210857646809708
- in: 0.03800086159077137
- and: 0.03156526216851191
- with: 0.029911633987410254
