Texto: 
not available.
pending
• orbit: abnormal t2 signal and contrast enhancement of left optic nerve

• spine: enhancing lesions in mid cervical and lower thoracic spinal cord
neuromyelitis optica (devic syndrome, devic's disease)
• multiple sclerosis
• adem
• lymphoma
• lyme disease
• sarcoid
• devic disease
16 year old girl with sudden loss of vision in the left eye.  also complained of clumsiness in the hands.
devic syndrome often involves both optic nerves.  this patient has only unilateral disease at presentation


Keywords by value: 
- devic: 0.6743518702625293
- optic: 0.206341618458804
- disease: 0.2012396534173671
- neuromyelitis: 0.16858796756563232
- optica: 0.16858796756563232
- clumsiness: 0.16534915277642395
- syndrome: 0.14450911725412569
- lyme: 0.13153372413903108
- adem: 0.12872813515466502
- complained: 0.11552062270617543
- hands: 0.1136458134876903
- sarcoid: 0.11240221344498938
- nerves: 0.11192467681780535
- orbit: 0.11100098050666574
- unilateral: 0.10968738359587268
- involves: 0.10428951413074268
- vision: 0.10380275783289444
- sudden: 0.10364297982229823
- pending: 0.09857599447335438
- eye: 0.09588012222467526
- 16: 0.09339319827668632
- thoracic: 0.08956249344166724
- in: 0.0894463998200847
- cord: 0.08884205576072222
- mid: 0.08625399133437986
- cervical: 0.08584065261776104
- nerve: 0.08550230863743133
- sclerosis: 0.08536848202486479
- spinal: 0.08510335917406724
- girl: 0.0840751071629278
- presentation: 0.08250461087513936
- left: 0.08176875242135366
- available: 0.08131660980934646
- spine: 0.07917453522042377
- often: 0.07820389116539544
- enhancing: 0.07508057610806938
- only: 0.07487717948441973
- loss: 0.07301866854809136
- abnormal: 0.07200590830328663
- lymphoma: 0.07137971505452634
- of: 0.07036393945151524
- enhancement: 0.06898513828671872
- t2: 0.06895457725276397
- lesions: 0.06883277571084526
- signal: 0.06794109845981054
- both: 0.06683576257792412
- lower: 0.06124487000708776
- multiple: 0.05862257301169943
- contrast: 0.05823398875226333
- also: 0.05637528380677372
- has: 0.054745229517930656
- and: 0.0495321937829638
- the: 0.047829920260969244
- not: 0.04731500219956488
- at: 0.04526988900889153
- this: 0.04118355238894557
- patient: 0.03898207253019927
- year: 0.03693624809096587
- old: 0.035471583966903676
- with: 0.023468660629523574
