Texto: 
right upper lobe rales on auscultation.
antibiotics, oral fluids, rest.
round density right upper lobe.
pediatric pneumonia (round pneumonia)
ccam type 3
sequestration
neoplasm
fever and cough for one month.
classic symptoms of pediatric pneumonia and radiologic confirmation of complete resolution after completion of antibiotic treatment makes other diagnosis unlikely.


Keywords by value: 
- pneumonia: 0.40068009347204714
- pediatric: 0.30293467945049096
- round: 0.2772972574456557
- ccam: 0.2054304649357241
- completion: 0.19815920500638315
- lobe: 0.19557449454504502
- fluids: 0.19452235606554
- confirmation: 0.1810112278438201
- upper: 0.18084963856038755
- sequestration: 0.178249813534919
- makes: 0.16971607434759856
- rales: 0.16644273328855685
- auscultation: 0.1583550744644172
- antibiotic: 0.1583550744644172
- radiologic: 0.1576884444968239
- unlikely: 0.14990572732589552
- rest: 0.14632744461364253
- resolution: 0.13729233374210972
- oral: 0.13552323702357214
- classic: 0.12656323101514957
- cough: 0.1263332780407761
- antibiotics: 0.12466320561147327
- complete: 0.11861229613696934
- neoplasm: 0.11551340179110134
- fever: 0.11472859979668314
- type: 0.1135145670383585
- density: 0.1122056583059682
- right: 0.11220223738838093
- month: 0.10293423813470233
- of: 0.09934271930952458
- one: 0.09688239935817783
- symptoms: 0.09258378120673125
- other: 0.08787503991585136
- diagnosis: 0.0877188321554852
- after: 0.0820880117032536
- treatment: 0.08060514192885102
- and: 0.06993159936925601
- for: 0.05128716883424802
- on: 0.0511052376589723
