Texto: 
tender along the left lower extremity
surgery
frontal and lateral views of the left tibia and fibula demonstrate posterolateral cortical thickening at the mid fibular diaphysis, smooth, with lucency present.
osteoid osteoma
1) stress fracture
2) osteoid osteoma
3) reactive cortical thickening related to soft tissue lesion (e.g., hemangioma of soft tissues)
worsening pain in left leg.
see factoid


Keywords by value: 
- osteoid: 0.38016899528317755
- osteoma: 0.36458402791833605
- cortical: 0.2475514690663336
- thickening: 0.2345806295578473
- fibular: 0.19937774428804303
- soft: 0.18357006257111078
- fibula: 0.1766673621064986
- left: 0.17643385142049509
- posterolateral: 0.17610242146856558
- diaphysis: 0.16783039082504364
- lucency: 0.1484089597186104
- reactive: 0.14796448929447686
- tibia: 0.14730980425654203
- hemangioma: 0.14502378109347402
- smooth: 0.1423440001639598
- stress: 0.1423440001639598
- views: 0.13607987386458703
- tissues: 0.13593135541270718
- worsening: 0.131655780162316
- related: 0.13101947362548813
- leg: 0.13015056733900782
- tender: 0.12603840902051947
- extremity: 0.12417472968937465
- mid: 0.1240744860016598
- factoid: 0.12040368369372452
- along: 0.11550509960158208
- frontal: 0.11096480667844812
- see: 0.10724687228433101
- the: 0.10320344624182139
- fracture: 0.09798400265726928
- surgery: 0.09269250077988489
- tissue: 0.09044005100760558
- demonstrate: 0.08962885244343367
- present: 0.0884668730419038
- lower: 0.08809941022797677
- lateral: 0.08556107444316767
- lesion: 0.08265504263974376
- and: 0.07125098084250907
- of: 0.06747799520491167
- at: 0.06511974835292748
- pain: 0.0616930406130612
- to: 0.043101041907869564
- in: 0.042888898668864354
- with: 0.03375915664548374
