Texto: 
-deformity of the right shoulder with pain on palpation and reduced rom
patient was successfully reduced in the er.
-radiographs reveal dislocation of the right humerous medially, anteriorly, and inferiorly relative to the glenoid.
anterior shoulder dislocation
anterior shoulder dislocation
15 year old male with right shoulder pain and reduced range of motion after a fall while skateboarding.


Keywords by value: 
- shoulder: 0.45493637914361035
- reduced: 0.4213358702022124
- dislocation: 0.38100849168136275
- humerous: 0.2106278129277743
- skateboarding: 0.2106278129277743
- glenoid: 0.16463904240728366
- anterior: 0.16349680302212968
- successfully: 0.15790498565547476
- medially: 0.1495524269818136
- right: 0.1456257919295231
- inferiorly: 0.14044529006740414
- rom: 0.13851937534137357
- anteriorly: 0.13273021626749767
- relative: 0.12970710011210107
- reveal: 0.12315934245390112
- fall: 0.12199624540015178
- the: 0.116858706273622
- range: 0.11361662629011002
- motion: 0.11349969296016288
- er: 0.10950982306435979
- pain: 0.1047838397068016
- 15: 0.09893690840046973
- palpation: 0.09873921688505491
- while: 0.09462373070200622
- and: 0.0907632929261055
- of: 0.08595706294046952
- after: 0.07102729256534518
- male: 0.06518865041392567
- with: 0.05733894817672934
- was: 0.0510263413551101
- patient: 0.04762076268252672
- year: 0.04512156975133063
- on: 0.04421920560029169
- old: 0.04333232618026235
- to: 0.03660293463890468
- in: 0.03642277507041927
