Texto: 
tension pneumothorax
extreme shortness of breath


Keywords by value: 
- extreme: 0.5329750841654501
- tension: 0.5300903910459607
- pneumothorax: 0.40868207500961695
- shortness: 0.37600053448084486
- breath: 0.343690343365664
- of: 0.09176733892140883
