Texto: 
distended neck veins
distant heart sounds
hypotension
cardiology fellow performed pericardiocentesis; and, the patient dramatically improved.
enhanced chest ct demonstrates a large pericardial effusion compressing the heart and resulting in "tubularization" of the ventricles and reflux of contrast into the ivc and hepatic veins.  note compression on the descending thoracic aorta.
pericardial effusion with tamponade
cardiac tamponade
pericardial cyst
pericardial effusion
previously healthy 24 y.o. man presents to the er with acute shortness of breath.  history of a recent viral illness.


Keywords by value: 
- pericardial: 0.4756700230889007
- tamponade: 0.3001115218192114
- effusion: 0.27074529358115823
- veins: 0.21569937177941734
- tubularization: 0.19435914335880883
- fellow: 0.18572053756284496
- pericardiocentesis: 0.17483718137276175
- heart: 0.16900919311442364
- dramatically: 0.1623141376171467
- the: 0.14550248521134448
- cardiology: 0.13890773767144843
- hypotension: 0.13162662427728092
- compressing: 0.13107320554183619
- distant: 0.12709791276055837
- illness: 0.12225327589920179
- ivc: 0.11801075516794354
- viral: 0.11210466229123382
- descending: 0.10977039317976652
- improved: 0.10784968588970867
- ventricles: 0.10677523520153638
- reflux: 0.10525879445383123
- distended: 0.10384315347910265
- healthy: 0.10309551805339595
- resulting: 0.10113178738380263
- and: 0.1004539592799939
- aorta: 0.0987268450817439
- previously: 0.09756232446108963
- shortness: 0.09744929807725812
- hepatic: 0.09678344940605468
- of: 0.09513457502560776
- sounds: 0.09382952716568099
- enhanced: 0.09253789393034509
- note: 0.09148987495146436
- er: 0.09090152212598791
- thoracic: 0.09081878251371106
- cardiac: 0.0902484311937194
- breath: 0.08907535932936828
- compression: 0.08899940408533924
- 24: 0.08616394084044261
- recent: 0.0822905677594534
- neck: 0.07434564458813493
- performed: 0.07189984446219903
- cyst: 0.07010841805052385
- acute: 0.06574518638228145
- into: 0.06460532215363293
- man: 0.06434154877068284
- chest: 0.06415174418899416
- demonstrates: 0.061057303271925184
- large: 0.06089451032413639
- contrast: 0.05905083429641558
- presents: 0.05846407298811397
- with: 0.047595708955758126
- history: 0.04643298052890047
- ct: 0.04626909184857776
- patient: 0.039528872310368474
- on: 0.03670531997760765
- to: 0.030383233027406364
- in: 0.03023368681737131
