Texto: 
hematuria and righ flank pain.
medullary nephrocalcinosis is noted on ct and kub by innumerable discrete stones throughout the bilateral kidneys.  ultrasound shows hyperechoic medullary pyramids.  there is mild hydronephrosis on ct and us.
medullary sponge kidney
medullary nephrocalcinosis:
medullary sponge kidney
distal renal tubular acidosis (type i)
hyperparathyriodism
hypervitaminosis-d
nephrotoxic drugs (such as amphotericin)
prolonged immobilization
other causes of hypercalcemia
42 year old woman with hematuria and flank pain (medullary sponge kidney by history).


Keywords by value: 
- medullary: 0.5486526072012634
- sponge: 0.376570327028422
- nephrocalcinosis: 0.2510468846856147
- kidney: 0.21791342242912606
- hematuria: 0.18288420240042114
- flank: 0.181379807561131
- hyperparathyriodism: 0.16534892123968634
- righ: 0.15278538144654977
- nephrotoxic: 0.14874082501590377
- amphotericin: 0.13142183938185423
- innumerable: 0.12882808556746425
- pyramids: 0.12882808556746425
- hypercalcemia: 0.12108051039118194
- acidosis: 0.11751506616982124
- kub: 0.11687902348623645
- discrete: 0.107005649205848
- drugs: 0.10340140648971075
- immobilization: 0.10090696994603864
- prolonged: 0.10014635387479978
- stones: 0.09760232672138174
- hydronephrosis: 0.09595343080490877
- hyperechoic: 0.09518202261870055
- 42: 0.09190887437426275
- tubular: 0.08982662841058915
- kidneys: 0.08900260667058524
- by: 0.08781386266219339
- and: 0.0854601101556541
- us: 0.0822447508930927
- ct: 0.07872585041989542
- causes: 0.07812636398742892
- throughout: 0.07604069135646926
- pain: 0.07399609078060505
- type: 0.0693603999541467
- such: 0.06650805172964665
- renal: 0.06438613427381654
- ultrasound: 0.0637751093396219
- on: 0.06245330121516881
- shows: 0.06068311552818023
- distal: 0.06007426768323877
- mild: 0.05861090853266997
- is: 0.056630095383861635
- bilateral: 0.05556755141984562
- noted: 0.054819150573075986
- woman: 0.053847739915093285
- other: 0.053693971386865574
- as: 0.04153689015047286
- there: 0.041140004003011724
- history: 0.03950235171711609
- year: 0.0318638807360496
- old: 0.030600355462650133
- the: 0.020630775370807743
- with: 0.02024576512190107
- of: 0.02023367550560789
