Texto: 
right sided sensi-neural hearing loss.
surgical excision
mri 
 -isointense to slightly hypointense on t1wi relative to brain
 -hyperintense on t2wi 
 -intensely enhancing homogeneous mass
vestibular ('acoustic') schwannoma
acustic neuroma
meningoioma
aneurysm
history of right sided hearing loss. denies other symptoms.


Keywords by value: 
- hearing: 0.3186308989657342
- acustic: 0.2805203156968873
- meningoioma: 0.2805203156968873
- sided: 0.2256665423361401
- loss: 0.21373357383689312
- neuroma: 0.21295497672054323
- t1wi: 0.1916404853853849
- t2wi: 0.18764131125195319
- vestibular: 0.18092994623126146
- relative: 0.15539647774710744
- homogeneous: 0.15487527355852249
- hypointense: 0.15436275651201053
- schwannoma: 0.15032022409228601
- denies: 0.1414739109101413
- excision: 0.13830096356094473
- slightly: 0.13682937602898387
- aneurysm: 0.13356078222336412
- right: 0.11631198351477025
- enhancing: 0.10988450061056325
- brain: 0.10935073060581078
- on: 0.10595424295388152
- symptoms: 0.09597494206980546
- other: 0.09109372889484559
- mri: 0.09004042378056945
- to: 0.08770479199947387
- surgical: 0.08525544955677522
- history: 0.0670171422430497
- mass: 0.06700230493952984
- of: 0.034327148904187595
