Texto: 
cystic enlargement of acl.
acl ganglion
acl cystic neoplasm
40 year old male has left knee pain.  rule out lateral meniscus tear.
see factoid


Keywords by value: 
- acl: 0.718615263477906
- cystic: 0.26972536061324826
- ganglion: 0.25180072481561067
- meniscus: 0.23254126663825211
- tear: 0.18560094280840747
- rule: 0.17772359192017056
- enlargement: 0.171672389516835
- 40: 0.164685640592482
- knee: 0.16050705618324412
- factoid: 0.156383905967596
- neoplasm: 0.1528628815868517
- out: 0.14718935299638108
- see: 0.13929544575475264
- lateral: 0.1111292828402409
- has: 0.10228262064686455
- male: 0.0997002241022009
- pain: 0.08012876654695648
- left: 0.07638585460621192
- year: 0.06900941479054996
- old: 0.06627292640068108
- of: 0.043821219306917264
