Texto: 
pt has a 2-3 cm fungating mass on his l anterior chest.
the patients fungating skin lesion was a cutaneous squamous cell carcinoma.
dual energy subtraction cxr and chest ct show a 1.7x1.3x1.3cm pulmonary nodule in the l lung.
metastatic squamous cell ca
• metastatic ca
• primary lung ca
• granuloma (fungal, etc.)
patient is a 74 year old man who presents with a fungating cutaneous lesion


Keywords by value: 
- fungating: 0.5363170653346727
- ca: 0.337400366306606
- cutaneous: 0.27378209815386373
- squamous: 0.2372563402094132
- subtraction: 0.16940267550193613
- lung: 0.16037421240071145
- dual: 0.15153543764280542
- cell: 0.15081324213647607
- energy: 0.15066331628269328
- metastatic: 0.14459240781954247
- chest: 0.13916164335918776
- 74: 0.13108355633050517
- etc: 0.1296610474060278
- lesion: 0.12639405582417637
- granuloma: 0.11927915606187456
- fungal: 0.11799502164225877
- cxr: 0.10545305429882984
- nodule: 0.10404499607333825
- skin: 0.09806110191105169
- pt: 0.09486582432968903
- show: 0.08368182302069312
- primary: 0.08105455020527275
- pulmonary: 0.08034984260011252
- his: 0.07994513044734801
- carcinoma: 0.0788482512406957
- cm: 0.07570522717488666
- who: 0.07456504304343314
- patients: 0.07415547519564149
- anterior: 0.07360010464887225
- man: 0.0697866891726669
- presents: 0.06341181036737298
- has: 0.06021114206997243
- the: 0.05260538953600374
- mass: 0.05035139237546175
- ct: 0.050184784059931535
- was: 0.04594027521231543
- patient: 0.04287414863296968
- year: 0.040624063519698606
- on: 0.03981164279072731
- old: 0.03901316334747783
- is: 0.03609956695258773
- in: 0.032792323852624226
- and: 0.027238811337219976
- with: 0.025811835511501315
