Texto: 
retinal hemorrhages 
papilledema
supportive
enhancing mass in the hypothalamus extending into the third ventricle.
hydrocephalus with periventricular edema - "transependymal" flow of csf.
pilocytic astrocytoma
hypothalamic hamartoma
langerhans cell histocytosis
craniopharyngioma
pilomyxoid astrocytoma
pilocytic astrocytoma
4 year old girl with a one year history of headaches


Keywords by value: 
- astrocytoma: 0.39210605505699564
- pilocytic: 0.3321584200689826
- histocytosis: 0.23885893220119692
- pilomyxoid: 0.23885893220119692
- transependymal: 0.2312311619335557
- hemorrhages: 0.21192794787408198
- hypothalamus: 0.2101931041859728
- retinal: 0.2027532695131094
- hypothalamic: 0.19788662931563064
- papilledema: 0.1908898901264991
- langerhans: 0.18171521176552652
- periventricular: 0.17799404719253842
- hamartoma: 0.17030149247856688
- craniopharyngioma: 0.16728538868238108
- supportive: 0.14464951457461336
- hydrocephalus: 0.14133515209174383
- csf: 0.13680633175207121
- third: 0.13182859515829015
- headaches: 0.129145189846563
- ventricle: 0.12744279031074934
- girl: 0.12145263513259144
- extending: 0.11738843378327672
- flow: 0.1153208236170138
- enhancing: 0.10845937785041493
- year: 0.10671421813035809
- edema: 0.10326211748245352
- one: 0.0991284923025028
- cell: 0.09904177366756085
- into: 0.09203612160952095
- the: 0.06909381444639895
- with: 0.06780438997156507
- of: 0.06776390105683086
- history: 0.06614797821900638
- mass: 0.06613333334461735
- old: 0.051241294724237475
- in: 0.04307061994073321
