Texto: 
left hemiparesis
effacement of right basal ganglia
abnormal hyperintensity of most of the right mca territory
occluded right internal carotid artery
right mca infarction
dissection
thrombosis
cerebral infarction
acute onset of left hemiparesis
some discussion


Keywords by value: 
- hemiparesis: 0.4260914782070699
- mca: 0.39996339846486356
- infarction: 0.3033867974537725
- right: 0.2562565958009591
- territory: 0.2277918264790832
- occluded: 0.2196226348091551
- hyperintensity: 0.19269495556442692
- effacement: 0.19161949118488952
- ganglia: 0.18161085293311477
- dissection: 0.17550055251957256
- discussion: 0.16921509207261776
- basal: 0.16534690754196307
- carotid: 0.16276699607586256
- thrombosis: 0.15754525238126987
- of: 0.15125798831592752
- cerebral: 0.13387237251184658
- left: 0.13183077612019714
- internal: 0.13022646097437487
- onset: 0.12407926594766769
- some: 0.12157920925412334
- artery: 0.12000946357309822
- abnormal: 0.11609073754662129
- acute: 0.10453070958652844
- most: 0.10056338513973762
- the: 0.038556632717586053
