Texto: 
no palpable areas of concern
none
panorex (radiograph) demonstrates a non-aggressive lucent focus at the left mandibular angle; follow-up sialography reveals that the left submandibular gland occupies the "lesion."
stafne bone cavity
stafne bone cavity
31yo female with sjogren's syndrome; a lesion was noted at the left angle of mandible on panorex


Keywords by value: 
- panorex: 0.4382169394354041
- stafne: 0.41253711369836205
- angle: 0.25153115254817476
- cavity: 0.23676342363804959
- 31yo: 0.22930008191787468
- sialography: 0.21910846971770204
- occupies: 0.19149418138425892
- sjogren: 0.19149418138425892
- submandibular: 0.1658143556472169
- mandibular: 0.15664882911771807
- bone: 0.1564680924531335
- mandible: 0.15160484908789115
- left: 0.14673285372002612
- lucent: 0.13853746309714587
- lesion: 0.13748167013568002
- concern: 0.13147681072157014
- focus: 0.12145677330674465
- gland: 0.116475475624755
- the: 0.11444014141944239
- reveals: 0.10906851448359042
- at: 0.10831488892210467
- palpable: 0.10073156256353011
- areas: 0.09734687982252409
- radiograph: 0.09338752941350154
- syndrome: 0.0864398462548566
- none: 0.07835771490632681
- noted: 0.07602127442279089
- demonstrates: 0.07203388736947955
- female: 0.06918874490693337
- that: 0.062222695761102134
- of: 0.05611870239189695
- was: 0.04997027527519066
- no: 0.046626408316446225
- on: 0.043304023326288126
- with: 0.028076116651601882
