Texto: 
sigmoid volvulus
nausea, vomiting and abdominal pain


Keywords by value: 
- volvulus: 0.5372254712247106
- sigmoid: 0.4975111903885499
- nausea: 0.4126516751335433
- vomiting: 0.39749116115800615
- abdominal: 0.2938007599046601
- pain: 0.1922245842098517
- and: 0.11100271627798287
