Texto: 
laboratory and nuclear medicine findings consistent with paget disease of skull
none required
• thickened left frontal skull on ct scan
• thick trabecula in middle table (diploic space)
• loss of marrow fat signal on mr in frontal bone
• increased calvarial activity on nuclear bone scan
paget disease
• osteoblastic metastatic disease
• hyperostosis frontalis
• osteoma
• fibrous dysplasia
• paget disease
50 year old woman with known disease presents now with trigeminal neuralgia


Keywords by value: 
- paget: 0.41156840130827665
- disease: 0.290358201370357
- nuclear: 0.2617698489457543
- skull: 0.22449202077320662
- trabecula: 0.20443085137256187
- frontalis: 0.19459742929895782
- frontal: 0.1780830136190458
- neuralgia: 0.1758458712437717
- diploic: 0.17404858966606307
- calvarial: 0.17081015923766038
- scan: 0.16415519429085237
- hyperostosis: 0.15903552517632097
- osteoblastic: 0.15476978904377237
- trigeminal: 0.15325353266043432
- bone: 0.15096893052085444
- osteoma: 0.14627660866658762
- table: 0.14222517910887023
- thick: 0.13147647094324422
- on: 0.12534623487107505
- medicine: 0.12194432234526316
- thickened: 0.11669482235924805
- marrow: 0.11496739835141646
- fibrous: 0.10746567669221703
- dysplasia: 0.1059561635879179
- activity: 0.10156933437374141
- laboratory: 0.10046095647423052
- middle: 0.09892702815752845
- required: 0.09877106490036469
- 50: 0.0966155463377981
- now: 0.09496603575709145
- space: 0.09208739965397388
- known: 0.08956760559362414
- mr: 0.08951447916951617
- fat: 0.08605812414450867
- loss: 0.08428386316929468
- with: 0.08126809570470105
- signal: 0.07842293429914822
- metastatic: 0.07587442868741234
- none: 0.07560378753265275
- consistent: 0.07501296165305431
- increased: 0.07480952676295008
- woman: 0.07204968964378228
- in: 0.06883069104861222
- findings: 0.06827801175903475
- presents: 0.06655031140588942
- of: 0.05414637802183503
- ct: 0.052668627305808305
- left: 0.04719194746797016
- year: 0.04263470893112393
- old: 0.040944078944627704
- and: 0.028586967732291208
