Texto: 
n/a
follow-up and possible surgical excision
• multiple t2 hyperintense lesions in the basal ganglia and cerebellum.
• bilateral optic gliomas.
optic gliomas in a patient with neurofibromatosis 1.
• optic gliomas
• optic meningiomas
• optic neuritis
• demyelinating disease
• vasculitis
• low grade astrocytomas
6 year old boy for follow-up


Keywords by value: 
- optic: 0.6228170208688486
- gliomas: 0.5020283935436485
- astrocytomas: 0.17300334798478892
- meningiomas: 0.16945796440822314
- neuritis: 0.16108062338797963
- demyelinating: 0.1588074045826327
- neurofibromatosis: 0.14349734865426422
- ganglia: 0.13600221836303744
- vasculitis: 0.13429141494079236
- cerebellum: 0.13294891633380393
- basal: 0.12382270036172859
- hyperintense: 0.11510546184995177
- excision: 0.1140906343947515
- grade: 0.10405500422733659
- boy: 0.0989873729781722
- possible: 0.09804524282773217
- t2: 0.08325239416189127
- lesions: 0.08310533691955373
- low: 0.08303212675831856
- bilateral: 0.07776944547338219
- in: 0.07199548099504226
- multiple: 0.07077803605791264
- surgical: 0.07033102355252872
- disease: 0.06074173613555684
- and: 0.05980275544880075
- patient: 0.04706505350087543
- year: 0.04459502483291978
- for: 0.04385877118669594
- old: 0.042826660790541156
- the: 0.028873756702920174
- with: 0.028334916448239687
