Texto: 
well female.
this patient had an uncomplicated pregnancy with the aid of in vitro fertilization with embryo transfer (ivf-et).
there is normal uterine contour. the left fallopian fills and spills normally in the context of mild proximal irregularities. the right fallopian tube fills partially, demonstrating a nodular and beaded appearance and then terminating without evidence of spill into the peritoneal cavity.
salpingitis isthmica nodosa
salpingitis isthmica nodosa, tuberculous salpingitis
30 y/o female with multple failures to conceive, presenting via obsterics and gynecology fertility clinic.


Keywords by value: 
- salpingitis: 0.4231677329322223
- isthmica: 0.302172700077361
- nodosa: 0.2627900956154482
- fills: 0.22994327982999505
- fallopian: 0.21540833229623907
- obsterics: 0.16351017850275895
- spills: 0.15624270473588095
- multple: 0.15624270473588095
- vitro: 0.1470867706100324
- fertilization: 0.1470867706100324
- failures: 0.14381887627180254
- embryo: 0.14105591097740747
- spill: 0.14105591097740747
- conceive: 0.14105591097740747
- beaded: 0.13466294214595395
- terminating: 0.13295462195367844
- gynecology: 0.13295462195367844
- context: 0.12996037866698973
- fertility: 0.12996037866698973
- transfer: 0.1262386931105237
- irregularities: 0.12315848421197508
- tuberculous: 0.12223911368187552
- aid: 0.11272824130977012
- uncomplicated: 0.10378442558517217
- the: 0.10200676660723934
- female: 0.0986747491365169
- peritoneal: 0.0960951959896655
- uterine: 0.09548060564141281
- normally: 0.09321352962757182
- contour: 0.09201244334581127
- partially: 0.08774927393561052
- clinic: 0.08612440355819252
- and: 0.08450976130748751
- cavity: 0.08441608336591702
- demonstrating: 0.0843077821559687
- pregnancy: 0.08367136752558707
- via: 0.08356746117248331
- tube: 0.0816997339514104
- nodular: 0.0814218400792283
- presenting: 0.08009354392556761
- then: 0.07237654701898624
- 30: 0.06974885629661116
- proximal: 0.06387615894152689
- appearance: 0.061638855828864254
- with: 0.060061873597741317
- of: 0.060026008072221575
- evidence: 0.05803376375615505
- mild: 0.05795913299303435
- into: 0.05435107180971221
- without: 0.053929788051239436
- had: 0.05094164648229954
- in: 0.05086990447553689
- well: 0.04950697734156517
- normal: 0.04174547935254569
- there: 0.040682511550139605
- an: 0.03909770594379626
- this: 0.035132828937825655
- left: 0.03487760798471017
- right: 0.033898067488024486
- patient: 0.03325479242079701
- is: 0.028000173618976814
- to: 0.025560762256657554
