Texto: 
not available
surgical resection
• ct-- high density mass in sella extending into suprasellar cistern.

• mri-- enhancing mass in sella extending into suprasellar cistern
pituitary apoplexy
• meningioma
• pituitary adenoma
• pituitary apoplexy
• aneurysm
• metastatic disease
39 year old woman with history of headache for 8 days.


Keywords by value: 
- pituitary: 0.45694662866971597
- apoplexy: 0.4009396388577622
- sella: 0.3417911869494828
- suprasellar: 0.32398937442342834
- cistern: 0.3206801906874589
- extending: 0.2239163669494264
- into: 0.17555727864098497
- 39: 0.1372253122011339
- adenoma: 0.13164758659662382
- mass: 0.12614816689795283
- aneurysm: 0.12573036003865792
- meningioma: 0.12373319048054396
- headache: 0.1138314499925972
- available: 0.11203386319615871
- density: 0.10949616487765892
- resection: 0.10584851742743755
- days: 0.10453249640107888
- enhancing: 0.10344217512389957
- high: 0.09384733410269751
- metastatic: 0.09056386692240521
- woman: 0.08599865089702635
- mri: 0.08476151989759727
- in: 0.08215644785919637
- surgical: 0.08025707988221
- disease: 0.06931442374892367
- not: 0.06518818843997995
- history: 0.06308805086877212
- ct: 0.06286537687103941
- year: 0.050888872215710805
- for: 0.050048708590700826
- old: 0.04887093294735921
- with: 0.03233391948495758
- of: 0.032314611512279136
