Texto: 
sagging of the brain, thickened linear pachymeningeal enhancement, effacement of the basal cisterns, and small bilateral subdural fluid collections.
intracranial hypotension
• intracranial hypotension
• meningitis
45 female with worsening has over past 6 weeks.
no trauma or procedures. worse with cough, sneeze, going from standing to sitting positions.


Keywords by value: 
- hypotension: 0.36920327586267204
- intracranial: 0.2742945014174596
- sagging: 0.2725817547017368
- sneeze: 0.2725817547017368
- pachymeningeal: 0.2452029004764249
- positions: 0.21904381133033685
- going: 0.1948131393346969
- cisterns: 0.1862171716457269
- sitting: 0.18460163793133602
- effacement: 0.16902523626778684
- subdural: 0.1672137668013416
- procedures: 0.1672137668013416
- collections: 0.1667775532860103
- meningitis: 0.16054621626281967
- standing: 0.1585081472641074
- basal: 0.14585050790298773
- thickened: 0.1437746667951206
- worse: 0.14278843551711662
- linear: 0.13730832977871352
- 45: 0.13666915898735724
- worsening: 0.13016012391407128
- cough: 0.12725450734347574
- past: 0.11094802711051063
- brain: 0.10625616883540233
- weeks: 0.1021521918193431
- trauma: 0.09898907327587887
- fluid: 0.0984123052024497
- enhancement: 0.09810628838600656
- over: 0.09477598920959693
- bilateral: 0.09160447226954788
- small: 0.08792226925188062
- female: 0.08224850743445193
- has: 0.0778551932812207
- the: 0.06802067904973308
- from: 0.06769429619155583
- with: 0.06675128136103568
- of: 0.06671142130270377
- or: 0.05929545347614396
- no: 0.05542740363646515
- to: 0.042611398820753404
- and: 0.035220772244204966
