Texto: 
fever
cardiac mummur
loss of hearing left ear
sudden loss of vision right eye
antibiotics
mitral valve replacement contemplated
• multiple enhancing brain lesions
• enhancement of left cochlea and vestibule
• enhancement left cn vii
septic brain emboli, endocarditis (mrsa)
• mycotic emboli
• labyrinthitis, bacterial or viral
54 year old man presents with seizure and loss of hearing left ear.
blood culture on this grew mrsa
bacterial labyrinthitis explains sudden hearing loss
no mri explanation for visual loss 
mri spine also revealed epidural abscess t1-t2 level


Keywords by value: 
- labyrinthitis: 0.3285716722026809
- loss: 0.32748665243318903
- hearing: 0.29292739907216475
- mrsa: 0.2631894072413387
- emboli: 0.21093585594110884
- bacterial: 0.20121751114547223
- ear: 0.19565267192103697
- sudden: 0.18593432712540037
- mummur: 0.17192742811137637
- explains: 0.1483172498270114
- left: 0.1466922119319158
- vestibule: 0.14358085626624706
- cochlea: 0.13979891904790853
- explanation: 0.1366505367751104
- brain: 0.1340394176332779
- contemplated: 0.13273726463620397
- endocarditis: 0.127612269991918
- vii: 0.12673553122285106
- enhancement: 0.12375855355554088
- grew: 0.12219047417689644
- mycotic: 0.12152912615032374
- mitral: 0.11693770626467197
- mri: 0.11036932172412703
- cn: 0.10492161479654345
- culture: 0.1041307371547189
- septic: 0.10217089659606028
- 54: 0.1012624564152589
- viral: 0.0991662441701778
- valve: 0.09858029589253144
- epidural: 0.09764246635738824
- replacement: 0.09657539923039812
- vision: 0.09311048352967036
- visual: 0.09172408772313485
- seizure: 0.0894597897723019
- eye: 0.08600392443903214
- of: 0.08415473810988175
- cardiac: 0.07983252240198484
- antibiotics: 0.07920308221696253
- fever: 0.0728912647301393
- spine: 0.07101910788804146
- revealed: 0.0704918991098199
- abscess: 0.06903343252776033
- enhancing: 0.06734684984345587
- level: 0.0649405736795465
- blood: 0.06243608196767542
- lesions: 0.06174260841358072
- man: 0.056915650119039436
- multiple: 0.0525841146500157
- presents: 0.05171651578647825
- also: 0.05056830901180238
- and: 0.04443009617183396
- or: 0.03739984294255571
- this: 0.03694141231370122
- right: 0.03564308726544248
- no: 0.034960120366588444
- year: 0.03313160450956583
- for: 0.032584609307369936
- on: 0.03246902179489973
- old: 0.03181780911870026
- with: 0.02105125513646236
