Texto: 
pyloromyotomy
hypertrophied pyloric muscle is hypoechogenic and the mucosa is echogenic. the length of the pylorus measures 2.2 cm and the thickness measures 3 mm.
hypertrophic pyloric stenosis
hypertrophic pyloric stenosis
pylorospasm / antral spasm
1 month old with projectile vomiting


Keywords by value: 
- pyloric: 0.526536301487086
- hypertrophic: 0.3333139160379174
- measures: 0.26078092766875893
- stenosis: 0.2433047612112578
- hypoechogenic: 0.22495545153475988
- pyloromyotomy: 0.21063412356380418
- pylorospasm: 0.2079620408012257
- antral: 0.20552262036282615
- projectile: 0.1838457399205661
- pylorus: 0.180784266882277
- hypertrophied: 0.17983381487344405
- spasm: 0.16183902450733217
- mucosa: 0.15414500938406192
- thickness: 0.14841731326534804
- echogenic: 0.1466460517450348
- length: 0.14580069174570756
- the: 0.12764376324768395
- vomiting: 0.11833722599487351
- mm: 0.11445064683089624
- muscle: 0.11355771628644899
- month: 0.0972845566740826
- cm: 0.09184705387942892
- is: 0.08759339334016972
- and: 0.06609331127748479
- old: 0.04733152847827937
- with: 0.03131542081599158
- of: 0.03129672103263219
