Texto: 
grossly normal exam.
no specific intervention, because of size and minimal symptoms. continuous pulse oximetry while in nicu.  serial cxrs.
moderately-sized right pneumothorax, tiny left-sided pneumothorax. remainder of exam essentially normal.
pneumothorax
none, in this location (peripherally)
6 hour old with mild respiratory difficulty.


Keywords by value: 
- pneumothorax: 0.46263585655933676
- cxrs: 0.2614734549333137
- oximetry: 0.23305073373850782
- nicu: 0.1960160631157921
- tiny: 0.1960160631157921
- peripherally: 0.1878054784078692
- continuous: 0.18571349531299347
- essentially: 0.17906264555245802
- exam: 0.1781489302367749
- grossly: 0.16973345431379822
- hour: 0.1677819098348032
- pulse: 0.16703442001941654
- serial: 0.1628923661807205
- remainder: 0.15571318027907932
- difficulty: 0.14884273168351916
- intervention: 0.14863798291176805
- normal: 0.14449134169119757
- respiratory: 0.14075181121742267
- minimal: 0.13499099047308058
- specific: 0.13408430678464991
- because: 0.12366540598502325
- location: 0.1232125610622359
- size: 0.11980977455344508
- while: 0.11435636370861582
- mild: 0.100305386586864
- symptoms: 0.09681456715646962
- none: 0.09669960966987472
- in: 0.08803660735692515
- of: 0.06925491156759266
- this: 0.060801668460470026
- right: 0.05866476236527796
- no: 0.057540670882229895
- old: 0.05236875798752874
- and: 0.03656362613002636
- with: 0.03464814568037588
