Texto: 
contrast enhancement
montage of drawings for contrast enhancement patterns


Keywords by value: 
- montage: 0.5397369106101484
- drawings: 0.5397369106101484
- enhancement: 0.38851892389372805
- patterns: 0.37951421925978834
- contrast: 0.3279692873852608
- for: 0.10229383731376136
- of: 0.06604737077089473
