Texto: 
necrotizing enterocolitis
preemie with abdominal distention and fevers.


Keywords by value: 
- preemie: 0.582367300595998
- enterocolitis: 0.44344437057010383
- necrotizing: 0.39854325933504037
- distention: 0.3700484923763201
- fevers: 0.33648041689867464
- abdominal: 0.20843153431829026
- and: 0.07874883126519391
- with: 0.07462336935983242
