Texto: 
numerous enhancing masses in the cerebellum, one large lesion consisting of a large "cyst" with mural-based enhancing nodule.
von hippel-lindau syndrome
• hemangioblastoma
- vhl
• metastasis
35 y.o. man with ha, other relevant history withheld.


Keywords by value: 
- vhl: 0.28853182650051523
- relevant: 0.265835760938023
- enhancing: 0.26202899011480163
- withheld: 0.2605892012933141
- ha: 0.24335728279911345
- consisting: 0.23280988759561827
- von: 0.2316816947879844
- large: 0.2095802670893196
- hemangioblastoma: 0.2091569537113738
- cerebellum: 0.19215112045526067
- numerous: 0.1766607977628361
- 35: 0.16769532926684325
- nodule: 0.16507540259734826
- metastasis: 0.1532850621505583
- masses: 0.14237933703485603
- syndrome: 0.12608313634267104
- cyst: 0.12064585873198617
- one: 0.11974316672483257
- man: 0.11072195920881997
- other: 0.10861039389304625
- lesion: 0.10026695390704238
- with: 0.08190493151317393
- history: 0.0799040538235755
- in: 0.05202754833359753
- the: 0.041731251786127
- of: 0.04092801127960001
