Texto: 
non-contributory
proximal and distal coil embolization
• ct - high density mass posterior fossa
• mr and mra - fusiform mixed signal intensity mass posterior fossa.
• angiogram - giant fusiform aneursym left vertebral artery
giant fusiform left vertebral artery aneurysm
• parenchymal hematoma
• avm
• aneurysm
• meningioma
26 year old woman with 1.5 year history of diplopia, ataxia and headache.  history of atv accident 6 years previously.


Keywords by value: 
- fusiform: 0.47822934434347353
- giant: 0.26368906927086205
- fossa: 0.2320693498650583
- vertebral: 0.22574450518659217
- aneurysm: 0.2250871241928982
- aneursym: 0.21263504433550887
- atv: 0.1974046571645248
- artery: 0.18359743022968508
- coil: 0.16373839000572377
- diplopia: 0.15457507437832857
- posterior: 0.15286575699541377
- mra: 0.1461735641408003
- ataxia: 0.14352337391954711
- angiogram: 0.1327783805680334
- parenchymal: 0.1327783805680334
- avm: 0.13072265291496052
- embolization: 0.1288180997479382
- accident: 0.12629289359733434
- mixed: 0.1223515650643857
- 26: 0.12007049596792482
- previously: 0.11865421888167678
- history: 0.11294255370477793
- mass: 0.11291754871510605
- meningioma: 0.11075585882325695
- intensity: 0.10495357781800291
- hematoma: 0.10345447798279833
- headache: 0.10189262845371433
- left: 0.10084117952127379
- density: 0.09801203486129281
- mr: 0.09563862213795142
- proximal: 0.0923421585243994
- and: 0.09162824485101184
- year: 0.09110313449299251
- years: 0.09060442907584862
- distal: 0.08588021863454694
- high: 0.08400447807455338
- signal: 0.08378824800155697
- woman: 0.07697897710993977
- of: 0.05785080844812056
- ct: 0.05627195725381794
- old: 0.04374527262294819
- with: 0.028942687146191613
