Texto: 
no grossly abnormal findings on physical exam.
conservative management was utilized for the lesions demonstrated.
• multiple bony exophytic lesions
multiple osteochondromatosis
• osteochondromatosis
• turner’s syndrome
• tuberous sclerosis
• traumatic injury
• menke’s disease
• fetal alcohol syndrome
• hyperparathyroidism
• fibrodysplasia ossificans progressiva
this 9 y.o. girl has imaging performed due to pain, without trauma


Keywords by value: 
- osteochondromatosis: 0.423737579423173
- menke: 0.2598440366430872
- fibrodysplasia: 0.2598440366430872
- progressiva: 0.2512686089381646
- turner: 0.208137839518634
- syndrome: 0.2050206329915793
- ossificans: 0.19912724062647752
- lesions: 0.1953114033903906
- utilized: 0.1902295536000562
- exophytic: 0.18263154778548418
- tuberous: 0.16956773937887637
- multiple: 0.16634019022229624
- grossly: 0.16310905811289614
- hyperparathyroidism: 0.16196973356430439
- fetal: 0.1578036121841179
- alcohol: 0.15716254023094461
- conservative: 0.13127812042215625
- bony: 0.13101315248272297
- traumatic: 0.12885123369333878
- management: 0.12560037538018404
- sclerosis: 0.12111554312168045
- girl: 0.11928058254667807
- injury: 0.11088365056620228
- demonstrated: 0.10450179588118395
- abnormal: 0.10215754673466437
- performed: 0.1005960141201183
- trauma: 0.0987525398151294
- due: 0.09774197873635997
- physical: 0.09219940336962576
- without: 0.08968952404036333
- imaging: 0.08936159227414471
- exam: 0.08559804645529503
- findings: 0.0839213891668944
- has: 0.07766915902819962
- disease: 0.07137660569554259
- pain: 0.060846445586842
- was: 0.05926050260129567
- this: 0.05842868699263631
- no: 0.05529496037612719
- for: 0.05153771387596711
- on: 0.05135489394128166
- to: 0.04250957928353682
- the: 0.033929072138044344
