Texto: 
non-contributory
axial and coronal post-contrast t1wi display a well circumscribed, brightly enhancing lesion in the cerebellopontine angle with extension into the iac.
vestibular (acoustic) schwannoma
schwannoma
meningioma
epidermoid (should not enhance)
ependymoma (very uncommon)
35 y/o wf with headaches
small schwannomas (<3cm) may be effectively treated with stereotactic radiosurgery.


Keywords by value: 
- schwannoma: 0.29371065526620527
- brightly: 0.24105031836006224
- effectively: 0.22886953298201093
- radiosurgery: 0.22022712821875484
- schwannomas: 0.20976346808184396
- iac: 0.20804634284070353
- wf: 0.20804634284070353
- display: 0.20341542316522893
- stereotactic: 0.20341542316522893
- cerebellopontine: 0.1917153122521789
- t1wi: 0.18722315269939616
- 3cm: 0.17921322420545857
- vestibular: 0.17675949256248524
- acoustic: 0.17187717800447164
- uncommon: 0.15506547295094572
- enhance: 0.15339607053660423
- angle: 0.15031218441726465
- epidermoid: 0.14888136575713312
- ependymoma: 0.14475366577334814
- 35: 0.13740747212651153
- coronal: 0.1364685984297885
- circumscribed: 0.13270850822454602
- meningioma: 0.12840954234820204
- headaches: 0.12782619366653244
- very: 0.12293232690181913
- extension: 0.12130806576291703
- should: 0.111817427629142
- enhancing: 0.10735165169163849
- treated: 0.10671552273666254
- with: 0.1006678269733911
- axial: 0.09898815865566854
- into: 0.09109613079010277
- small: 0.08839724229696191
- may: 0.0862376411460515
- well: 0.08297709562599619
- lesion: 0.0821574979722242
- be: 0.06951703379008577
- the: 0.06838813986860927
- not: 0.06765190012135361
- in: 0.04263072757431313
- and: 0.03541104164449785
