Texto: 
head size greater than 99th percentile for age
ventricular drain.
cyst drain pending.
• large cerebellopontine angle fluid filled cyst.
• marked mass effect with contralateral displacement of brainstem, 4th ventricle, and cerebellum
• hydrocephalus.
• no restricted diffusion or elevated signal on flair sequence.
arachnoid cyst
epidermoid cyst
2 month old baby girl presents with an enlarged head.


Keywords by value: 
- cyst: 0.3823006077871755
- drain: 0.33044199326083823
- 99th: 0.253183128228872
- head: 0.19763135065044887
- percentile: 0.1966649985395642
- cerebellopontine: 0.18535316062765383
- brainstem: 0.16715801913626502
- sequence: 0.16715801913626502
- contralateral: 0.1656932765185183
- 4th: 0.1525223082426984
- cerebellum: 0.15222132551649079
- arachnoid: 0.1513366508362698
- baby: 0.14937153427068595
- angle: 0.1453240126481871
- epidermoid: 0.14394067629479473
- restricted: 0.14240588897849857
- flair: 0.14094814927173482
- diffusion: 0.13956008983951892
- ventricular: 0.13936710193240404
- pending: 0.13626850654786002
- hydrocephalus: 0.13524929414227943
- displacement: 0.13508284914143145
- filled: 0.13331227163643353
- marked: 0.12531015664818282
- greater: 0.12206094327382795
- ventricle: 0.12195513414711401
- effect: 0.1162229136226497
- girl: 0.1162229136226497
- elevated: 0.1129468166406945
- enlarged: 0.1129468166406945
- size: 0.11218244165386539
- age: 0.10401605478292328
- month: 0.10078555368656635
- fluid: 0.09566045178243941
- than: 0.09391974252759933
- signal: 0.09391974252759933
- large: 0.08301431181574716
- presents: 0.07970102328140734
- with: 0.06488474910650148
- an: 0.06335578684557701
- mass: 0.0632856477794675
- or: 0.05763740475851951
- no: 0.05387751523637613
- for: 0.05021658295281503
- on: 0.050038449471037895
- old: 0.049034856791260115
- and: 0.03423591163804159
- of: 0.03242300181739083
