Texto: 
n/a
none needed
patient a:  left wrist radiographs show, spaced, dense, tranverse, lines, in the metaphysis and distal diaphysis.

patient b: left ankle radiographs show, spaced, dense, tranverse, lines, in the metaphysis and distal diaphysis.
growth arrest lines
• growth arrest lines
• heavy metal poisoning
• idiopathic
there are two different patients:
patient a:  12 y/o male with left hand pain.

patient b:  13 y/o female twisted left ankle.
growth arrest lines or growth disturbance lines, as the name describes, are the result of a temporary slowdown of normal longitudinal growth during a period of illness.  these lines become radiographically visible following a subsequent period of normal growth.  transverse lines of increased radiographic density in the metaphyses of long bones have been recognized for over 80 years.


Keywords by value: 
- lines: 0.5916886195977576
- growth: 0.3669373496935304
- arrest: 0.25019866352480835
- tranverse: 0.23721808360356994
- spaced: 0.2133912528690747
- diaphysis: 0.1443974881290879
- metaphysis: 0.1362835653534771
- ankle: 0.13096811009876894
- dense: 0.13075050572768077
- period: 0.12968898811122603
- slowdown: 0.11860904180178497
- left: 0.10119980789660644
- patient: 0.09649109555051805
- radiographs: 0.09620735259383215
- show: 0.09416572734836783
- poisoning: 0.09157258933514138
- disturbance: 0.09157258933514138
- twisted: 0.09078436101845393
- metaphyses: 0.09078436101845393
- temporary: 0.09004119959367823
- name: 0.08933822919101117
- of: 0.08708482084511063
- distal: 0.08618564032267409
- metal: 0.08526012095338442
- heavy: 0.084296585010501
- recognized: 0.08177221019623938
- describes: 0.08032607836879663
- illness: 0.07460592622989859
- the: 0.07399493386510385
- radiographically: 0.0739610774497197
- longitudinal: 0.07048550820778604
- different: 0.0678764309095957
- become: 0.06581603356002892
- visible: 0.06537525286384038
- wrist: 0.06403792322194171
- idiopathic: 0.06273665958180724
- needed: 0.06123478582418692
- normal: 0.06056370742055177
- bones: 0.05967715634566633
- hand: 0.05797600794539928
- 80: 0.05785392455735777
- transverse: 0.05714456035800469
- are: 0.05628594160606164
- subsequent: 0.05614819160651466
- 13: 0.05593677580529064
- result: 0.055523986046283266
- in: 0.055350963606433434
- radiographic: 0.05502577239972718
- 12: 0.050700003620758896
- density: 0.04918030087810418
- long: 0.04918030087810418
- during: 0.046977157520396086
- years: 0.04546332589814278
- following: 0.04449309835176685
- two: 0.04404434798949117
- been: 0.04321048417975785
- these: 0.04188204464781167
- patients: 0.04172294535776709
- over: 0.04124006494222989
- none: 0.040531749509559914
- increased: 0.040105940438169736
- have: 0.037050441755937115
- female: 0.03578895684746714
- male: 0.033021963223446166
- and: 0.03065136954580942
- as: 0.02979548159877025
- there: 0.029510784938508828
- pain: 0.026539651298489803
- or: 0.025801348764899354
- for: 0.022479422451018086
- with: 0.014522809000802403
