Texto: 
back tenderness.  mild anemia. blood in urine
nephrectomy, radiation, and chemotherapy
• lytic destructive lesion l4.
• lytic lesion with soft tissue mass left parietal and occipital bones.
metastatic renal cell carcinoma
• thyroid cancer
• melanoma
• multiple myeloma
48 year old man presents with pelvic and back pain.
no prior medical or surgical problems.  two weeks later, he developed a painless lump on the back of his head.


Keywords by value: 
- back: 0.35562297725583825
- lytic: 0.2994392064926849
- destructive: 0.18938384159842767
- lump: 0.18587914887279763
- myeloma: 0.1845806725711875
- nephrectomy: 0.1815531549003858
- lesion: 0.17042677363014028
- l4: 0.16969831280338157
- melanoma: 0.16598452707650688
- painless: 0.16461468353774553
- anemia: 0.16330253504542963
- urine: 0.15910171338185858
- problems: 0.1541784712884235
- 48: 0.15393970443334087
- occipital: 0.15209270916110193
- parietal: 0.14352362482551945
- bones: 0.14301696452207058
- thyroid: 0.13968382858010148
- pelvic: 0.13894014358578885
- developed: 0.13186987150507537
- later: 0.12720086381370924
- chemotherapy: 0.12620845756940766
- cancer: 0.11838862574767077
- radiation: 0.11778650223567763
- medical: 0.11296204251945162
- tenderness: 0.1114661269978573
- renal: 0.11068485947814524
- and: 0.11018451864967849
- his: 0.10779613456296808
- weeks: 0.10652416521499257
- carcinoma: 0.10631712842590903
- head: 0.10600912998282283
- two: 0.10555276657829925
- he: 0.10525219586701708
- blood: 0.10322566954576126
- cell: 0.10167651520643903
- mild: 0.10075678945463824
- prior: 0.09944686559853115
- metastatic: 0.09748250182895289
- soft: 0.0946259674543868
- man: 0.09409873115055224
- tissue: 0.09323935726070373
- multiple: 0.0869373969530817
- surgical: 0.08638832684902069
- presents: 0.08550299442871828
- with: 0.06960814444971099
- mass: 0.06789263382980859
- pain: 0.06360256755866472
- or: 0.061833217379821497
- left: 0.06063161443114049
- no: 0.0577996203238673
- year: 0.05477653226856746
- on: 0.05368108325582727
- old: 0.05260443234502572
- in: 0.044216398608267836
- the: 0.03546593530731128
- of: 0.03478328921783623
