Texto: 
• right cn vi (abducens) palsy
transsphenoidal surgical resection
• partially calcified mass involving the right posterior clinoid process and dorsum sella
• mass is hyperintense on t2 mri sequences
• mass is hyopintense on t1 mri sequences
• there is peripheral enhancement
chondrosarcoma of the skull base
• meningioma
• chordoma
• osteosarcoma
18 year old girl with a 6 month history of headache and visual problems


Keywords by value: 
- sequences: 0.2675017926966651
- transsphenoidal: 0.26737672457099887
- hyopintense: 0.26737672457099887
- clinoid: 0.2351769193890732
- abducens: 0.2232929293556288
- dorsum: 0.1957926912075234
- mass: 0.19158887072688618
- vi: 0.19109312417370317
- chordoma: 0.19109312417370317
- sella: 0.17303300064340485
- mri: 0.17164328030663537
- palsy: 0.1672047762753564
- cn: 0.16317115895450043
- osteosarcoma: 0.15817841706795668
- chondrosarcoma: 0.15330931726559602
- problems: 0.14502741332534919
- partially: 0.14349023200406438
- visual: 0.14264673420105659
- is: 0.13736015907171778
- skull: 0.13565272178329157
- calcified: 0.13468638615493161
- hyperintense: 0.1329935021171147
- base: 0.12717999013577175
- 18: 0.1266935138098518
- process: 0.12539589834351356
- meningioma: 0.1252807330646294
- peripheral: 0.11955632615609399
- girl: 0.11728313108814244
- involving: 0.11710866911013522
- headache: 0.11525515058245175
- right: 0.11086226358785026
- resection: 0.10717237473318628
- t1: 0.10417118786220618
- month: 0.10170494729800846
- on: 0.10098982800953346
- enhancement: 0.09623291946730257
- t2: 0.09619028742230787
- posterior: 0.08645652835136296
- surgical: 0.08126086268543123
- and: 0.06909644212849929
- the: 0.06672180383941491
- there: 0.0665252572359868
- of: 0.06543754676064252
- history: 0.06387709902058328
- year: 0.05152534409931812
- old: 0.04948216627583233
- with: 0.032738322839619555
