Texto: 
red mass in right side of nose extending into nasopharynx
patient is scheduled for resection of tumor.
• enhancing mass arising in sphenopalatine foramen
• widening of the pterygopalatine fossa
• mass extends into the nasal cavity, nasopharynx and invades the sphenoid sinus.
juvenile nasopharyngeal angiofibroma (jna)
• juvenile angiofibroma
• squamous cell carcinoma
• adenoid cystic carcinoma
• rhabdomyosarcoma
15 year old boy presents with nosebleeds and nasal mass


Keywords by value: 
- angiofibroma: 0.3397087651706282
- nasopharynx: 0.3259589912637926
- juvenile: 0.26817669264532557
- nasal: 0.2485602780842641
- sphenopalatine: 0.21800555992588336
- jna: 0.20831595098347633
- mass: 0.2082825975491951
- pterygopalatine: 0.19610848742354606
- nosebleeds: 0.19610848742354606
- invades: 0.18487656813423362
- adenoid: 0.1668632943634803
- nasopharyngeal: 0.16420527795951037
- carcinoma: 0.1630810768663777
- into: 0.1449308654781791
- nose: 0.13795117312127844
- rhabdomyosarcoma: 0.13795117312127844
- sphenoid: 0.13712703917395128
- red: 0.1284017259653181
- scheduled: 0.12651054057444253
- widening: 0.12574370956134817
- squamous: 0.12267874951536269
- foramen: 0.1211779639679301
- cavity: 0.11255064173650979
- extends: 0.11226271637303725
- arising: 0.10831460974055854
- fossa: 0.1070161537145132
- sinus: 0.09850400045820809
- side: 0.0941738041903596
- boy: 0.09325202263326932
- extending: 0.09242679400116222
- 15: 0.09211683484284788
- resection: 0.08738297471398179
- enhancing: 0.08539642493724646
- cystic: 0.08210097487996418
- the: 0.08160241450680657
- of: 0.08003173637095293
- cell: 0.0779813932025174
- tumor: 0.07130333560528705
- in: 0.0678240468582113
- presents: 0.06557701761317133
- and: 0.05633777053436065
- right: 0.045195762433880945
- patient: 0.04433809386241081
- year: 0.042011179203307616
- for: 0.04131758425664071
- old: 0.04034527456575234
- is: 0.037332192917421285
- with: 0.02669318510478802
