Texto: 
well developed, well nourished male
raiu =0.5%
tsh= 0.016 uiu/ml
t3 = 234 ng/dl
steroids
discontinue use of amioradone if clinically feasible
global decreased radiotracer uptake of the thyroid gland
amioradone induced chemical thyrotoxicosis
subacute thyroditis
jod-basedow phenomenon
factitious hyperthyroidism
66 year old male with changes in sleeping pattern, heat intolerance and increased appetite treated for cardiac arrythmias with amioradone.


Keywords by value: 
- amioradone: 0.5503870083473362
- 234: 0.17530805650370507
- thyroditis: 0.17530805650370507
- arrythmias: 0.1695225030461018
- discontinue: 0.16503487914293288
- feasible: 0.16503487914293288
- factitious: 0.15826811020463682
- thyrotoxicosis: 0.14294076646118228
- raiu: 0.13715521300357905
- sleeping: 0.1352384368360126
- global: 0.13266758910041013
- phenomenon: 0.13187882416048963
- hyperthyroidism: 0.12900093339150537
- heat: 0.12708415722393893
- intolerance: 0.1264837864302417
- chemical: 0.12478325888432151
- t3: 0.1242469356862874
- appetite: 0.1204046375680028
- nourished: 0.11755591421245673
- induced: 0.11376317076739416
- well: 0.11109602839753756
- 66: 0.10758861237596376
- subacute: 0.10735877069665876
- male: 0.10215555954371756
- steroids: 0.100788847650052
- radiotracer: 0.10014005177145871
- clinically: 0.09533571379454829
- gland: 0.09319169308438098
- thyroid: 0.09015624527417852
- uptake: 0.0882129899348599
- use: 0.0877767271001089
- pattern: 0.08564919990350266
- cardiac: 0.08518862416993396
- developed: 0.08511287670546855
- treated: 0.07143941743784066
- decreased: 0.071059954707763
- changes: 0.0693320149326906
- if: 0.0666552004511434
- increased: 0.06203514852774207
- with: 0.044927240381944816
- of: 0.04490041239623724
- year: 0.035354461061625174
- for: 0.034770767006864045
- old: 0.03395252086956811
- in: 0.02853862554162349
- and: 0.02370549401882785
- the: 0.022890807009993405
