Texto: 
palpable mass in the periumbilical region
continued chemotherapy, poor prognosis.
• periumbilical subcutaneous nodule
• normal size abdominal aorta with calcification
sister mary joseph node
• umbilical hernia
• metastatic mass or lymph node
• cutaneous cyst
70 y/o man with history of colon problems.  patient says "i feel a lump".


Keywords by value: 
- periumbilical: 0.4164638672404569
- node: 0.30156310315620083
- mary: 0.2680742010150328
- feel: 0.2229801687935299
- says: 0.218579411156429
- sister: 0.21130978440983011
- umbilical: 0.19830573448040142
- lump: 0.18345667022655318
- cutaneous: 0.1821751163776892
- subcutaneous: 0.16709987835321663
- joseph: 0.16596774405372483
- prognosis: 0.15437546216792344
- problems: 0.15216913319605677
- poor: 0.1479740809548165
- hernia: 0.14521235596356039
- 70: 0.14483731665674182
- continued: 0.1437388841053
- aorta: 0.14250508027453718
- nodule: 0.13846346708559712
- lymph: 0.13641251778168703
- mass: 0.1340156398483498
- colon: 0.1335717756610348
- calcification: 0.12524598142465673
- chemotherapy: 0.12456363998071424
- palpable: 0.123242762755841
- size: 0.11878049941420254
- region: 0.10493154550870917
- cyst: 0.10119644493793477
- metastatic: 0.0962120565934589
- abdominal: 0.09594480488779185
- man: 0.09287238506368208
- normal: 0.07162501469966719
- with: 0.06870097307219666
- history: 0.06702265844895873
- or: 0.06102737310067798
- patient: 0.05705707618922615
- in: 0.04364014633848978
- the: 0.03500372385717255
- of: 0.03432997438458392
