Texto: 
non-contributory
lesion resected by ent with neurosurgery assistance.
expansile mass right ethmoid and sphenoid sinuses.
mass enhances following contrast administration
chondrosarcoma of the skull base
• chronic sinusitis
• mucocele
• olfactory neuroblastoma
• fibro-osseous lesion
• chondrosarcoma
53 year old man with 1 year history of pain and nasal congestion.


Keywords by value: 
- chondrosarcoma: 0.33815855372576187
- assistance: 0.23696250677330366
- olfactory: 0.23197967680207388
- mucocele: 0.20628403660141875
- ent: 0.19646768136442022
- ethmoid: 0.1928318967700866
- sinusitis: 0.19019170250441747
- neurosurgery: 0.18659639933211003
- sphenoid: 0.1854816539938923
- congestion: 0.1823510403878301
- lesion: 0.17680153055787715
- sinuses: 0.1736795649580527
- 53: 0.17255837471676047
- neuroblastoma: 0.16941081219240567
- resected: 0.16875110743238175
- nasal: 0.1681045976562183
- expansile: 0.16684912291071133
- enhances: 0.1625327992589757
- skull: 0.14960645910297568
- administration: 0.14683904495017644
- mass: 0.14086427054901218
- base: 0.14026219115131494
- year: 0.11365086057139252
- following: 0.11061659429263083
- chronic: 0.10944875455678126
- man: 0.09761846297153384
- contrast: 0.08959143494894221
- by: 0.07830277441979328
- and: 0.07620395601035189
- with: 0.07221181400001707
- of: 0.07216869322301317
- history: 0.07044773209568356
- pain: 0.06598160049774011
- right: 0.061132981651540665
- old: 0.054572083685119
- the: 0.03679252685148733
