Texto: 
not available
surgery followed by radiation.
hyperattenuating (calcified) mass in the cpa (cerebello-pontine-angle) cistern - extending from the right tentorial leaf into the sinodural angle with a moderate amount of intraaxial vasogenic edema.
meningioma, cerebellopontine angle,  who grade 2
• metastatic disease
• primary temporal bone tumor (yolk sac tumor)
• glomus tumor
• meningioma
• hemangiopericytoma
58 year old woman with a three day history of headaches, ataxia, and hallucinations


Keywords by value: 
- angle: 0.3809256126500316
- tumor: 0.22715634724674097
- sinodural: 0.22121588046777096
- hallucinations: 0.22121588046777096
- meningioma: 0.2169461900410019
- leaf: 0.19971369283960425
- tentorial: 0.18400410848840618
- hyperattenuating: 0.18037258605271328
- cpa: 0.1743736615932471
- intraaxial: 0.16844513209060513
- yolk: 0.16641385902935088
- glomus: 0.1636426686670606
- cerebellopontine: 0.1619502172698678
- hemangiopericytoma: 0.15364641557261488
- vasogenic: 0.14239174413767328
- cistern: 0.14056524631967193
- ataxia: 0.14056524631967193
- 58: 0.13919316267513657
- sac: 0.12890352636325864
- calcified: 0.11661688757691818
- amount: 0.11580690289531848
- temporal: 0.11120221604570783
- moderate: 0.10867291782979585
- headaches: 0.10798031515523795
- grade: 0.10409627953502057
- available: 0.09821665343626321
- extending: 0.09815030734445389
- followed: 0.09775583257789709
- three: 0.09717538467912278
- radiation: 0.09593114697581841
- day: 0.09221073700384674
- primary: 0.08901284545297326
- the: 0.08665563000910617
- edema: 0.08633907312072674
- who: 0.08188616969448864
- metastatic: 0.07939456587149725
- bone: 0.07898651038393902
- surgery: 0.07783002743318788
- into: 0.07695284221479168
- woman: 0.07539238092995644
- by: 0.06147422524323315
- disease: 0.06076583044862589
- from: 0.05749322085041555
- not: 0.057148486444113404
- with: 0.05669231201515868
- of: 0.05665845859964636
- history: 0.05530736021571009
- mass: 0.05529511540695017
- right: 0.04799450225977283
- year: 0.04461271425963041
- old: 0.04284364876353038
- in: 0.036012019655222355
- and: 0.029913238649061463
