Texto: 
non-contributory
none to date.
small and totally opacified left maxillary sinus.
enlarged left orbit.
enopthalmos.
silent sinus syndrome
hypoplastic sinus
74 year old man who presents with facial pain after a fall


Keywords by value: 
- sinus: 0.4546885713434179
- enopthalmos: 0.3354335395061002
- totally: 0.3099466322439193
- silent: 0.26955083997400486
- opacified: 0.25076786622007274
- hypoplastic: 0.21781885766726264
- 74: 0.20857806767794299
- maxillary: 0.2079990031951957
- orbit: 0.1942575125768976
- date: 0.19386424856384835
- fall: 0.17476966417618908
- facial: 0.1729535007266147
- left: 0.14309958686296895
- enlarged: 0.14298835642682695
- syndrome: 0.1264492508729864
- who: 0.1186467092417647
- none: 0.11462623754339882
- man: 0.11104346864511097
- small: 0.1081953486169218
- after: 0.10175244351392033
- presents: 0.10089986299302776
- pain: 0.07505573805399489
- year: 0.06464036304294932
- old: 0.0620771243381898
- to: 0.05243671699667252
- and: 0.043341962894542216
- with: 0.04107138168143341
