Texto: 
rlq pain, n/v
• abdominal ct - intestinal findings:
segmental areas of ileo-colonic wall thickening (skip lesions)
small bowel (ti) – 80% 
30% only sb, 50% sb +colon
colon – 70%
duodenum – 20%
target sign – submucosal fat
comb sign – hyperemic thickening of vasa recta (active disease)
mesenteric inflammation, lad
fistulas – to bowel, bladder, skin
abscesses, strictures
• extraintestinal findings – gallstones, kidney stones, sacroileitis
crohn disease
• ibd - inflammatory bowel disease
• ischemic bowel
• infectious colitis
45 yo man with inflammatory bowel disease (crohn’s) and rlq pain, nausea and vomiting


Keywords by value: 
- bowel: 0.34192959206521367
- sb: 0.3256787361127992
- rlq: 0.2213214155947847
- crohn: 0.20746569421105213
- disease: 0.17892150253866032
- sacroileitis: 0.1704136790462496
- comb: 0.1628393680563996
- recta: 0.1628393680563996
- colon: 0.16227405290369112
- vasa: 0.15746530888489357
- extraintestinal: 0.15746530888489357
- sign: 0.1475464055056633
- ti: 0.14701137850249898
- thickening: 0.14498992977504968
- skip: 0.14451693872353757
- inflammatory: 0.1441108045355821
- hyperemic: 0.14231668690519356
- ibd: 0.13043606731830823
- fistulas: 0.12740012442423984
- lad: 0.12648869735129295
- strictures: 0.1224990158159748
- submucosal: 0.11804536691038485
- gallstones: 0.1154099411835734
- target: 0.1102833101249421
- abscesses: 0.10816626801843092
- intestinal: 0.10783563019372339
- colitis: 0.10538220151667707
- findings: 0.10518391074044932
- duodenum: 0.1048160809377579
- segmental: 0.10104211253173968
- stones: 0.1005919570285809
- ischemic: 0.09424303931598435
- mesenteric: 0.09200764063982278
- 70: 0.0879801824497311
- infectious: 0.08574223021613006
- inflammation: 0.08564206617229349
- 45: 0.08544333504888087
- 80: 0.0831226690757663
- bladder: 0.08269122843416887
- nausea: 0.08185713678902207
- skin: 0.07927115043709487
- active: 0.07912963044646491
- vomiting: 0.07884976679376926
- pain: 0.07626264489917091
- kidney: 0.07486275638870796
- 50: 0.07441928038267737
- 30: 0.07269369601093746
- areas: 0.07234729179107313
- 20: 0.06874632604392218
- only: 0.06657304975289302
- yo: 0.06657304975289302
- fat: 0.06628729963939471
- wall: 0.06482207557171361
- lesions: 0.06119899058138702
- abdominal: 0.05828084663524357
- man: 0.056414531634890616
- small: 0.05496757253508302
- and: 0.044038907765874456
- of: 0.041706895426796745
- ct: 0.04056864025938099
- to: 0.026639953397824913
- with: 0.020865907643438025
