Texto: 
unavailable
the patient was referred to general surgeral for cholecystectomy.
acute abdomen series is significant for multiple rounded radiopaque stones within the right upper quadrant of the abdomen.
acute calculous cholecystitis
gallstones
renal stones
calcified soft tissue mass
acute onset of stomach and back pain. previously healthy female.
this patient was young as compared to the expected population that cholelithiasis usually presents in.  she had no known precipitating cause such as sickle cell disease.  the presentation of multiple gallstones visible on radiographic exam and confirmed with us as well as the gallbladder wall thickening and tenderness to exam confirmed the diagnosis of acute calculus cholecystitis.  there was no evidence of choledocholithiasis.


Keywords by value: 
- gallstones: 0.26458666745336307
- acute: 0.2643127841574609
- cholecystitis: 0.23546872583011344
- stones: 0.2306152347870042
- as: 0.19628711724706913
- surgeral: 0.19534360283398122
- confirmed: 0.18013735752086216
- calculous: 0.17181864580983527
- the: 0.1706127244123444
- precipitating: 0.15883925455700762
- abdomen: 0.1490630717545274
- radiopaque: 0.14713592906470507
- choledocholithiasis: 0.14713592906470507
- calculus: 0.1396113270995669
- unavailable: 0.13531429753286164
- was: 0.12771090431216228
- exam: 0.12298021380513001
- cholelithiasis: 0.1225126113554107
- sickle: 0.12079862974648561
- of: 0.119520558168917
- multiple: 0.11949193354901945
- cholecystectomy: 0.11860849810964225
- population: 0.11556406762857868
- series: 0.11200673667736198
- rounded: 0.11115008889794853
- expected: 0.11012533170820751
- gallbladder: 0.10914738374160099
- visible: 0.10767001601738714
- healthy: 0.10361771298511627
- stomach: 0.10191509425185613
- young: 0.10072147229055514
- compared: 0.09875104044655349
- calcified: 0.09840095081726845
- general: 0.09805649290140968
- previously: 0.09805649290140968
- us: 0.09716414133933843
- to: 0.09161138657152308
- radiographic: 0.0906249006483719
- referred: 0.09038474853848938
- quadrant: 0.08555879119160877
- presentation: 0.08408565995740541
- cause: 0.08321389756338612
- thickening: 0.08310029868323372
- back: 0.08146489822190146
- patient: 0.07945818446849838
- no: 0.07944323884720687
- known: 0.0790831860264885
- such: 0.0785727680890349
- onset: 0.07843564912303218
- usually: 0.07689762034213715
- tenderness: 0.07660284012979292
- renal: 0.07606592983674709
- and: 0.07572208072737431
- wall: 0.07430493758613455
- for: 0.0740451369390099
- she: 0.0727126723997815
- significant: 0.07052641612964637
- cell: 0.06987512753056387
- evidence: 0.06933222507583627
- upper: 0.06527478781219159
- soft: 0.06502978126417472
- tissue: 0.06407686146827038
- diagnosis: 0.06332142216773778
- had: 0.0608593596390667
- well: 0.05914537803014163
- female: 0.05894275567909447
- presents: 0.0587602026664799
- within: 0.05625828161562854
- that: 0.05300829143344879
- disease: 0.05127401028776219
- there: 0.04860289708756714
- mass: 0.04665783871144434
- pain: 0.04370957748118766
- this: 0.04197275940438788
- right: 0.04049760505954323
- on: 0.03689123816708269
- is: 0.03345146366295255
- in: 0.030386825172183916
- with: 0.023918394334788554
