Texto: 
• large, non-tender mass back of head.
• no neurologic deficit.
resection of mass.
• large mass posterior parietal and occipital bones.
• minimal to no enhancement of mass.
• associated thrombosis of underlying superior sagittal sinus.
meningioma, intraossous
• meningioma
• hemangiopericytoma
• dural metastasis (e.g. breast ca)
• chondrosarcoma
• ewing sarcoma
42 year old woman with painless, slowly enlarging occipital mass
patient developed a csf leak and scalp infection shortly after surgery treated with lumbar drain and antibiotics.


Keywords by value: 
- mass: 0.29733069942394885
- occipital: 0.2664314464836614
- intraossous: 0.23790265009520062
- meningioma: 0.23331088812283873
- ewing: 0.1679009944946128
- leak: 0.16653612846818466
- hemangiopericytoma: 0.16523628125187417
- shortly: 0.159529824716963
- scalp: 0.15802715350491775
- large: 0.15600822151895222
- drain: 0.15524933760283857
- slowly: 0.15354305498766657
- deficit: 0.14728819853309555
- enlarging: 0.1453833582386159
- painless: 0.14418353282455906
- chondrosarcoma: 0.1427543250017942
- 42: 0.1383886285472109
- dural: 0.1381523358794634
- ca: 0.13282583614474108
- sarcoma: 0.13059670932765124
- underlying: 0.1270865311011839
- thrombosis: 0.12693013163225467
- parietal: 0.12571019077034512
- lumbar: 0.12571019077034512
- bones: 0.12526641460819934
- neurologic: 0.12439994079704242
- csf: 0.12301428114474083
- of: 0.12186464572672366
- sagittal: 0.11970986671614202
- minimal: 0.11876868266769577
- developed: 0.11550284299129794
- antibiotics: 0.11469414285660198
- metastasis: 0.11410296524404667
- breast: 0.1130513186418762
- sinus: 0.11249432721474786
- back: 0.10382827767321137
- no: 0.10125164141025698
- superior: 0.10121494792173603
- resection: 0.09979380436069984
- treated: 0.09694720863761548
- and: 0.0965089676088426
- infection: 0.09404057552190094
- head: 0.09285180728775355
- enhancement: 0.08960750531363598
- surgery: 0.08370090675309887
- associated: 0.0820557737271701
- woman: 0.08107938355192638
- posterior: 0.08050419613711872
- after: 0.07552360052773166
- with: 0.06096872991175332
- patient: 0.05063534491832535
- year: 0.047977943210330706
- old: 0.046075433459112844
- to: 0.038920044872442126
