Texto: 
pe: chest=mild crackles over right mid lung
otherwise normal

labs: none
last ppd: 8 months ago (negative)
-check ppd status
-sputum analysis helpful
-broad spectrum antibiotics
-document resolution clinically and radiographically
pa/lat cxr:  air space opacity with cavitary formation in superior segment of rll. no air/fluid level.
lung abscess (solitary)
no specific confirmation:  patient improving on antibiotics
1.  pneumonia with cavitary (abscess) formation
2.  tb
3.  fungal

unlikely
4.  infarction (bland/septic emboli), vasculitic
5.  neoplastic
22 y/o white male with 2-3 weeks of low grade fever, malaise, and mildly productive cough

pmh-negative, no history of immunocompromise
this patient had no known aspiration.  no proceeding aspiration event or risk factor is seen in up to 20% of patients.


Keywords by value: 
- ppd: 0.24898792834976635
- cavitary: 0.24041842522490747
- aspiration: 0.19153203226185908
- no: 0.17809587865936097
- immunocompromise: 0.17516854092071693
- formation: 0.1736747267147001
- proceeding: 0.16738289242115198
- vasculitic: 0.16185888690021713
- antibiotics: 0.16139237934020928
- air: 0.1432900507636779
- abscess: 0.14066965095066622
- negative: 0.13562336899446098
- lung: 0.1332614665782537
- rll: 0.13193974943312053
- improving: 0.12827115036580253
- malaise: 0.12133905446951188
- productive: 0.11813132004897815
- confirmation: 0.11717103136291482
- crackles: 0.11298017618246077
- spectrum: 0.11118431015438335
- radiographically: 0.1092299020798309
- event: 0.1092299020798309
- emboli: 0.10745617066152592
- helpful: 0.10386137734241499
- factor: 0.10272484613784057
- analysis: 0.10186169984370899
- neoplastic: 0.10123888507876218
- solitary: 0.10024375194944707
- fungal: 0.0980468704887023
- tb: 0.09753479289255593
- unlikely: 0.09703601752891337
- opacity: 0.09531061679771803
- clinically: 0.09102586523528858
- pe: 0.09055172332191516
- segment: 0.09043499486608281
- last: 0.08908694870804781
- resolution: 0.08887119619267154
- mildly: 0.08844683037172969
- cxr: 0.0876252388750995
- pneumonia: 0.0864552259325714
- 22: 0.08626697175948574
- infarction: 0.08598800648704365
- of: 0.08574119236357969
- specific: 0.08300168234089284
- cough: 0.08177725028343312
- ago: 0.0801435825586974
- mid: 0.07882787817995394
- grade: 0.07876440119040647
- risk: 0.07826400096771059
- otherwise: 0.07807966254221008
- status: 0.07643949037249113
- labs: 0.07588608688707754
- fever: 0.07426538411528386
- space: 0.07291054117053967
- white: 0.07226735949566741
- patient: 0.07125175350321128
- superior: 0.07121253475998257
- known: 0.07091548485155628
- 20: 0.07066447772367809
- level: 0.06616480955343135
- weeks: 0.06564581115279436
- with: 0.06434431702918944
- months: 0.06375758762235802
- low: 0.06285114101188755
- patients: 0.061618805364338364
- over: 0.0609056602571534
- none: 0.0598595799670877
- had: 0.054573812885005304
- in: 0.05449695563512391
- up: 0.05418228960753677
- seen: 0.05156767007232776
- male: 0.04876870286040527
- and: 0.045267676047276974
- normal: 0.04472195416322635
- history: 0.041848288221933656
- or: 0.038104891062916806
- this: 0.037637818268005996
- right: 0.036315017672181496
- on: 0.03308111588368023
- is: 0.029996600843293433
- to: 0.027383258157500496
