Texto: 
surgical specimen showed papillary thyroid carcinoma
pa chest x-ray demonstrates tracheal deviation to the left.
us of the thyroid demonstrates multiple, hypoechoic, hypervascular lesions with microcalcifications and heterogenous thyroid.
papillary thyroid carcinoma
for chest x-ray:
1. thyroid mass
2. lymphadenopathy (lymphoma,leukemia)
3. neuroblastoma
for us
1. thyroid carcinoma
2. hashimoto's thyroiditis
asymptomatic child for physical exam.


Keywords by value: 
- thyroid: 0.6406385956835521
- papillary: 0.25322200468089767
- carcinoma: 0.24380365481185298
- us: 0.21614727828962688
- hashimoto: 0.16928642715974948
- microcalcifications: 0.15910573313664716
- thyroiditis: 0.1505072587594585
- tracheal: 0.14714710399703004
- specimen: 0.1447633554054045
- hypervascular: 0.14365535990493988
- chest: 0.14343212743773318
- deviation: 0.13666851673428834
- demonstrates: 0.136513496470226
- heterogenous: 0.12797237904000555
- neuroblastoma: 0.1248270323373846
- leukemia: 0.12410156687095723
- for: 0.12353828222534265
- hypoechoic: 0.11608760300788533
- child: 0.11246475956021369
- lymphadenopathy: 0.10983871378148859
- pa: 0.1042636638111004
- asymptomatic: 0.09249381458779193
- showed: 0.0904952321191576
- lymphoma: 0.08091560493629038
- lesions: 0.07802841019794539
- physical: 0.07366874377274525
- exam: 0.06839415789365179
- multiple: 0.06645418736317463
- surgical: 0.06603448296840789
- the: 0.05421970274067999
- mass: 0.051896536671559246
- left: 0.04634627682392263
- to: 0.033965808776130965
- and: 0.02807469475542496
- with: 0.026603929007446816
- of: 0.026588042658294064
