Texto: 
urinalysis 22 apr 2003

appearance    urine   clear         
bilirubin ua    urine   neg         
blood ua    urine   neg         
color    urine   yellow         
glucose ua    urine   neg         
ketones    urine   neg         
leukocyte esterase    urine   neg         
nitrite    urine   neg         
ph    urine   7.0         
protein ua    urine   neg         
specific gravity    urine   1.007         
urobilinogen    urine   0.2   eu/dl
verified no active egg pasage by fecal study.  verify negative hep b status.
curvilinear calcifications of the colon wall and wall of the appendix.  no oral contrast was utilized with this study or any other recent study.  this was the non-contrast protion of a three phase renal ct.
schistosomiasis japonicum of the colon and appendix
confirmed by biopsy of colon polyps containing calcified s. japonicum eggs.
ischemic colitis
schistosomiasis japonicum
hemangioma
patient presented with left flank and pelvis pain and persistent hematuria.


Keywords by value: 
- urine: 0.6262481350801418
- neg: 0.44014377132879096
- japonicum: 0.26727835294637214
- ua: 0.22265264498712803
- schistosomiasis: 0.14821212940093564
- colon: 0.13317523306467563
- study: 0.11664876803452791
- appendix: 0.10512490290124782
- pasage: 0.0932368464265507
- protion: 0.08909278431545738
- egg: 0.0838718835018181
- hep: 0.0838718835018181
- eggs: 0.08200846334448159
- urobilinogen: 0.07786440123338825
- nitrite: 0.0767875625308423
- verify: 0.0767875625308423
- verified: 0.0749241423735058
- gravity: 0.07264350041974897
- ketones: 0.07198388351362334
- esterase: 0.07198388351362334
- apr: 0.07136426867317244
- wall: 0.07093099496419955
- fecal: 0.07078008026241248
- leukocyte: 0.0692045809681526
- ph: 0.06702174372949203
- utilized: 0.06522405058152188
- yellow: 0.0639836801545133
- urinalysis: 0.06314316445987728
- polyps: 0.0628776816183987
- bilirubin: 0.06261892058889074
- curvilinear: 0.060338278635133906
- colitis: 0.057656780804759424
- of: 0.057046761527592825
- contrast: 0.05665505078390293
- glucose: 0.05633140670110514
- protein: 0.054106160626771975
- color: 0.05256245145062391
- 2003: 0.05246737620936758
- containing: 0.052373177250079714
- ischemic: 0.05156231490719166
- hematuria: 0.05156231490719166
- flank: 0.05113816629604812
- phase: 0.04988830386489048
- by: 0.049516426026685274
- hemangioma: 0.04904198490631532
- and: 0.04818919353352499
- calcified: 0.04696644377637253
- oral: 0.04669388056416889
- the: 0.04653307491786608
- 22: 0.04591726548240884
- persistent: 0.04492050957730491
- specific: 0.04417925198718094
- active: 0.04329345650547486
- confirmed: 0.04298947827109394
- calcifications: 0.042549818453075566
- clear: 0.04226687956169539
- biopsy: 0.04086729708424945
- pelvis: 0.040776447466211584
- status: 0.040686398295739064
- was: 0.040637324180233754
- this: 0.04006691456398912
- recent: 0.0394759561909444
- three: 0.03913654647976333
- no: 0.0379179914395247
- any: 0.037679119426965106
- renal: 0.03630601317673581
- negative: 0.0360940816208296
- appearance: 0.03514773567889625
- presented: 0.03399815279215773
- blood: 0.033859305928339474
- other: 0.030276923046699697
- with: 0.02283233878160483
- ct: 0.022195941680076832
- pain: 0.020862434724552858
- or: 0.020282065817638126
- left: 0.019887925077037273
- patient: 0.018962562467218856
