Texto: 
diffusely decreased breath sounds with dry crackles and a restrictive pattern on pulmonary function tests.
diffuse pulmonary fibrosis primarily affecting the upper lung zones.
stage iv sarcoidosis
although there are over 140 known causes of pulmonary fibrosis some of the most common are: 
pneumoconioses
systemic lupus erythematosis
rheumatoid arthritis
sarcoidosis
tuberculosis
medications (nitrofurantoin, amiodarone, cyclophosphamide, methotrexate, bleomycin)
idiopathic
the patient presented with worsening shortness of breath and dyspnea.


Keywords by value: 
- pulmonary: 0.25502812122945334
- sarcoidosis: 0.23627369438918033
- fibrosis: 0.23366523103981904
- erythematosis: 0.2230323431269246
- nitrofurantoin: 0.2060859022489114
- breath: 0.2044327399552861
- bleomycin: 0.19617286981458557
- pneumoconioses: 0.19240410979468925
- restrictive: 0.18135373060817134
- amiodarone: 0.18135373060817134
- cyclophosphamide: 0.17377089350959224
- zones: 0.1644072897301581
- methotrexate: 0.15682445263157901
- 140: 0.1530556926116827
- dry: 0.14691142019725317
- lupus: 0.14533354718054592
- crackles: 0.143851363312274
- affecting: 0.140288921362472
- primarily: 0.13377905639792273
- tests: 0.13346358690845567
- diffusely: 0.12969482688855935
- systemic: 0.1237604145284702
- rheumatoid: 0.12293157087555259
- tuberculosis: 0.1227286772114048
- dyspnea: 0.1227286772114048
- idiopathic: 0.1179699622721016
- medications: 0.11699188999993493
- arthritis: 0.11342944805013296
- function: 0.11288308908527173
- shortness: 0.1118256898576721
- stage: 0.11106161060346233
- sounds: 0.10767190540462317
- worsening: 0.10649985524530488
- are: 0.1058400375789585
- causes: 0.10538143151744403
- pattern: 0.10412241632729129
- iv: 0.09964919172453963
- although: 0.09494401337836673
- known: 0.09029273559790173
- some: 0.08774901448380812
- diffuse: 0.0874608161028189
- decreased: 0.08638649510580634
- lung: 0.08483720017092161
- the: 0.08348400709805368
- of: 0.0818771121864892
- presented: 0.08132715734004964
- common: 0.07909172392997464
- over: 0.07754778366849306
- upper: 0.07452708285123012
- most: 0.0725809782223792
- and: 0.05763680969007082
- there: 0.055492055347262134
- with: 0.05461735582767359
- patient: 0.045360443867931456
- on: 0.042120341643594295
