Texto: 
n/a
both wrists demonstrate narrowed radioscaphoid joint space, widening of the scapholunate joint space with degenerative changes and debris, and proximal migration of the capitate, consistent with scapholunate advanced collapse.  the bilateral osteoarthritis of the radioscaphoid joints and faint calcification at the region of the triangular fibrocartilage at the left wrist are all characteristic of calcium pyrophosphate dihydrate deposition disease.
scapholunate advanced collapse
scapholunate advanced collapse
74 year-old man with bilateral wrist pain.
slac (scapholunate advanced collapse) wrist deformity occurs in the setting of chronic scapholunate ligamentous disruption. trauma, calcium pyrophosphate deposition disease and rheumatoid arthritis are common causes of scapholunate ligament disruption.


Keywords by value: 
- scapholunate: 0.6254174538748939
- advanced: 0.2938781997304827
- collapse: 0.29324449870661173
- radioscaphoid: 0.21991334744019747
- wrist: 0.20248422380921963
- pyrophosphate: 0.18308525445278848
- deposition: 0.15773493862566187
- calcium: 0.14120846575509097
- disruption: 0.14120846575509097
- the: 0.12478278283167009
- of: 0.10708335022472847
- space: 0.10406739897810732
- joint: 0.1030206936737808
- slac: 0.10165041171724118
- dihydrate: 0.10045803982591231
- fibrocartilage: 0.09740016271232435
- capitate: 0.09490169518973429
- wrists: 0.08934535055355627
- faint: 0.08745218915235553
- bilateral: 0.08402342588540797
- narrowed: 0.08395923956012953
- debris: 0.0829681838268071
- migration: 0.08265314392886834
- triangular: 0.08062999452915716
- ligamentous: 0.07984671665936985
- 74: 0.07773429246825328
- setting: 0.07269512739885355
- widening: 0.07210563298344651
- osteoarthritis: 0.07140272855235515
- rheumatoid: 0.06890426102976509
- joints: 0.06718907137696234
- ligament: 0.06718907137696234
- degenerative: 0.06640579350717503
- disease: 0.0656264003590433
- and: 0.06461190972379138
- deformity: 0.06389147447094429
- arthritis: 0.06357823495821661
- characteristic: 0.06319649350466712
- occurs: 0.06163272674078431
- are: 0.05932430151830939
- causes: 0.059067248659167
- at: 0.05905197727895865
- calcification: 0.05581028380159728
- proximal: 0.04883649594057985
- changes: 0.047242992344323484
- region: 0.046758061759483945
- all: 0.04653303811524708
- chronic: 0.046399776462021876
- with: 0.04592028535755908
- trauma: 0.045398444288762003
- common: 0.044331628987984276
- both: 0.04359171205829836
- consistent: 0.042385841267160794
- man: 0.04138443492379321
- demonstrate: 0.04063867791183537
- pain: 0.02797228279206477
- left: 0.026665663511822275
- in: 0.01944628422077955
