Texto: 
esr-38 (0-15)              nasal bx-rare granulomas 
serum ace- 60 (9-67)                w/ focal caseation
afb culture- no growth; smear- neg.
csf
----
hsv dna- neg
wnv < 1-30
fungal culture-no growth; smear- neg.
india ink-neg
ace <3
rbc-2
wbc-2 
protein wnl
mass-like meningeal thickening which is t2 hypointense and enhances with gadolinium. heterogeneous mass-like sinus disease with variable enhancement.  possible communication between the meningeal disease and sinus disease at the area of the cribriform plate.
cns sarcoidosis
neurosarcoid
fungal disease
meningiomas with concommitant sinus disease
tb meningitis
wegener granulomatosis
49y/o male with history of sarcoidosis presents with new onset of recurrent seizures.
the patient's history of sarcoidosis, the nasal biopsy consistent with sarcoid, and imaging characteristics all support the diagnosis of neurosarcoid.


Keywords by value: 
- neg: 0.3719777055841726
- neurosarcoid: 0.22713354398920757
- sarcoidosis: 0.21912239169374523
- ace: 0.20772918328997944
- meningeal: 0.1939205813863843
- sinus: 0.1869198952090767
- disease: 0.1809739529424331
- nasal: 0.15722157109196588
- fungal: 0.15436740192598686
- growth: 0.14220040823258215
- caseation: 0.1378948273734692
- wnv: 0.13176586922724623
- cribriform: 0.13176586922724623
- concommitant: 0.13176586922724623
- india: 0.1151593879258346
- hsv: 0.10646225790790324
- afb: 0.10468186477064594
- the: 0.10323177872619364
- with: 0.10130527368175943
- meningiomas: 0.10097662539014003
- granulomas: 0.09696029069319215
- wegener: 0.09646464397122918
- granulomatosis: 0.09506834080829557
- communication: 0.09049910223495138
- of: 0.08437064995822058
- variable: 0.08372681846026864
- support: 0.08372681846026864
- meningitis: 0.0812178085846188
- wnl: 0.08086626086333067
- sarcoid: 0.08086626086333067
- cns: 0.08052270355887814
- protein: 0.0800215790797627
- plate: 0.07906657497208643
- characteristics: 0.07906657497208643
- serum: 0.07732049710653974
- tb: 0.07678058718838944
- enhances: 0.07600524438281483
- hypointense: 0.07587980075252976
- gadolinium: 0.07184681861921115
- seizures: 0.070388737708142
- recurrent: 0.06913878042373157
- csf: 0.06813326239079429
- history: 0.06588697319629541
- 60: 0.06449323394273226
- heterogeneous: 0.06240876638639414
- biopsy: 0.06044165040580021
- new: 0.059652817308659276
- thickening: 0.058661257268542925
- possible: 0.05842320714092564
- no: 0.056079705441570864
- between: 0.0560257540129151
- area: 0.055858726117897974
- onset: 0.05536843868359857
- and: 0.05345290605259986
- focal: 0.05157675095537473
- all: 0.05132853732073831
- enhancement: 0.049630430019217874
- t2: 0.04960844329432791
- consistent: 0.046753947807235297
- imaging: 0.04531490517793533
- diagnosis: 0.04469916829722685
- presents: 0.04147936193237237
- which: 0.03920801400015226
- male: 0.03839132201944515
- at: 0.032568812852058995
- patient: 0.02804512784584221
- is: 0.023613692694677262
