Texto: 
ct: bilateral rectus abdominus masses with heterogenous enhancement
xr: focal cortical growth and thickening of the 4th metatarsal
gardner's syndrome
ct: desmoid, fibrosarcoma, metastasis
xr: osteoma, healing stress fracture
15 year old female with strong family history of colonic polyps.
reference factoid 5730


Keywords by value: 
- xr: 0.43380343124109316
- 5730: 0.27289577486956484
- abdominus: 0.2521606113060682
- gardner: 0.24548537960289393
- fibrosarcoma: 0.2126209229084321
- desmoid: 0.20716686148064123
- polyps: 0.18403725892608477
- osteoma: 0.18042873085689198
- strong: 0.17782582748461315
- rectus: 0.17660465720922972
- metatarsal: 0.1696910615544861
- reference: 0.16696968469014678
- colonic: 0.16653925254974553
- heterogenous: 0.1607311690298535
- healing: 0.15935554654837003
- 4th: 0.15709066392111654
- stress: 0.14088904245925588
- growth: 0.14070828953684583
- family: 0.13425009277101438
- ct: 0.12993100766263924
- metastasis: 0.12506892542275228
- cortical: 0.12251057085639094
- factoid: 0.11917298716234186
- masses: 0.11617068509821826
- thickening: 0.11609144129652765
- 15: 0.11531033901849623
- syndrome: 0.1028742276323029
- focal: 0.10207110509737355
- enhancement: 0.09821930898482717
- fracture: 0.0969824670854172
- bilateral: 0.09171000263341014
- female: 0.08234325952134944
- with: 0.06682818030314817
- of: 0.06678827432515366
- history: 0.06519561664019556
- year: 0.05258890326360711
- old: 0.050503551233690956
- and: 0.035261347347345165
- the: 0.03404952018293066
