Texto: 
n/a
treatment is supportive to include analgesics and hydration.
diffuse serpentine t1 intermediate signal and t2 hyperintense lesions in both femurs.
bone infarcts, sickle cell disease
• bone infarcts due to sickle cell disease
• trauma 
• bone infarcts due to steroid use 
• collagen vascular disease 
• hemophilia 
• bone infarcts due to gaucher disease 
• infection (osteomyelitis)
• radiation therapy
• diffuse metastatic disease
20 year old man with leg pain.


Keywords by value: 
- infarcts: 0.5229600197851793
- bone: 0.2916213093174308
- disease: 0.280437301114023
- sickle: 0.26427768387339895
- due: 0.23041580463454936
- hemophilia: 0.17171249015550655
- diffuse: 0.16758816892304115
- gaucher: 0.16355390791006608
- hydration: 0.1597471362500086
- femurs: 0.1597471362500086
- serpentine: 0.15647341421016694
- analgesics: 0.15360163154066125
- cell: 0.15286958885949645
- intermediate: 0.1364816451931706
- collagen: 0.13562978555072422
- to: 0.13361545082844556
- steroid: 0.128786910947583
- osteomyelitis: 0.11519300924310556
- supportive: 0.11163224871138085
- hyperintense: 0.1062856188128864
- use: 0.10223512819213816
- leg: 0.10086836629002889
- radiation: 0.0885453938572135
- vascular: 0.08821156076892077
- 20: 0.0862010831061359
- t1: 0.08325142949208193
- infection: 0.08071209794147932
- include: 0.07950060139467362
- trauma: 0.07759936319201978
- t2: 0.07687326117231205
- therapy: 0.07677134560088533
- lesions: 0.07673747204683044
- signal: 0.07574339535270565
- both: 0.07451112365564469
- metastatic: 0.07328196656489763
- man: 0.07073823445846344
- treatment: 0.06364862919235129
- and: 0.05522042800955204
- pain: 0.0478129012061464
- year: 0.04117797482556993
- old: 0.039545109942271194
- is: 0.03659178650276644
- in: 0.03323944896404876
- with: 0.026163781286403395
