Texto: 
elevated lipase.
ercp
intra and extra-hepatic ductal dilatation.  intraluminal filling defect in the distal common bile duct.
choledocholithiasis
- tumor
  - ampullary carcinoma
  - cholangiocarcinoma
  - pancreatic carcinoma
  - biliary cystadenoma
- choledocholithiasis
chronic abdominal pain.


Keywords by value: 
- choledocholithiasis: 0.4795448496931155
- ampullary: 0.27461622340026026
- carcinoma: 0.23813086724582072
- ercp: 0.23310552652410385
- cholangiocarcinoma: 0.22158169820352078
- lipase: 0.20968501884907226
- intraluminal: 0.20332288347014787
- cystadenoma: 0.20143620047263214
- bile: 0.19328417864987152
- biliary: 0.18511196872401617
- pancreatic: 0.1804523727214787
- ductal: 0.17516926158526291
- duct: 0.17134879447514664
- intra: 0.1667538790012778
- dilatation: 0.1624930888849615
- filling: 0.15414940374807326
- defect: 0.14601712457660357
- elevated: 0.1356981360387934
- chronic: 0.1181530905381506
- distal: 0.11565563899267466
- common: 0.11288672862051899
- abdominal: 0.10886821253273463
- tumor: 0.10411707766143326
- pain: 0.07122904275184873
- in: 0.04951831140930147
- and: 0.04113218533329805
- the: 0.03971859500654115
