Texto: 
bilateral optic nerve atrophy and papilledema
no chemotherapy or radiation therapy
• large suprasellar mass with some small cystic foci
• homogeneous enhancement.
• marked hydrocephalus.
hypothalamic glioma
• optic or hypothalamic glioma (astrocytoma)
• craniopharyngioma
• teratoma
• neuroblastoma
4 month old baby girl noted to be blind.
by some definitions, the lesion must present at < 60 days to be called "congenital".  however, considering the size, this tumor is almost certainly congenital.  unfortunately there are no prenatal ultrasounds available for confirmation.


Keywords by value: 
- hypothalamic: 0.32908174879877355
- optic: 0.2478470162762682
- glioma: 0.24458950043082653
- definitions: 0.219992206026661
- congenital: 0.20687461773750163
- some: 0.18115767370139838
- ultrasounds: 0.17937483976540836
- certainly: 0.17477359271362122
- papilledema: 0.15872315145314408
- considering: 0.15591615136695877
- confirmation: 0.15399849589819456
- blind: 0.15164917395177122
- unfortunately: 0.1484904331389096
- prenatal: 0.14198360284466258
- suprasellar: 0.14123020395374145
- craniopharyngioma: 0.1390962301153618
- atrophy: 0.13619964176112462
- called: 0.13443820691227631
- neuroblastoma: 0.13226594299128536
- baby: 0.12978974377822663
- almost: 0.12932237878069536
- homogeneous: 0.12710718668880344
- teratoma: 0.12449065534525991
- must: 0.12336882671965785
- foci: 0.1176643105766719
- hydrocephalus: 0.11751885202639585
- be: 0.11679841697184055
- marked: 0.10888268105155888
- astrocytoma: 0.10867750115221496
- 60: 0.10767590190132058
- nerve: 0.1027010073818473
- chemotherapy: 0.10222180965683988
- girl: 0.10098672584367371
- or: 0.10016291299644606
- available: 0.09767335967160594
- size: 0.0974759376327064
- radiation: 0.09540049568436298
- no: 0.09362893582206555
- days: 0.09113351826917544
- month: 0.087573119292069
- cystic: 0.0867027920594302
- however: 0.08520805988244466
- enhancement: 0.08286142572436277
- therapy: 0.08271491159089059
- bilateral: 0.07736993519841753
- noted: 0.076327893151621
- tumor: 0.07529993753627967
- small: 0.07425991445591454
- present: 0.0738710471534211
- large: 0.07213158995184872
- to: 0.07197991722008068
- lesion: 0.06901808939733207
- by: 0.06113417534239369
- the: 0.05745085801863961
- there: 0.05728162142193772
- mass: 0.05498924577725345
- are: 0.05462663912826833
- at: 0.054375879194005945
- this: 0.04946758029474022
- for: 0.0436334638101324
- old: 0.04260665547966231
- is: 0.03942468849333501
- and: 0.02974777102753141
- with: 0.028189356836846917
