Texto: 
qn hcg 110,000
heterogeneous, partially cystic, partially solid mass within the endometrial canal.
hydatidiform mole (molar pregnancy)
retained products of conception vs gestational trophoblastic disease
hyperemesis for 3 weeks.


Keywords by value: 
- partially: 0.31830873377348773
- hyperemesis: 0.29656494888197865
- qn: 0.28338364111318476
- conception: 0.28338364111318476
- hydatidiform: 0.2740313544164468
- trophoblastic: 0.26085004664765293
- mole: 0.24114511417189932
- molar: 0.22699331328984487
- retained: 0.20746269278661864
- products: 0.19607792524083567
- endometrial: 0.18942024217900152
- gestational: 0.1800679554822636
- hcg: 0.17391586744771936
- pregnancy: 0.15175810497138126
- canal: 0.14273827367007547
- solid: 0.14217041460311283
- vs: 0.1414742615566476
- heterogeneous: 0.13422006441939455
- cystic: 0.11168646995386272
- weeks: 0.11114008557995587
- within: 0.08540967899371882
- disease: 0.07784270392968841
- mass: 0.07083456715069888
- for: 0.05620658146133219
- the: 0.03700275028931171
- of: 0.03629052368183766
