Texto: 
esr 6
vasculitis workup negative
since the episode was determined to be secondary to fmd and not vasculitis, she was spared steroid and warfarin/lovenox therapy.  she was sent home on clopidogrel (pavix) only. 

carotid dopplers performed as well as cta of the circle of willis to screen for involvement of these vessels.
• splenic artery dissection and aneurysm of false lumen
• r renal artery bead-on-a-string appearance
• acute r renal infarct
• bilateral external iliac webbing
• left external iliac artery dissection
• remote infarcts of bilateral kidneys with atrophy
• dissected small intrarenal artery in r kidney
• sma saccular aneurysm
• jejunal branch of sma complete occlusion (remote)
• left sided intrarenal arterial dissection with aneurysm of false lumen
fibromuscular dysplasia
• large vessel vasculitis
• takayasu arteritis
• fibromuscular dysplasia
55 yo woman with acute onset of right flank pain, nausea, and vomiting.  she had a similar episode 10 years prior.


Keywords by value: 
- vasculitis: 0.23556737583123827
- dissection: 0.23054174527434326
- intrarenal: 0.21746979642585224
- artery: 0.21019642224768662
- fibromuscular: 0.19341324228652232
- aneurysm: 0.19327275498972976
- sma: 0.19129338486673378
- false: 0.18250454644000075
- remote: 0.17513384545738828
- iliac: 0.15578237002756412
- episode: 0.15486951703741697
- she: 0.15110085280683963
- lumen: 0.1506843666150102
- external: 0.13680665680023227
- pavix: 0.13531151221385462
- dopplers: 0.13531151221385462
- of: 0.1324640867218966
- dysplasia: 0.1296059584684457
- webbing: 0.12929737367902217
- clopidogrel: 0.1250302744808066
- dissected: 0.1250302744808066
- fmd: 0.11300199741114166
- willis: 0.10873489821292612
- circle: 0.10754764948788088
- renal: 0.10537940167828985
- takayasu: 0.10446779901471058
- saccular: 0.10191879730843362
- spared: 0.10043429032430544
- jejunal: 0.09974427332142148
- arteritis: 0.09784816046174216
- acute: 0.09154270219996866
- bilateral: 0.09094621671877923
- was: 0.08846338112932293
- screen: 0.0872731964831275
- splenic: 0.08300609728491196
- branch: 0.08300609728491196
- infarcts: 0.08278955780862829
- steroid: 0.08155278419386165
- determined: 0.08059550427213033
- atrophy: 0.08004945399566966
- workup: 0.07969627800842775
- cta: 0.07969627800842775
- sent: 0.07918179785532543
- occlusion: 0.07773747699898016
- esr: 0.07743475851870849
- home: 0.07483066052470301
- vessel: 0.07421510785237566
- flank: 0.07421510785237566
- kidneys: 0.07283432640068091
- 55: 0.07272485955186395
- carotid: 0.07127154646081363
- infarct: 0.07040726176966942
- and: 0.06993536245913332
- arterial: 0.06967913076544979
- as: 0.06798253507531511
- vessels: 0.0656583158633176
- nausea: 0.06499603216366738
- similar: 0.06448670519000205
- to: 0.0634577998622048
- vomiting: 0.06260812654410858
- since: 0.06128996923654069
- involvement: 0.06123960351517078
- kidney: 0.059442368899883295
- complete: 0.05930933939211335
- left: 0.05772535902079655
- sided: 0.05442614917874519
- onset: 0.05433116897783839
- only: 0.052860193413859544
- yo: 0.052860193413859544
- negative: 0.05238213167078943
- years: 0.05186545042518354
- on: 0.05110798768334249
- appearance: 0.05100873150349267
- secondary: 0.05015111169257369
- performed: 0.050056182148119945
- with: 0.049703712743305685
- 10: 0.04947625329161374
- therapy: 0.04861454424207441
- these: 0.047779854805456226
- prior: 0.047340039301507764
- woman: 0.04406571910225929
- small: 0.04364523672086354
- large: 0.04239434345658549
- had: 0.042156343313313874
- well: 0.04096909458826864
- be: 0.03432332635115292
- the: 0.03376594649228736
- not: 0.03340243562682016
- pain: 0.03027695272025208
- right: 0.02805206877597837
- for: 0.0256449643242591
- in: 0.021048486900902885
