Texto: 
vital signs within normal limits.  non-focal neurologic exam.  funduscopic reveals papilledema, no retinal hemorrhage.
patient underwent continued medical evaluation and management of her headaches.  annual eye exams recommendations.
bilateral calcifications of the optic discs.  ct head otherwise essentially normal.
optic disc drusen
-papilledema
-pseudopapilledema
-optic disc drusen
30 yo female homemaker complains of frequent headaches.  no associated symptoms of aura, vomiting or neurologic changes.  review of systems noncontributory.


Keywords by value: 
- drusen: 0.3518089839992212
- optic: 0.3292706702505886
- papilledema: 0.28115665460883316
- disc: 0.2215461265651548
- neurologic: 0.2037681384302712
- homemaker: 0.19484326048280456
- aura: 0.19484326048280456
- headaches: 0.19021452373418168
- funduscopic: 0.18342530621183997
- discs: 0.15030853972857552
- retinal: 0.14931495567819897
- recommendations: 0.1483636648489701
- exams: 0.12942489636577612
- essentially: 0.1290292761139053
- of: 0.1247595650020868
- systems: 0.12319510534504599
- annual: 0.11784785273490268
- frequent: 0.11691638626236832
- vital: 0.1135360775692938
- noncontributory: 0.1135360775692938
- complains: 0.11094700937996094
- review: 0.10500220259424076
- continued: 0.10447313740446848
- normal: 0.10411782516460337
- eye: 0.10200078990182072
- limits: 0.10074920819334425
- reveals: 0.09698970106166478
- vomiting: 0.09434663026379266
- management: 0.09418105942740439
- calcifications: 0.09305518313350387
- otherwise: 0.09088919307740932
- signs: 0.08911103577940364
- underwent: 0.08783343315913186
- 30: 0.08698066638536221
- hemorrhage: 0.0853669377211092
- no: 0.08292551568347668
- medical: 0.08103371247160454
- her: 0.07965708924665574
- yo: 0.07965708924665574
- evaluation: 0.07775891943735905
- changes: 0.07705792942289806
- head: 0.0760460165804261
- symptoms: 0.06976281110412125
- bilateral: 0.06852520236819674
- associated: 0.06720402016557282
- exam: 0.06418543476222571
- female: 0.061526424166755043
- within: 0.05872428015447505
- ct: 0.04854186205607247
- or: 0.044356272661127516
- patient: 0.041470558211982506
- and: 0.026347082034341204
- the: 0.0254416115372056
