Texto: 
non-contributory
conservative management
anti-seizure medication
periodic imaging
• two centimeter mass arising from hypothalamus.  
• lesion is isointense with brain and does not enhance. 
• no lesional calcifications, cysts or flow voids.

lesion has been stable over last 4 years.
hypothalamic hamartoma
• hypothalamic glioma
• hypothalamic hamartoma
• craniopharyngioma
• basilar tip aneurysm
• langerhan histiocytosis
14 year old boy presented four years previously with seizures


Keywords by value: 
- hypothalamic: 0.49662035266352467
- hamartoma: 0.2849280841470511
- lesional: 0.19642469985949063
- years: 0.1775641142023436
- hypothalamus: 0.17583497832283568
- langerhan: 0.17583497832283568
- centimeter: 0.16853065836481623
- periodic: 0.16286498764200497
- voids: 0.14841553477253444
- histiocytosis: 0.14526580691565805
- craniopharyngioma: 0.13994095004500434
- lesion: 0.13887446112009344
- basilar: 0.13702677094866897
- tip: 0.1361252472251757
- medication: 0.1338668482509579
- isointense: 0.13105702173206055
- enhance: 0.1296460892766769
- glioma: 0.12303743614379493
- seizures: 0.11823253431910127
- last: 0.1177985023695494
- four: 0.11737176542098367
- previously: 0.11626766752461101
- arising: 0.11508037456233727
- stable: 0.11457000057885117
- conservative: 0.11181919177050544
- aneurysm: 0.11027991742050093
- cysts: 0.10975203456515946
- 14: 0.10813298413505994
- management: 0.10698304040247308
- calcifications: 0.10570412434683676
- does: 0.10012769888553202
- boy: 0.09907691786949928
- flow: 0.09647050315660351
- brain: 0.0902898990282397
- two: 0.08601103726875882
- presented: 0.0844597016146666
- been: 0.08438264464882143
- over: 0.08053475473308165
- imaging: 0.07611581420641564
- has: 0.06615651229694447
- from: 0.05752241243886161
- not: 0.057177502997228985
- with: 0.0567210969504245
- mass: 0.05532319093008422
- or: 0.0503855970516693
- no: 0.04709876831232521
- year: 0.044635365904030666
- old: 0.042865402183215925
- is: 0.03966411137390229
- and: 0.029928426786703016
