Texto: 
non-contributory
surgical removal
radiation therapy
• hypointense mass left frontal lobe on t1 scans
• hyperintense mass left frontal lobe on t2 scans
• no contrast enhancement after gadolinium
oligodendroglioma
• astrocytoma or other glioma
• dnet
• ms
19 year old woman with chronic headache


Keywords by value: 
- scans: 0.385805431393569
- frontal: 0.2853708903266163
- lobe: 0.2562264836345748
- dnet: 0.24558264245551822
- oligodendroglioma: 0.232674864465947
- ms: 0.2152631977147306
- hypointense: 0.19508837015821046
- glioma: 0.18832529203536547
- gadolinium: 0.1847194985551827
- hyperintense: 0.17634371989583172
- 19: 0.1755585783855575
- removal: 0.16945691297399962
- mass: 0.16935912214652946
- astrocytoma: 0.16735568866295578
- headache: 0.15282342119967568
- left: 0.1512464079700552
- radiation: 0.1469100364359869
- t1: 0.13812655867511708
- on: 0.1339082109978484
- chronic: 0.131588691153006
- enhancement: 0.12760075285750588
- t2: 0.12754422458145137
- therapy: 0.12737513142302195
- woman: 0.11545673932375304
- other: 0.11512703908177857
- surgical: 0.10774844319291932
- contrast: 0.10771451636148878
- after: 0.10754532504970431
- or: 0.07712191164355968
- no: 0.07209097958249344
- year: 0.06832041192046492
- old: 0.0656112451411371
- with: 0.043409621829533264
