Texto: 
endometrial fluid, with fluid pattern suggestive of an arcuate uterus, or less likely, partial bicornuate uterus.  small amount of free fluid in the pelvis.  prominent ovaries, with numerous enlarged follicles.
bicornuate uterus
partial bicornuate uterus
arcuate uterus
28 year old woman with right lower quadrant abdominal pain.
findings in this case are more consistent with arcuate uterus than bicornuate uterus.


Keywords by value: 
- uterus: 0.6248562992364574
- bicornuate: 0.4982849523239922
- arcuate: 0.3841053001658979
- fluid: 0.176278121443904
- partial: 0.15682367653485957
- follicles: 0.13403797042321536
- ovaries: 0.11220506869784026
- endometrial: 0.10395158229049185
- numerous: 0.08596417444391853
- 28: 0.08446213607464746
- suggestive: 0.08287290102511144
- amount: 0.08141372754695024
- prominent: 0.08015174423818935
- with: 0.0797108346569107
- free: 0.07921924352417627
- pattern: 0.07598028672542805
- quadrant: 0.07128365895573573
- pelvis: 0.0711780929007164
- enlarged: 0.06937751282272198
- less: 0.06923535580568577
- likely: 0.0608148408056393
- than: 0.05769014422286601
- more: 0.055882251487352444
- abdominal: 0.055660350476865524
- consistent: 0.05518167121675812
- woman: 0.053001803922652774
- small: 0.0524960519416185
- lower: 0.052004242847348066
- case: 0.051127808708861355
- in: 0.050633816867996236
- findings: 0.050227250240393505
- of: 0.039831617946223835
- an: 0.03891625319778142
- are: 0.03861683528838516
- pain: 0.03641681434337363
- or: 0.03540374050933513
- this: 0.03496977721568108
- right: 0.03374074630301326
- year: 0.03136330627153246
- old: 0.030119630698562612
- the: 0.020306670487935403
