Texto: 
not available.
hyperechoic bilateral renal pyramids with cortical thinning.
medullary nephrocalcinosis
hyperparathyroidism
medullary sponge kidney
distal renal tubular acidosis
hypercalcemic states
non-contributory.


Keywords by value: 
- medullary: 0.39506601757235427
- hypercalcemic: 0.3300466163786188
- pyramids: 0.27829412299469003
- renal: 0.278173547201658
- nephrocalcinosis: 0.27115544058731517
- sponge: 0.27115544058731517
- acidosis: 0.2538557654904154
- thinning: 0.2370587205561404
- hyperparathyroidism: 0.21275066051645386
- hyperechoic: 0.20561197810907905
- states: 0.19622774285342703
- tubular: 0.19404326832136173
- cortical: 0.1603509730260232
- kidney: 0.15691201836038357
- available: 0.15153698258520432
- distal: 0.12977228968212987
- bilateral: 0.12003689196522355
- not: 0.08817353159637327
- with: 0.0437348534998248
