Texto: 
diffuse abdominal tenderness
exploratory lapratomy was performed.
free intraperitoneal air outlining the hemidiaphragm, liver and bowel loops.
pneumoperitoneum
pneumoperitoneum
65 yo man five days post heart surgery, now with abdominal pain.


Keywords by value: 
- pneumoperitoneum: 0.48207442963392066
- lapratomy: 0.3353172945138288
- outlining: 0.2694574267292958
- exploratory: 0.25068096224286884
- abdominal: 0.229354543896696
- intraperitoneal: 0.22254459028980544
- hemidiaphragm: 0.21850127725621105
- loops: 0.19043620909286726
- five: 0.18938090908749794
- 65: 0.1794184565544806
- free: 0.16321576589677203
- heart: 0.1457911997442575
- liver: 0.14464407682617525
- now: 0.14393229899872312
- air: 0.1371468641009361
- bowel: 0.13456068358738701
- days: 0.1327338682943734
- diffuse: 0.13149269662148994
- tenderness: 0.13149269662148994
- yo: 0.13099356258024455
- performed: 0.1240449042138515
- post: 0.1140913095737944
- surgery: 0.11273059317922841
- man: 0.11100498636580924
- pain: 0.07502972737628252
- was: 0.07307410172399954
- and: 0.04332694267280433
- the: 0.041837925093165904
- with: 0.04105714833299376
