Texto: 
• stiff neck
• photophobia
• mild disorientation
pending.  supportive to date.
• ct- left-sided subarachnoid blood and a hematoma left temporal lobe.

• cta- multilobulated aneurysm, without a discrete neck, arising from the left middle cerebral artery trifurcation.
aneurysm, left middle cerebral artery trifucation
• aneurysm
• aneurysm with avm
• mycotic aneurysm
56 year old woman with a new episode of headache and neck pain, followed by brief loss of consciousness.  she called ems after waking up.


Keywords by value: 
- aneurysm: 0.4962275224273298
- neck: 0.23920376907433757
- trifucation: 0.19260903070580196
- trifurcation: 0.18751025694638848
- waking: 0.18751025694638848
- middle: 0.18641255834034587
- cerebral: 0.1806060318255737
- left: 0.17785173221941272
- disorientation: 0.17407948018638247
- stiff: 0.1675060175277848
- multilobulated: 0.16398371344742968
- artery: 0.16190370418313904
- ems: 0.1595472975804531
- brief: 0.15583378110977364
- mycotic: 0.1473436477389705
- photophobia: 0.14240300434976766
- discrete: 0.13489676943205273
- 56: 0.1217212997672338
- consciousness: 0.1217212997672338
- called: 0.1217212997672338
- date: 0.12047236885286096
- episode: 0.11928817914828961
- subarachnoid: 0.11729999117175047
- avm: 0.11527656841983909
- supportive: 0.10889757286951174
- pending: 0.10720422443279766
- arising: 0.10356563640019878
- temporal: 0.10012633185644063
- hematoma: 0.09123037930756325
- new: 0.09017355524182191
- headache: 0.08985307667419283
- followed: 0.08801922553030782
- loss: 0.07940989865366842
- she: 0.07759024475951513
- blood: 0.07569839724073542
- lobe: 0.07532463839392545
- mild: 0.07388789538882229
- without: 0.06875117573532775
- woman: 0.0678832025194283
- up: 0.06447590541730523
- after: 0.0632316582221795
- by: 0.055351313096058744
- and: 0.05386768297217649
- from: 0.0517668218769866
- with: 0.05104568459503961
- of: 0.05101520302338938
- pain: 0.04664161972281647
- year: 0.04016923036084341
- old: 0.038576366070571674
- to: 0.03258556210468935
- the: 0.026008205819550583
