Texto: 
non-contributory
surgical resection
non-enhancing fluid or cystic mass involving the sella with extension into the sphenoid sinus and suprasellar cistern.
rathke cleft cyst
• craniopharygioma
• pituitary adenoma
• arachnoid cyst
• rathke cleft cyst
• degeneration of pituitary adenoma
46 year old man with a history of decreased libido and visual problems


Keywords by value: 
- rathke: 0.3626413693045069
- pituitary: 0.3061773791596906
- cleft: 0.2998020832157469
- cyst: 0.28721747058088065
- adenoma: 0.2646316473820878
- craniopharygioma: 0.2536175850536738
- libido: 0.24524764401741994
- sella: 0.17176305164685865
- sphenoid: 0.16694750621193014
- suprasellar: 0.1628169647930384
- cistern: 0.1611539742928349
- degeneration: 0.15434025514879351
- 46: 0.15248253405046244
- arachnoid: 0.1515963412874401
- problems: 0.14396300701360878
- visual: 0.14159980051623564
- sinus: 0.11992527022723441
- extension: 0.11748366172045369
- involving: 0.1162491681116536
- resection: 0.10638579963338568
- decreased: 0.10280220125893301
- cystic: 0.09995514448752164
- fluid: 0.09582460306862992
- into: 0.08822419965629569
- man: 0.08786399410626274
- surgical: 0.0806644611282594
- and: 0.06858931945814326
- the: 0.06623210946020085
- with: 0.06499608994612248
- of: 0.06495727798800312
- history: 0.06340828291324056
- mass: 0.06339424459546442
- or: 0.05773630931047909
- year: 0.051147181790438805
- old: 0.04911899955517638
