Texto: 
no palpable abnormality
none
an ovoid mass with microlobulated borders is noted on mammography.
breast hemangioma
mucious tumor of the breast
breast hemangioma
breast cancer
asymptomatic


Keywords by value: 
- breast: 0.6094407809644098
- hemangioma: 0.35298046536091215
- mucious: 0.33553684157867064
- microlobulated: 0.3206233651436062
- mammography: 0.21864433970741967
- borders: 0.2110550466469981
- ovoid: 0.20923081369046959
- abnormality: 0.15261385940904956
- palpable: 0.14740138802896957
- asymptomatic: 0.14283674703471472
- cancer: 0.13975036747763223
- none: 0.11466153850920749
- noted: 0.11124260444767073
- tumor: 0.1097444305143221
- an: 0.08023182951348598
- mass: 0.08014300754670892
- no: 0.06822883642170326
- on: 0.06336716102768705
- is: 0.05745874602911874
- the: 0.04186531823334555
- with: 0.041084030264092346
- of: 0.04105949722428477
