Texto: 
negative
none
• extraconal lesion medial aspect of right orbit
• appears to be vascular 
• calcified nidus within lesion
• enhances with contrast
• seen on late arterial and venous phase of digital angiogram
• contains a fluid-contrast level.
orbital venous varix, right side
• cavernous angioma
• venous varix
• metastatic disease
• avm
• cavernous sinus fistula
72 y.o. woman with right orbital pain and intermittent proptosis.


Keywords by value: 
- varix: 0.40300203536545076
- venous: 0.3276867855991958
- orbital: 0.2683870202793143
- cavernous: 0.26541803873858105
- extraconal: 0.20150101768272538
- nidus: 0.1748619832335767
- digital: 0.17203621188087875
- angioma: 0.16057215397988234
- proptosis: 0.15435522958061684
- right: 0.1521687033002316
- contains: 0.1489312323627537
- contrast: 0.14867056608598023
- 72: 0.14746127425166744
- lesion: 0.14669473509318798
- late: 0.14442179641331404
- orbit: 0.14169198230804222
- fistula: 0.13818286132586546
- angiogram: 0.1374343470132944
- avm: 0.13530653383747032
- enhances: 0.13485576655369888
- phase: 0.13091370096821076
- arterial: 0.12599169375991914
- intermittent: 0.12504500646633884
- calcified: 0.12324634232368514
- appears: 0.11203560410564302
- sinus: 0.11055037915364599
- side: 0.10569062892021815
- vascular: 0.1010024159986856
- medial: 0.09958564459589925
- aspect: 0.09870041499697328
- negative: 0.09471578390054075
- level: 0.09241551585020989
- metastatic: 0.08390800035359261
- none: 0.08360870375917842
- woman: 0.07967829858743548
- seen: 0.07202700140894536
- within: 0.07046301257208229
- disease: 0.06422025571652006
- and: 0.06322750207375662
- be: 0.06206239909927938
- with: 0.059915165281124914
- of: 0.05987938736144492
- pain: 0.05474586885927445
- on: 0.04620595766730099
- to: 0.038247490552228695
