Texto: 
not available as patient was referred from outside facility.
none required.
• high signal intensity lesions in basal ganglia and pons (seen on t2 only)
• no mass effect or enhancement of these lesions.
neurofibromatosis type 1
• myelin vacuolization
• hamartomas
• gliomas (astrocytomas)
• ectopia
11 year old boy with a known clinical diagnosis,  for evaluation of daily headaches.
this boy had a known diagnosis of neurofibromatosis type 1.

there are no intracranial masses (e.g. optic nerve or hypothalamic gliomas) found in this patient.  

the only intracranial manifestation of nf1 are these typical "nf bodies" that usually resolve by the time the patients are in the late teens or early twenties.


Keywords by value: 
- gliomas: 0.2825363264555023
- neurofibromatosis: 0.24227641862265645
- intracranial: 0.19658333547904172
- vacuolization: 0.19535583197289186
- teens: 0.18667292674295438
- twenties: 0.17573375986647788
- boy: 0.16712717300302543
- type: 0.16389533765839476
- myelin: 0.16089023533416516
- known: 0.15817627377746024
- only: 0.1526336805148079
- nf: 0.15220733010422766
- hamartomas: 0.15082525837595367
- nf1: 0.14830297244839144
- astrocytomas: 0.14604671080185241
- lesions: 0.14031244191005743
- hypothalamic: 0.13962006721845396
- are: 0.13905921652927858
- ectopia: 0.13884126578410821
- manifestation: 0.13884126578410821
- these: 0.13796421508188797
- resolve: 0.12916214934147807
- or: 0.12748886284098968
- diagnosis: 0.12665077258555874
- pons: 0.12558473970400744
- facility: 0.12113820931132822
- daily: 0.11583087735920211
- late: 0.11531483602185798
- ganglia: 0.11481093796764737
- bodies: 0.10697457296945835
- optic: 0.10515447057972724
- basal: 0.10452918004814452
- outside: 0.09806263155379134
- the: 0.0974990887534777
- of: 0.09562243243275122
- typical: 0.09440650746662163
- 11: 0.09145116024670277
- in: 0.09116618245602699
- headaches: 0.09111914306528072
- referred: 0.09039040691495649
- early: 0.08805468440087548
- required: 0.0872147854094445
- nerve: 0.08714625837742539
- intensity: 0.08673963832741843
- effect: 0.08569161615272086
- this: 0.0839507740687154
- masses: 0.08316222868994778
- available: 0.08288008127208954
- patient: 0.07946315880685066
- no: 0.07944821224991512
- found: 0.07904122629114954
- clinical: 0.07741744146750337
- usually: 0.0769024343809253
- evaluation: 0.07449826612310487
- time: 0.07240560680146625
- enhancement: 0.07031151300053852
- t2: 0.07028036437070918
- high: 0.06942610435544809
- signal: 0.06924739945831973
- patients: 0.0687200619692
- none: 0.06675809471582601
- had: 0.060863169631061524
- seen: 0.05751058401772497
- that: 0.05301160992327876
- by: 0.05187499885245273
- as: 0.04907485136325547
- there: 0.048605939785517416
- from: 0.048515629987015016
- not: 0.04822472600472704
- mass: 0.04666075964247353
- was: 0.04257296647541372
- year: 0.03764641997302563
- for: 0.03702488620157333
- on: 0.03689354767745101
- old: 0.03615359480577874
- and: 0.025242273724531708
- with: 0.023919891703336055
