Texto: 
bilateral hearing loss
orofacial cleft
mental retardation
agenesis of the corpus callosum
bilateral colobomas
orofacial cleft
mandibular  and maxillary hypoplasia
charge synrome
other syndromic malformations of the brain and face
3 year old girl with known charge syndrome.


Keywords by value: 
- orofacial: 0.48192964272846434
- charge: 0.4453116702704866
- cleft: 0.2721848092817821
- colobomas: 0.24096482136423217
- synrome: 0.24096482136423217
- syndromic: 0.20123569439488628
- retardation: 0.17645197403379537
- mandibular: 0.16461772193690863
- bilateral: 0.1619584210304133
- agenesis: 0.1581429878048065
- malformations: 0.15202011422375195
- maxillary: 0.14941989021928798
- hypoplasia: 0.14860707889930597
- callosum: 0.14192435720726995
- corpus: 0.13736870524582304
- hearing: 0.13685076152089687
- face: 0.13584438137601954
- mental: 0.13131807590436423
- girl: 0.10569771462731659
- known: 0.09755254596170573
- brain: 0.09393144735709369
- loss: 0.09179775858871486
- syndrome: 0.09083713332040255
- other: 0.07824882150163581
- and: 0.062270984361530196
- the: 0.06013091666471786
- of: 0.05897352056725028
- year: 0.046435587677063905
- old: 0.04459423824755932
- with: 0.0295043786158683
