Texto: 
unremarkable.
pa chest: well circumscribed, round anterior mediastinal mass at the right cardiophrenic angle.
ct chest: well-circumscribed/smoothly marginated, non-calcified, homogeneous right cardiophrenic angle cystic mass with an imperceptible wall and with an average hounsfield unit value consistent with simple fluid. no enhancement was seen on the post-contrast series (not shown).
pericardial cyst
right cardiophrenic angle mass, radiographic ddx:
epicardial fat pad
lipoma
pericardial cyst
morgagni hernia
lymph node
thymoma
sequestration
other "cystic" lesions (see ct ddx below)

cardiophrenic angle cystic mass, ct ddx:
pericardial cyst
bronchogenic cyst
foregut duplication cyst
loculated pleural effusion
hematoma
pericardial metastasis
hydatid cyst
a 25 year old asymptomatic female presenting for occupational screening chest radiography.


Keywords by value: 
- cardiophrenic: 0.44946963515148336
- pericardial: 0.33820694842466886
- angle: 0.3031791184557303
- cyst: 0.2990874300689383
- ddx: 0.24636840503963564
- cystic: 0.15612905036633407
- chest: 0.136837920733706
- circumscribed: 0.13383628443387727
- mass: 0.13202833141641965
- imperceptible: 0.121549399516748
- hydatid: 0.1138112060065405
- epicardial: 0.11236740878787084
- foregut: 0.10871418824421303
- morgagni: 0.10408814329119799
- hounsfield: 0.10257203851208546
- occupational: 0.10119396115853815
- ct: 0.09869359598616262
- loculated: 0.09821411392396964
- thymoma: 0.09440710114413367
- pad: 0.09319458177892942
- unit: 0.09243700366630353
- marginated: 0.09102683222204198
- sequestration: 0.09102683222204198
- average: 0.09004917655601784
- radiography: 0.0882649514120061
- value: 0.08798699122529241
- duplication: 0.08744591923882707
- right: 0.08594747479796729
- well: 0.08368224705613708
- bronchogenic: 0.08308799465071125
- series: 0.07923675291930711
- simple: 0.07819162094950703
- homogeneous: 0.07629559895009468
- lipoma: 0.07495631394847857
- node: 0.07427281131427044
- hernia: 0.07152950611067103
- below: 0.0711622540596847
- round: 0.07080369518645611
- screening: 0.07019594126588709
- mediastinal: 0.06977629101873871
- presenting: 0.06769154662926366
- lymph: 0.06719483310831867
- shown: 0.06698684258480564
- pa: 0.06631346927571634
- an: 0.06608732877274709
- pleural: 0.06505037088138364
- effusion: 0.06416768985342804
- radiographic: 0.0641106336460487
- metastasis: 0.06333362204114783
- 25: 0.061216451513388864
- hematoma: 0.06048183945299506
- asymptomatic: 0.058827644336130976
- unremarkable: 0.05793056548323193
- fat: 0.053753604818862835
- see: 0.053753604818862835
- wall: 0.052565427356005244
- with: 0.05076165840608523
- fluid: 0.049892393751692
- enhancement: 0.049737251450440015
- lesions: 0.04962740031531061
- anterior: 0.04824741953710154
- consistent: 0.04685457807818238
- other: 0.04487514660630177
- female: 0.041697782710880905
- seen: 0.040682076893002364
- the: 0.034484656115161015
- not: 0.034113407905293
- at: 0.03263891192637118
- was: 0.030115442666730656
- no: 0.028100203944777094
- year: 0.02663048164520229
- for: 0.02619081849252021
- on: 0.026097911699299144
- old: 0.025574480749384055
- and: 0.017855984913996273
