Texto: 
surgical removal
large cystic mass with heterogeneous enhancing mural nodule in left hemisphere
ependymoma, extraventricular (histology)
<li>pilocytic astrocytoma
<li>pnet
<li>ganglioglioma
<li>pleomorphic xanthoastrocytoma
<li>superficial cerebral astrocytoma
<li>extraventricular ependymoma
<li>hemangioblastoma
18 y/o man presented with 8 months history of progressive slowing of speech and non-specific headaches to primary care physician.


Keywords by value: 
- li: 0.745869365256354
- extraventricular: 0.30479726197800316
- ependymoma: 0.1898408720519654
- astrocytoma: 0.16966179816314683
- slowing: 0.13874408015531375
- xanthoastrocytoma: 0.13338716196303976
- pnet: 0.12069374578519412
- histology: 0.11926907555993661
- ganglioglioma: 0.11794052597806037
- speech: 0.11590786330781618
- mural: 0.11478187954961917
- pleomorphic: 0.11371679028434245
- hemangioblastoma: 0.11238072903306219
- superficial: 0.10857498685967054
- pilocytic: 0.1077921281062758
- hemisphere: 0.10516164609665159
- physician: 0.09856536626329525
- nodule: 0.0886955645515669
- progressive: 0.0860650825419427
- removal: 0.08589598834685014
- 18: 0.08515252831213495
- headaches: 0.0838204543805269
- heterogeneous: 0.08133254973230591
- care: 0.08029207806720037
- cerebral: 0.07785254442927589
- enhancing: 0.07039452529399012
- primary: 0.06909682696189011
- cystic: 0.06767799889861807
- presented: 0.06552914632946985
- months: 0.06540975594721743
- man: 0.05949127808118158
- large: 0.05630408836165996
- surgical: 0.05461659166604961
- with: 0.044007792958943734
- of: 0.043981514014800105
- history: 0.042932714700855516
- mass: 0.04292320958473705
- left: 0.038332634144268074
- to: 0.02809284823840571
- in: 0.027954575297558563
- and: 0.023220355042979736
