Texto: 
er
lhermitte-duclos
who grade i 
cell of origin: cerebellar neurons (hamartomatous?) 
synonyms: ganglioneuroma, purkinjioma, granular cell hypertrophy of the cerebellum, gangliocytoma dysplasticum, 
hamartoma of the cerebellum 
common locations: cerebellar hemispheres 
demographics: early adulthood 
clinical presentation: hydrocephalus; may also be found as an incidental lesion 
histology: derangement of normal laminar cellular organization of cerebellum: 1) thickening of outer molecular cell 
layer, 2) loss of middle purkinje cell layer, 3) infiltration of inner granular cell layer with dysplastic ganglion cells 
special stains: synaptophysin positive 
progression: good prognosis with surgical excision. recurrence rare. 
radiology: non-enhancing cerebellar hemisphere mass with characteristic striated mr appearance. occasionally 
contains calcifications. 
comments: associated with cowden's disease (autosomal dominant, mucosal neuromas and breast cancer


Keywords by value: 
- layer: 0.30518589964703896
- cell: 0.26138607080080345
- cerebellum: 0.25188712202028046
- cerebellar: 0.2243584056644737
- granular: 0.22016006971880878
- purkinjioma: 0.1461467008514954
- dysplasticum: 0.1461467008514954
- of: 0.143071265252842
- purkinje: 0.13965097487113334
- synaptophysin: 0.13965097487113334
- organization: 0.13146732796939742
- neuromas: 0.13146732796939742
- derangement: 0.1285464579621794
- synonyms: 0.12607689755902562
- comments: 0.12607689755902562
- neurons: 0.12393766703358754
- hamartomatous: 0.12205073198181735
- gangliocytoma: 0.1203628110604435
- cowden: 0.1203628110604435
- laminar: 0.11615962233978684
- molecular: 0.11497238065007168
- striated: 0.11497238065007168
- demographics: 0.11386708508008143
- ganglioneuroma: 0.10925829415148955
- stains: 0.10847665466970963
- adulthood: 0.1070192475307135
- cellular: 0.10568343817834551
- special: 0.10445048909250136
- ganglion: 0.1027625681711275
- dysplastic: 0.10172863321567965
- histology: 0.09699516903939912
- locations: 0.09557019193470799
- autosomal: 0.09426167463574806
- infiltration: 0.09013114105765166
- hamartoma: 0.08989022777378831
- inner: 0.0894190046413975
- contains: 0.08896124688611884
- hemispheres: 0.08873718125495555
- outer: 0.08787100104149653
- occasionally: 0.08766158065449786
- hypertrophy: 0.08607802773401213
- mucosal: 0.08607802773401213
- hemisphere: 0.08552235012905977
- dominant: 0.08552235012905977
- progression: 0.08379806044864796
- prognosis: 0.08042058395139384
- origin: 0.07866659930144945
- recurrence: 0.0754517681755537
- hydrocephalus: 0.07460092585840841
- good: 0.07432706566015443
- characteristic: 0.07388078522940918
- radiology: 0.07319162815939856
- excision: 0.07205264081784019
- with: 0.0715783751498693
- cells: 0.07041190824126405
- rare: 0.0689884394387419
- er: 0.06835262458718919
- incidental: 0.06774108348908871
- calcifications: 0.0666959021790365
- breast: 0.06636213111744416
- early: 0.06587416147112164
- grade: 0.06571475287752478
- middle: 0.06534885436147524
- presentation: 0.06290885195835946
- thickening: 0.0621716519821237
- cancer: 0.06086978423456193
- positive: 0.060218924511494104
- found: 0.059131147184338574
- mr: 0.059131147184338574
- clinical: 0.05791638542129306
- loss: 0.05567592600176164
- appearance: 0.05509330065037803
- common: 0.051826539393190166
- who: 0.05169377262661952
- associated: 0.04816747014049177
- may: 0.04598850309660117
- surgical: 0.04441675695173917
- lesion: 0.04381265883079678
- also: 0.042985529481231396
- disease: 0.038360751692240895
- normal: 0.037312442189865444
- be: 0.03707179696981155
- as: 0.036713148254066574
- the: 0.03646978442733453
- an: 0.03494584121227237
- mass: 0.03490715384385543
- and: 0.01888387456660421
