Texto: 
review of the patient's record revealed history of granular cell tumors removed from the right thigh and abdominal wall in 1995.
recommend correlation with history and biopsy as needed
not shown: no new lung mass (atelectasis)
right sided, slightly hyperdense 2cm mid renal mass with iso-hypo metabolic activity relative to the rest of the kidney.

shown: pet/ct images of four cutaneous and subcutaneous masses with increased metabolic activity with suv approximately 2.5. which had enlarged slightly since the ct examination almost 2 years prior.
granular cell tumor
metastatic disease
granular cell tumors
neurofibromas
furuncles
51y/o man with a history of lung cancer (type not specified) 10 years ago, now with questionable new right lung and right renal masses was referred for pet-ct imaging. he had subcutaneous nodules presumed to be metastatic disease seen on ct.


Keywords by value: 
- granular: 0.36009483395970093
- subcutaneous: 0.1898375667375189
- lung: 0.18185105658794173
- metabolic: 0.180671226711075
- cell: 0.17100970922585557
- furuncles: 0.159358815744359
- slightly: 0.1554608782529643
- shown: 0.15449480408527316
- ct: 0.15174768843149763
- tumors: 0.14657192114829237
- activity: 0.14631966405019042
- new: 0.13787612636660113
- specified: 0.1374746400067204
- masses: 0.1356768737831242
- right: 0.1321497154581797
- record: 0.13124398237182683
- neurofibromas: 0.12666081235860488
- renal: 0.12410722768924852
- years: 0.12216575844252119
- suv: 0.11828328058968864
- with: 0.11707392329416286
- recommend: 0.11595065699194898
- history: 0.11421389280728834
- metastatic: 0.10930386601423342
- 2cm: 0.10348206460139268
- cutaneous: 0.10348206460139268
- presumed: 0.1017847374932637
- questionable: 0.10146420137801485
- the: 0.09941691504034778
- correlation: 0.09937142678600387
- had: 0.09929657627216242
- thigh: 0.09801658307413663
- of: 0.09750334452001878
- hyperdense: 0.09173385765657073
- almost: 0.08951533458306044
- atelectasis: 0.08873185223517943
- relative: 0.08827809352454134
- rest: 0.086170875998137
- removed: 0.08465089790722809
- disease: 0.08365736516968215
- and: 0.08236414151167001
- needed: 0.08227284196098308
- review: 0.08206237281074054
- four: 0.08075286387007413
- nodules: 0.07917636569423325
- not: 0.07867730538780017
- mass: 0.0761257375657828
- referred: 0.07373472322350222
- ago: 0.072910274521524
- since: 0.07218230551667178
- mid: 0.07171331820411583
- kidney: 0.07000635317676102
- biopsy: 0.06984968191893212
- now: 0.06840351240771915
- enlarged: 0.0679313558774198
- type: 0.06684767649754082
- cancer: 0.066372601459482
- revealed: 0.06533864715544138
- sided: 0.0640986604668408
- examination: 0.06376520696265489
- approximately: 0.06358266895738131
- wall: 0.06061701886264724
- he: 0.05900788192191939
- 10: 0.058269078536040575
- prior: 0.05575322067538943
- abdominal: 0.05450012435827066
- increased: 0.05388489001724947
- man: 0.05275487861317139
- imaging: 0.05236838656148948
- tumor: 0.05212167581663613
- to: 0.04982359924064699
- seen: 0.04691346282972933
- images: 0.04609382563653203
- which: 0.04531092860960097
- be: 0.040423202359029076
- as: 0.04003213068737068
- from: 0.03957595359065121
- was: 0.034728308091604085
- patient: 0.0324104859191581
- no: 0.03240438969569589
- for: 0.030202538406793603
- on: 0.03009540082377715
- in: 0.024789183794186372
