Texto: 
not available
surgery and radiation
mixed signal intensity mass in left frontal and parietal lobe with cystic components and surrounding edema.  there is mass effect with depression of the roof of the lateral ventricle.  there is irregular ring-like enhancement following contrast administration
ependymoma
glioma:
• astrocytoma - diffuse, high-grade (gbm)
• oligodendroglioma
• ependymoma
• pleomorphic xanthoastrocytoma
gliosarcoma
dnet
ganglioglioma
abscess
6 year old girl with new onset headache and right leg weakness.
this is an unusual extraventricular supratentorial location for an ependymoma.  the fourth ventricle and spinal cord locations are far more commonly seen as the site of ependymomas.


Keywords by value: 
- ependymoma: 0.3461952939378788
- ventricle: 0.20112090921537795
- extraventricular: 0.1852768875346146
- gliosarcoma: 0.18245607073420475
- ependymomas: 0.17765015563824002
- xanthoastrocytoma: 0.16216391213757744
- supratentorial: 0.1552741387620962
- dnet: 0.15133920191097663
- roof: 0.1473383798403883
- gbm: 0.1444494285354954
- oligodendroglioma: 0.14338484161965595
- ganglioglioma: 0.14338484161965595
- locations: 0.14286978387248309
- depression: 0.14236557025597887
- and: 0.14114940147075405
- far: 0.1391053051229645
- pleomorphic: 0.13824988339842764
- components: 0.12407963855104749
- unusual: 0.12250494157159218
- fourth: 0.12250494157159218
- glioma: 0.1160546165287155
- mixed: 0.11308641918829043
- is: 0.1122390886803921
- parietal: 0.11031462853022633
- site: 0.11018411451691132
- the: 0.10903881458287779
- administration: 0.10879352932511278
- there: 0.10871761210610315
- irregular: 0.10547304810797925
- an: 0.10448246843849392
- mass: 0.10436679940294151
- astrocytoma: 0.1031321925046112
- leg: 0.1031321925046112
- cord: 0.10126749524565039
- commonly: 0.1010887685790731
- weakness: 0.0997050328831521
- intensity: 0.09700590499346488
- spinal: 0.09700590499346488
- effect: 0.09583384177680722
- girl: 0.09583384177680722
- location: 0.09512940092848933
- new: 0.09451264764773583
- headache: 0.09417674786137661
- available: 0.09268954130731676
- surrounding: 0.09111256463987036
- radiation: 0.09053265102382718
- frontal: 0.08792926560043315
- abscess: 0.08772456980583526
- onset: 0.08772456980583526
- diffuse: 0.08567470622638072
- cystic: 0.0822787508597237
- following: 0.08195619699857612
- edema: 0.08148036819084188
- with: 0.08025295424690454
- of: 0.08020503175954001
- lobe: 0.07894921064858251
- enhancement: 0.07863339162576387
- signal: 0.07744333251127819
- more: 0.07501641470500224
- surgery: 0.0734501664465644
- lateral: 0.06779917583754888
- contrast: 0.06637858758005336
- seen: 0.06431737965384883
- as: 0.0548832167243146
- not: 0.053932472850439395
- are: 0.05183929518737995
- this: 0.04694347918939506
- left: 0.046602460265969425
- right: 0.045293626325989524
- year: 0.04210214741111076
- for: 0.04140705060016782
- old: 0.04043263553466995
- in: 0.03398545426472669
