Texto: 
embolized with coils.
• plain ct (unenhanced) diffuse subarachnoid blood causing abnormal high attenuation in the sulci and basilar cisterns
• dependent layering of intraventricular hemorrhage in the occipital horns of the lateral ventricle
• dilated lateral ventricles - normal size third ventricle
• large and lobular basilar tip aneurysm.
basilar tip aneurysm
• subarachnoid hemorrhage
• basilar tip aneurysm
55 y.o. man presented with worst headache of life while at home.


Keywords by value: 
- basilar: 0.4868760073587917
- tip: 0.3627545720311256
- aneurysm: 0.29388041574188634
- subarachnoid: 0.23156158962089754
- ventricle: 0.18940220647808265
- hemorrhage: 0.17227569938790324
- embolized: 0.14878278150277116
- worst: 0.14704701667901868
- coils: 0.14467073545683773
- layering: 0.14393119996988205
- horns: 0.1432151458089605
- unenhanced: 0.1405586894109043
- cisterns: 0.1405586894109043
- intraventricular: 0.13407036214278992
- sulci: 0.13226509399248151
- lobular: 0.130593676749093
- lateral: 0.1276974487747135
- dependent: 0.12400488690231562
- home: 0.11378357816862633
- ventricles: 0.11303171482587393
- 55: 0.11058160764049628
- occipital: 0.11008950495586114
- causing: 0.1056819312417176
- life: 0.10554887002025913
- attenuation: 0.0984390060731382
- third: 0.09796013858062877
- dilated: 0.09214510941964811
- headache: 0.08868935563916455
- size: 0.08711237179941096
- plain: 0.08488302146573704
- while: 0.08314725664198455
- diffuse: 0.08068270207182068
- abnormal: 0.07729429002610667
- the: 0.07701409125356805
- of: 0.07553172887476213
- presented: 0.07502439490504392
- blood: 0.0747179987897576
- high: 0.07311915635409126
- man: 0.06811163261196203
- large: 0.0644626154410005
- in: 0.06401045073842601
- and: 0.05317002232322333
- normal: 0.05252903415482389
- with: 0.05038457270984439
- ct: 0.048980222663141997
- at: 0.04859467803343032
