Texto: 
abd:  diffuse abdominal tenderness, no rebound or guarding
corticosteroids, immunosuppresive agents
dilated loops of small bowel with distal stricture and entero-entero fistulas
crohn's disease
crohn's disease, ulcerative colitis
31 yo white woman with known crohn's disease currently on humira.


Keywords by value: 
- crohn: 0.4532987622919764
- immunosuppresive: 0.2371954691049873
- humira: 0.2371954691049873
- disease: 0.195465799675026
- fistulas: 0.18557387342829176
- ulcerative: 0.1745409624693013
- corticosteroids: 0.16810870408767137
- agents: 0.16232479958929744
- colitis: 0.15350207399114363
- guarding: 0.15187708336722466
- stricture: 0.15034369142100468
- rebound: 0.14785210170655289
- abd: 0.1443464940100817
- loops: 0.1409759426730012
- 31: 0.13774166913973426
- currently: 0.11923493803745541
- dilated: 0.11117034854462897
- white: 0.10240885426584634
- known: 0.10049313554607257
- bowel: 0.09961245976181236
- diffuse: 0.09734129317702227
- tenderness: 0.09734129317702227
- yo: 0.09697179468553298
- distal: 0.09018588109760817
- abdominal: 0.0848931859812578
- woman: 0.08083836984853471
- small: 0.08006699675047674
- with: 0.06078749642497295
- or: 0.05399779738613735
- no: 0.05047533218386869
- on: 0.04687869045065206
- and: 0.032074029490153554
- of: 0.030375598799441916
