Texto: 
upper and lower extremity weakness. no fever.
surgical decompression.
posterior epidural collection extending from foramen magnum to t5 level with compression of the cervical and upper thoracic spinal cord.
epidural hematoma, cervical and thoracic spine
• epidural empyema
• epidural tumor
• epidural lipomatosis
• epidural steroids
• epidural hematoma
67 year old woman who developed increased pain and upper and lower extremity weakness immediately following a cervical epidural steroid injection


Keywords by value: 
- epidural: 0.7681411037616024
- cervical: 0.2271518262730534
- upper: 0.16948254387709216
- thoracic: 0.15800038272801376
- weakness: 0.15431124498711066
- extremity: 0.15228667427020517
- hematoma: 0.14798943474697146
- lipomatosis: 0.14337444337593905
- t5: 0.126392948028699
- magnum: 0.11950680961730584
- empyema: 0.11401615430085271
- and: 0.10922688273752153
- lower: 0.10804425523893924
- 67: 0.10398744530595846
- decompression: 0.10214578834818143
- steroid: 0.1018970212818051
- immediately: 0.09675170890518993
- foramen: 0.09397525770121899
- steroids: 0.0928801706033081
- injection: 0.09199042207276224
- collection: 0.08536573920365421
- developed: 0.07843425828609688
- cord: 0.07836471648525568
- compression: 0.07741757552148311
- spinal: 0.07506693262007028
- fever: 0.07167831097620536
- extending: 0.07167831097620536
- spine: 0.06983730793117748
- level: 0.06385992412683461
- following: 0.06342088472143817
- who: 0.059800753505674493
- increased: 0.05716738818826319
- tumor: 0.05529676451930416
- woman: 0.055058396369242875
- posterior: 0.05466780513280607
- surgical: 0.05138250506840799
- from: 0.04198679631921298
- pain: 0.037829870876633365
- no: 0.03437836328782696
- year: 0.03258027501607282
- old: 0.03128834195750662
- to: 0.026429348169911243
- the: 0.02109461621902462
- with: 0.02070094980101062
- of: 0.02068858837438674
