Texto: 
bowing of the lower extremities
serum calcidiol-low
pth  high
splaying, cupping and fraying of the metaphyses
mild bowing of the femur and tibia
rickets
metabolic bone disease
» congenital
» acquired
» dietary or nutritional
bowing of the lower extremities


Keywords by value: 
- bowing: 0.5640639418073259
- extremities: 0.2528011005089393
- nutritional: 0.21628705215633465
- splaying: 0.20536175726524225
- cupping: 0.20536175726524225
- fraying: 0.20536175726524225
- metaphyses: 0.2035940672455931
- pth: 0.19743272611479573
- dietary: 0.1947801750623386
- rickets: 0.18338331266251678
- lower: 0.16998715720293028
- acquired: 0.16031564970145648
- metabolic: 0.15078383285550084
- serum: 0.14914837868793993
- tibia: 0.1421165861887789
- femur: 0.13645539377719834
- the: 0.1327535216168158
- of: 0.1301982901923374
- congenital: 0.11950793680433634
- high: 0.09452970241215247
- mild: 0.09428638009265937
- bone: 0.09075351548932141
- disease: 0.06981841213182904
- and: 0.06873911896797447
- or: 0.05786240577713744
