Texto: 
right 6th cranial nerve palsy and
left-sided weakness
surgery and chemotherapy.
patient is alive but doing very poorly 3 months after initial presentation
multifocal enhancing mass involving the right temporal lobe with a second component in the basal ganglia and thalamus.
glioblastoma multiforme
• astrocytoma
• gliosarcoma
• metastatic disease
• atypical teratoid/rhabdoid tumor
10 year old girl who had was taken to the doctor after an accident at a local water park where she had minor head trauma without loss of consciousness.


Keywords by value: 
- alive: 0.2153637558837165
- park: 0.2076422943965678
- gliosarcoma: 0.20448096715114944
- thalamus: 0.1770595825167703
- 6th: 0.17401781119077328
- doctor: 0.1644445631270954
- doing: 0.1625034578008127
- multiforme: 0.15955100522456925
- palsy: 0.15311812364028432
- water: 0.15311812364028432
- glioblastoma: 0.15268168703996932
- had: 0.15256668111624705
- multifocal: 0.1486682164920022
- after: 0.14854904913547218
- ganglia: 0.14389920758109695
- minor: 0.14389920758109695
- consciousness: 0.1429788799498378
- poorly: 0.13828712946067756
- local: 0.1317961969293943
- component: 0.13120627736884502
- basal: 0.13101248403935525
- accident: 0.1308200799213009
- atypical: 0.12560888210411533
- cranial: 0.1251393612181996
- taken: 0.12234250478513775
- where: 0.120323488636278
- temporal: 0.11761253625861595
- astrocytoma: 0.11558163224112435
- second: 0.11462104329798907
- weakness: 0.11174076845864048
- very: 0.10983253546902211
- nerve: 0.10922546010122117
- chemotherapy: 0.10871581960861344
- girl: 0.10740227263185331
- involving: 0.10724250871054615
- presentation: 0.10539603230507626
- initial: 0.10270976630260259
- right: 0.10152234978701456
- enhancing: 0.09591215255769729
- and: 0.09491281712711427
- loss: 0.0932781558210736
- the: 0.0916509471562153
- head: 0.0913161421510962
- she: 0.09114071499370878
- 10: 0.08952896723829872
- months: 0.08912043180873426
- trauma: 0.0889184725448665
- lobe: 0.08847943992370302
- who: 0.08660654836512993
- metastatic: 0.08397131450564255
- surgery: 0.08231658728574591
- without: 0.08075797843655431
- tumor: 0.0800836382491716
- but: 0.0757114560524568
- disease: 0.0642687141593144
- an: 0.058547452300904676
- mass: 0.058482636380655977
- at: 0.057830303468118606
- was: 0.05335916811266667
- patient: 0.04979789289509534
- year: 0.047184441641876594
- old: 0.045313397276012427
- is: 0.04192928433526706
- to: 0.038276350820881835
- in: 0.0380879547014145
- with: 0.029980187623810304
- of: 0.029962285165563495
