Texto: 
palpable mass in ruq.
pylorotomy.
the pylorus measures 19.7 mm in length with a
wall thickness of 4.8 mm. on cine imaging no gastric contents are observed passing through the pylorus.
hypertrophic pyloric stenosis
-hypertrophic pyloric stenosis
--inadequate distention of the gastric antrum with mistake of the antrum for the pylorus
36 day old female infant with projectile vomiting.


Keywords by value: 
- pylorus: 0.44909422846506625
- antrum: 0.2948256058795666
- pyloric: 0.29066493715674335
- hypertrophic: 0.2759999686204128
- gastric: 0.22309633753848568
- pylorotomy: 0.21177808186260327
- mistake: 0.21177808186260327
- stenosis: 0.20146805527275088
- mm: 0.18954129074118742
- cine: 0.1722025813313052
- inadequate: 0.1540913040409114
- projectile: 0.15223312321379506
- passing: 0.14669844297102333
- ruq: 0.13442139675279596
- contents: 0.1324360108557538
- the: 0.1321189761206388
- distention: 0.12858716568062953
- thickness: 0.12289668037533158
- length: 0.12072999178969775
- observed: 0.11791918369064201
- infant: 0.11692268447897587
- 36: 0.10961866724954243
- measures: 0.1079695812118324
- vomiting: 0.0979889200230581
- palpable: 0.09303414514421185
- day: 0.08435312160789214
- wall: 0.08055629632410273
- through: 0.07883007206034205
- with: 0.07779202799530407
- of: 0.07774557503274776
- imaging: 0.06959437044275446
- in: 0.06588660652817575
- female: 0.0639016766165799
- mass: 0.05058321564060719
- are: 0.050249662960277115
- no: 0.043063444351215334
- for: 0.04013731917682608
- on: 0.039994939906996305
- old: 0.03919278417788951
