Texto: 
diagnosis: infiltrating lobular carcinoma grade i
differential diagnosis: focal asymmetric density 
focal asymmetric density:  
-mass in a area not included on the other view
-mass that is obscured by dens tissue on the other projection
-summation shadow
-significant asymmetric breast tissue (3% of screening mammograms)
history: 58 year old for screening mammogram


Keywords by value: 
- asymmetric: 0.4557759533279136
- screening: 0.2742765392869875
- density: 0.22388848745500498
- dens: 0.2169514651116605
- focal: 0.20195954494196547
- obscured: 0.20183374677896146
- mammograms: 0.18886373451746066
- tissue: 0.17711706892249113
- projection: 0.17592453399745275
- other: 0.17534062068562972
- diagnosis: 0.17502893302455166
- shadow: 0.17243878333307508
- lobular: 0.1713624947222066
- infiltrating: 0.1656165105695744
- 58: 0.16232482404340629
- mammogram: 0.16117908063644745
- included: 0.1459865337555882
- view: 0.12362619574706175
- breast: 0.12259131145777509
- grade: 0.12139540430252581
- differential: 0.10969027299983228
- area: 0.10936325668874805
- on: 0.10197234732401438
- carcinoma: 0.10097977247098273
- that: 0.07326102583793634
- by: 0.0716902511878553
- the: 0.06737093318502627
- not: 0.0666456442838247
- history: 0.0644985525350383
- year: 0.05202662870154634
- for: 0.051167680977539896
- old: 0.049963573017942756
- is: 0.04623217382520548
- in: 0.04199663720282604
- of: 0.03303709085274289
