Texto: 
non-focal neurological exam
the lesion was coiled
chest ct images demonstrate a right lower lobe peripheral pulmonary nodule in association with a tortuous vessel leading to the nodule
pulmonary arteriovenous malformation (pavm)
pulmonary avm
lung cancer
bronchial mucoid obstruction
tia-like symptoms; nodule noted on recent cxr


Keywords by value: 
- nodule: 0.42549168486760935
- pulmonary: 0.3285904291127162
- pavm: 0.26553093332450234
- mucoid: 0.24790265754106783
- coiled: 0.22840250382524166
- tortuous: 0.19905779039407748
- bronchial: 0.1829664377783593
- arteriovenous: 0.17236733477143656
- association: 0.1617098430985072
- leading: 0.1597315722377544
- avm: 0.15892035119433098
- vessel: 0.15761308160484794
- neurological: 0.14760486441144285
- cxr: 0.14374997818705762
- malformation: 0.13858931770627722
- peripheral: 0.12849423627266415
- obstruction: 0.12586359485961798
- recent: 0.12166895208038664
- cancer: 0.1196871240318607
- lung: 0.10930830637223483
- lobe: 0.10384259482422688
- symptoms: 0.09831691091939516
- noted: 0.0952720743169896
- chest: 0.09485018395327935
- demonstrate: 0.09341653632252378
- lower: 0.09182246041528618
- exam: 0.09045669995181142
- lesion: 0.0861480157616483
- images: 0.0831191983552188
- the: 0.07170985846358854
- ct: 0.06841017229803846
- was: 0.06262420376145565
- right: 0.05957510718663674
- on: 0.05426986274423618
- to: 0.044922476827048696
- in: 0.044701368489143606
- with: 0.03518580676887427
