Texto: 
endograft leak
87 yo man status post endograft placement may 2000.  follow up exam.


Keywords by value: 
- endograft: 0.7245945542296494
- 87: 0.29771131264830114
- leak: 0.29018692322583867
- placement: 0.21182910598253032
- status: 0.18931079009999174
- yo: 0.16947580202432827
- post: 0.14760814053118052
- follow: 0.14623954834976233
- man: 0.14361514201524836
- exam: 0.13655881902645708
- may: 0.13651298259290617
- up: 0.13418838881637454
