Texto: 
wbc: 5.2 k/ul
ldh: 541 (100-225) u/l
chest radiography: biapical air space opacities are noted with stranding toward the hila.  no pleural effusions or adenopathy is evident.

contrast enhanced ct: both patchy and confluent air space opacities are evident in a central bilateral upper lobe distribution, with sparing of the lower lung zones.  no significant adenopathy is noted.
pneumocystis jiroveci (p. carinii) pneumonia
m. tuberculosis
bacterial pneumonia
pneumocystis jiroveci (carinii)
m. avium-intracellulare
fungal organisms
39 year old male who is hiv positive, with a cd4 count of 71 cells/mm3, and complaint of dyspnea on exertion.
this case demonstrates atypical radiographic findings of pcp, as the salient abnormalities are air space opacities occurring in a predominately upper lobe distribution.  these findings are in stark contrast to the symmetric perihilar and bilateral lower lobe reticular opacities frequently identified in pcp.


Keywords by value: 
- opacities: 0.3316175516426442
- jiroveci: 0.23959277565498815
- carinii: 0.2287338961058064
- pneumocystis: 0.218490082933045
- pcp: 0.1942886415143257
- space: 0.17340143599630972
- air: 0.17039168937375448
- lobe: 0.15054257045044697
- evident: 0.14927097341950835
- distribution: 0.14732010863853276
- adenopathy: 0.14608569292557028
- salient: 0.13886641560733062
- stark: 0.13886641560733062
- pneumonia: 0.13707629546577138
- are: 0.13179816380237666
- 541: 0.12831506924635905
- biapical: 0.11979638782749408
- hila: 0.11159158093209848
- cd4: 0.11159158093209848
- zones: 0.10236475438699198
- perihilar: 0.10236475438699198
- confluent: 0.10041882685944735
- reticular: 0.09924729702552047
- predominately: 0.09815952187369383
- ldh: 0.09445101515622206
- organisms: 0.09364965250003893
- bilateral: 0.09333555528390014
- upper: 0.09280545338064478
- noted: 0.09207848336290782
- sparing: 0.09113674662365902
- exertion: 0.09113674662365902
- toward: 0.08898048932411214
- lower: 0.08874450309079138
- radiography: 0.0886959506645489
- occurring: 0.08760817551272225
- in: 0.08640589058724463
- hiv: 0.08587367325987208
- findings: 0.08571209040163644
- patchy: 0.08452965007802106
- contrast: 0.08438170240570787
- 71: 0.08431674625686633
- effusions: 0.08126206166504882
- bacterial: 0.08126206166504882
- stranding: 0.07772752684196148
- fungal: 0.07772752684196148
- tuberculosis: 0.0764144395276249
- dyspnea: 0.0764144395276249
- complaint: 0.07520567977585625
- symmetric: 0.07441325830939842
- 39: 0.07216156260901689
- count: 0.07169314487927554
- frequently: 0.07150974055141592
- is: 0.07134021470323283
- atypical: 0.07123871187726989
- the: 0.06930609054996223
- of: 0.06797209128331996
- enhanced: 0.06611680529088917
- pleural: 0.06536801294404833
- radiographic: 0.06442368695587847
- abnormalities: 0.06290017901145376
- identified: 0.06156272049946786
- wbc: 0.061374205705444634
- central: 0.0579868013719141
- positive: 0.057219124002921645
- no: 0.05647483543305253
- and: 0.053829527972186084
- lung: 0.0528221052279986
- with: 0.05100952844374867
- significant: 0.05013601915532673
- who: 0.04911865182077113
- these: 0.04903512691947459
- both: 0.04842288454515101
- chest: 0.045835367539348984
- case: 0.04362444032987507
- demonstrates: 0.04362444032987507
- male: 0.03866182206260815
- as: 0.034884285953763895
- ct: 0.033058506162257924
- or: 0.030207990608370976
- this: 0.02983771450447673
- year: 0.026760518738072375
- on: 0.026225348244104125
- old: 0.025699361371996115
- to: 0.021708320957605012
