Texto: 
unable to open mouth
intraoperative fixation
lefort type 1 fracture
mandibular body fracture
lefort type 1 fracture
none
64 year old man fell off of ladder


Keywords by value: 
- lefort: 0.6234468285409437
- fracture: 0.3323434279481571
- ladder: 0.26891555360981556
- type: 0.2615228515162837
- intraoperative: 0.22541735111948724
- mandibular: 0.21295721940272122
- mouth: 0.1922450993343597
- 64: 0.18320035402801083
- fixation: 0.1820286703842811
- fell: 0.17356928641879818
- unable: 0.1688195894574824
- off: 0.16285136977192063
- open: 0.16114247577570665
- body: 0.12828419947685982
- none: 0.10652388006464275
- man: 0.10319435924462936
- year: 0.060071257922210665
- old: 0.05768920178729239
- to: 0.04873022679665572
- of: 0.038145458492021014
