Texto: 
left sided hemiplegia
supportive
mri
• acute right mca distribution infarction.

cta
• occlusion of right internal carotid artery in neck likely due to dissection.
• luxury perfusion right mca temporal lobe branches.
• infrasylvian mass due to cytotoxic edema.
cerebral hyperperfusion syndrome due to subacute cerebral infarction
• dissection, right carotid
• cerebral infarction
• hyperperfusion/luxury perfusion syndrome
61 year old man with 48 hour history of headache, not responsive to analgesics.  underwent ct, cta, and mri.


Keywords by value: 
- hyperperfusion: 0.36605428460851763
- luxury: 0.3497844111669643
- infarction: 0.2695370815508518
- cerebral: 0.23787171287590203
- mca: 0.2368922402120595
- perfusion: 0.2295763242543458
- cta: 0.21560001477353602
- dissection: 0.20789261819650254
- due: 0.19736042966546077
- carotid: 0.1928088344133114
- infrasylvian: 0.18302714230425882
- right: 0.1517768857885588
- syndrome: 0.13799243252701696
- cytotoxic: 0.1349176356730234
- hemiplegia: 0.1323528862846271
- analgesics: 0.131565992386076
- responsive: 0.130079147644272
- mri: 0.11749481612753596
- 61: 0.11617238146567466
- to: 0.11444702253506872
- branches: 0.1134933114112721
- hour: 0.10852091928635965
- subacute: 0.1071041033158287
- occlusion: 0.10515046378743795
- 48: 0.09912173936530654
- distribution: 0.09708459158443283
- supportive: 0.09561752330810461
- temporal: 0.08791593437541739
- headache: 0.07889550177114121
- underwent: 0.0788396930492015
- internal: 0.07713115298428518
- sided: 0.07361873640926656
- artery: 0.07107978075392885
- neck: 0.07001096339786737
- likely: 0.06839124914660363
- edema: 0.06825925378498027
- lobe: 0.06613880527838811
- acute: 0.06191195009331407
- man: 0.06059015078692694
- not: 0.04518131708643256
- of: 0.044793903441738794
- history: 0.04372573159156586
- mass: 0.04371605090496035
- ct: 0.04357139834900724
- left: 0.0390406822272657
- year: 0.035270596204186905
- old: 0.033871981575886535
- in: 0.02847092863179476
- and: 0.023649261854153433
- with: 0.022410333894185716
