Texto: 
awake and alert
unable to move legs
marked decreased strength in both arms
reestablishment of normal alignment.
supportive therapy
• anterior dislocation c6 on c7
• bilateral locked facets 
• no associate spinal fracture
• marked cord edema and hemorrhage on mri
• disruption of the posterior ligaments on mri
anterior dislocation c6 on c7, bilateral locked facets, spinal cord injury
none
16 year old male pedestrian struck by car.


Keywords by value: 
- locked: 0.33876321913533497
- facets: 0.3216512929686493
- c7: 0.2569351119410441
- c6: 0.2517100900331971
- dislocation: 0.22597693122604356
- reestablishment: 0.20830879595252524
- marked: 0.19703531452875053
- cord: 0.19310820505582654
- associate: 0.18738569284727516
- spinal: 0.18498172733178808
- pedestrian: 0.17155797635787495
- on: 0.15735901851495956
- awake: 0.15063487325262487
- move: 0.1480470616716751
- anterior: 0.14545544240694303
- bilateral: 0.14000949801805956
- alignment: 0.13990254337907457
- mri: 0.1337244485711497
- arms: 0.1314180500507518
- ligaments: 0.1314180500507518
- car: 0.1314180500507518
- struck: 0.12846755597052206
- legs: 0.12812417253594466
- alert: 0.11991159288717926
- disruption: 0.11764889492386262
- unable: 0.11281348722356452
- strength: 0.10911987528681734
- supportive: 0.10882523161052667
- 16: 0.10150031271342563
- hemorrhage: 0.08721011893879926
- injury: 0.08494099141945315
- decreased: 0.08068366466386667
- edema: 0.07768794720582943
- therapy: 0.07484091346819192
- fracture: 0.07402936508168621
- both: 0.07263752529388445
- none: 0.0711844544895288
- posterior: 0.06735685520870954
- male: 0.057995286822737996
- by: 0.055314542913121385
- and: 0.05383189837292297
- normal: 0.053182930995595894
- of: 0.05098131334231712
- no: 0.04235799174057158
- year: 0.040142545719301884
- old: 0.038550739577573906
- to: 0.03256391533584709
- in: 0.03240363581200624
- the: 0.025990928424808424
