Texto: 
pain with palpation and motion of the left arm.  distal pulses and sensation intact.
fracture through a centrally located radiolucent lesion with cortical thinning and mild osseous expansion.  the lesion is located in the proximal 1/3 of the left humerus, and has a narrow zone of transition.
simple bone cyst (sbc), pathologic fracture
simple bone cyst
aneurysmal bone cyst
left arm pain after minor trauma.


Keywords by value: 
- simple: 0.2892929077714481
- cyst: 0.27664048676777786
- bone: 0.2616628884121603
- arm: 0.25517604623377643
- located: 0.25289975441830326
- sbc: 0.24427794047562737
- fracture: 0.18170032562405236
- radiolucent: 0.17464342388998538
- thinning: 0.16966426586634156
- transition: 0.16717169126970818
- left: 0.16358837863739428
- centrally: 0.15765768574546812
- narrow: 0.1568211164289691
- aneurysmal: 0.1568211164289691
- zone: 0.154451565508583
- lesion: 0.15327449129265774
- pulses: 0.15157488907726038
- humerus: 0.15089960360718102
- minor: 0.15024020869095012
- expansion: 0.14573486218366785
- sensation: 0.13698795722935897
- and: 0.13212693979649898
- pathologic: 0.13097955134272166
- osseous: 0.12758802311688822
- the: 0.12758613160731866
- motion: 0.12391876673269597
- intact: 0.11569828370502322
- cortical: 0.11476409750119637
- pain: 0.11440281335863024
- palpation: 0.10780330470887502
- proximal: 0.09986729670423253
- through: 0.09515688287011782
- of: 0.09384777133526108
- distal: 0.09287876103886472
- trauma: 0.0928367160332866
- mild: 0.09061631173900189
- after: 0.0775474740900773
- has: 0.07301634646302488
- with: 0.06260256357084748
- is: 0.04377692229641037
- in: 0.03976632226919694
