Texto: 
bp 160/82 otherwise vss.
physical exam: noncontributory.
endograft.
1) hires chest ct, axial images (1) lung window and (1) soft tissue window which demonstrate a focal outpouching along the posterior aspect of the proximal descending thoracic aorta at the level of the arch.
2) cxr, pa/lat demonstrates a focal assymetric saccular bulge of the posterolateral aspect proximal descending aorta most likely a pseudoaneurysm.
aortic pseudoaneurysm
1) posttraumatic pseudoaneurysm.
2) mycotic pseudoaneurysm.
3) ulcerated atherosclerotic plaque.
73 year old male presents for a high resolution chest ct to evaluate for possible interstitial lung disease based on a recent chest radiograph. no trauma history.
this was an incidental finding in an asymptomatic patient with hypertension. note, this is the wrong location on the arch for a ductus bump (typically anterior in the ap window).


Keywords by value: 
- pseudoaneurysm: 0.43195583086156425
- window: 0.3100938063592508
- descending: 0.18162331051796676
- arch: 0.1705792313029083
- aorta: 0.1633509357243145
- hires: 0.1607908563671323
- the: 0.16049648292928462
- chest: 0.1592157750955544
- wrong: 0.14464058459983883
- endograft: 0.13428042919376618
- assymetric: 0.13074346635576312
- aspect: 0.1297287952300635
- posttraumatic: 0.12779902004271546
- ulcerated: 0.1264928146553079
- ductus: 0.1264928146553079
- proximal: 0.1256276813064315
- lung: 0.12232347897192093
- saccular: 0.12111024724364348
- focal: 0.12028108831505871
- bump: 0.12020616667687366
- vss: 0.11558181108123286
- outpouching: 0.11365709638023022
- mycotic: 0.11365709638023022
- atherosclerotic: 0.10755373296618585
- plaque: 0.10552555469977089
- 73: 0.10336460211975028
- posterolateral: 0.10269940216485923
- bulge: 0.10055100797994224
- for: 0.09142183930407596
- interstitial: 0.09114739315826768
- noncontributory: 0.08952922021473654
- bp: 0.08157672414853726
- resolution: 0.08157672414853726
- cxr: 0.08043303394574004
- evaluate: 0.07818357205658799
- aortic: 0.07770284116367993
- hypertension: 0.07692965988737743
- an: 0.07689495147346127
- ct: 0.0765556667218675
- note: 0.07568841418080409
- thoracic: 0.07513322791118437
- incidental: 0.0745288587562155
- based: 0.07283095487605913
- ap: 0.07218352725116615
- otherwise: 0.07167095038315671
- typically: 0.07058259811618088
- location: 0.07001146486505302
- this: 0.06909707644185144
- asymptomatic: 0.06844805109433079
- possible: 0.06812378453081243
- recent: 0.06807794391516261
- along: 0.06736025874688174
- finding: 0.06608862282310188
- radiograph: 0.06548563220219736
- level: 0.060734058373413204
- on: 0.06073169216982613
- likely: 0.06008227730518647
- of: 0.059027721274673116
- trauma: 0.0583917947128688
- axial: 0.05807750929621791
- high: 0.057142306225572086
- anterior: 0.05613758420744435
- physical: 0.054516963758975266
- soft: 0.053527190382172206
- tissue: 0.052742824844679424
- most: 0.052325853195646574
- demonstrate: 0.052269750102817814
- posterior: 0.05199188244395424
- exam: 0.05061362032609151
- demonstrates: 0.05051193327414719
- in: 0.05002389196093856
- presents: 0.048366586721958406
- images: 0.04650803699008797
- which: 0.045718104642639645
- male: 0.04476580929213739
- disease: 0.04220456623068013
- history: 0.03841341638935511
- at: 0.03797653189093428
- was: 0.03504038588733233
- patient: 0.032701735149539626
- no: 0.032695584143795045
- year: 0.030985510109877167
- old: 0.02975681560598673
- is: 0.027534505410302036
- to: 0.02513566366497052
- and: 0.020776071888062273
- with: 0.0196876634413564
