Texto: 
anosmia otherwise negative exam
surgery
• ct  large slightly hyperdense mass occupying the inferior anterior cranial fossa.  mild edema behind mass.
• 
mri  extra axial 6cm enhancing mass elevating both
frontal lobes.  vasogenic edema noted.
meningioma
• squamous cell carcinoma ethmoid sinus.
• metastatic disease
• aneurysm (giant)
• meningioma
• hemangiopericytoma
37 year old woman presents with recent memory loss and a seizure


Keywords by value: 
- elevating: 0.26422680970332374
- meningioma: 0.25912696480294656
- anosmia: 0.25550674079743046
- edema: 0.20625190013657513
- memory: 0.20119586246811022
- mass: 0.1981383782926581
- 6cm: 0.19762568453482557
- occupying: 0.18807511221648487
- hemangiopericytoma: 0.18351983647493056
- ethmoid: 0.18082370667977335
- vasogenic: 0.17007692305829183
- behind: 0.1666579248814536
- hyperdense: 0.15917523097796787
- squamous: 0.1556050530446832
- giant: 0.15423325884933783
- 37: 0.14730892780936633
- extra: 0.14524612673273446
- lobes: 0.1442650871128122
- seizure: 0.1438813923902993
- cranial: 0.14132348577770634
- fossa: 0.13573870243354158
- slightly: 0.13487670657324013
- aneurysm: 0.13165475833067633
- sinus: 0.12494193392877326
- otherwise: 0.123254771367741
- inferior: 0.11763195546884443
- recent: 0.11707576594967554
- frontal: 0.11128802256530124
- enhancing: 0.10831635702744517
- negative: 0.1070459758230783
- loss: 0.1053417086296665
- carcinoma: 0.10342557173359096
- axial: 0.09987770626236123
- cell: 0.09891117144340045
- mild: 0.09801645990325203
- anterior: 0.09654155651118503
- both: 0.09642182701384364
- metastatic: 0.09483122461030742
- surgery: 0.09296249348965475
- noted: 0.09167541006604948
- woman: 0.09005089619667855
- mri: 0.0887554717446755
- exam: 0.08704182333337844
- large: 0.08663534147885005
- presents: 0.08317752947858194
- disease: 0.07258051042475999
- ct: 0.06582758529267574
- year: 0.05328674928808062
- old: 0.05117372498258173
- and: 0.03572925957857349
- the: 0.03450135166866793
- with: 0.0338574895861809
