Texto: 
tenderness to palpation in the rlq, no rebound tenderness.  white blood cell count 12.7, temp 101.
treated medically with resolution
single inflamed diverticulum of the right colon, with secondary inflammation of the base of the appendix but a normal distal appendix.
right sided diverticulitis
appendicitis
right sided diverticulitis
inflammatory bowel disease 
tumor with perforation.
55 yo white female presents with fever, right lower quadrant pain for 2 days.  no significant pmh

please rule out appendicitis per er request
right sided diverticulitis is unusual, though more prevelant in people of southeast asian decent.  in this case, the only diverticulum seen was the inflamed example in the right colon.


Keywords by value: 
- diverticulitis: 0.3202789610592601
- inflamed: 0.2716099448928839
- right: 0.22596005398956176
- sided: 0.21920193667506585
- appendix: 0.20481808625323544
- diverticulum: 0.2012598383557222
- appendicitis: 0.19271480363647187
- prevelant: 0.1816562196619756
- decent: 0.17358221581051897
- colon: 0.17297960565543408
- southeast: 0.15977961506003877
- the: 0.1586581904569313
- white: 0.1498878196042941
- tenderness: 0.1424708273162677
- request: 0.1379030104581019
- medically: 0.13217441355907833
- people: 0.13217441355907833
- asian: 0.12982900660664531
- rlq: 0.11796122210434257
- example: 0.11327542595020339
- in: 0.11303069480088569
- temp: 0.1126432159095745
- rebound: 0.10819977094548153
- perforation: 0.10722821515550192
- pmh: 0.10278477019140894
- unusual: 0.10185841974128403
- though: 0.09868564983496346
- 55: 0.09763340048081322
- please: 0.0952879935283802
- per: 0.09427310160888289
- count: 0.09378441588982743
- resolution: 0.09216269914873249
- inflammation: 0.09129204927661572
- rule: 0.09015385700246378
- with: 0.0889698978048392
- of: 0.08891677005591848
- single: 0.08734456682451655
- base: 0.08640631027917649
- er: 0.08496038100168954
- quadrant: 0.07956383695822931
- fever: 0.07701593482035712
- inflammatory: 0.0768090452330266
- palpation: 0.07660428308273758
- out: 0.07466475181461193
- no: 0.07387679062596146
- bowel: 0.07289747798739883
- days: 0.07190781128789057
- yo: 0.07096501065619891
- only: 0.07096501065619891
- treated: 0.07073612372635554
- secondary: 0.06732805814423255
- distal: 0.0659990055240801
- blood: 0.06596912863377306
- significant: 0.0655847540157598
- cell: 0.06497910006496818
- more: 0.06237343047947906
- tumor: 0.05941451401399669
- lower: 0.05804495952728637
- case: 0.057066720420025
- but: 0.056170766775762965
- female: 0.05481274030879674
- presents: 0.05464297846516138
- seen: 0.05347757053222771
- disease: 0.04768133043855099
- normal: 0.0463783113479541
- pain: 0.04064692415345139
- was: 0.039587475181149544
- this: 0.0390318018689496
- for: 0.034428462118939684
- is: 0.031107578354313166
- to: 0.028397445869980335
