Texto: 
not performed
no treatment is needed unless painful, compressing important structures (ie, nerve or artery), extremity length discrepancy or malignant transformation.  follow up radiographs should be obtained if the patient has increased pain.  growth of the exostoses should cease once the physis closes.
multiple exostoses projecting away from the knee joint on the distal femur and proximal tibia and fibula.  there are also multiple lesions noted on the distal radius and ulna with associated shortening of the ulna and abnormal angulation of the radial epiphysis.  the exostoses show cortical continuity with the metaphyses consistent with osteochondromata.
multiple hereditary exostosis
multiple exostosis
multiple enchondromatosis
follow up radiographs for multiple osteochondromas.


Keywords by value: 
- exostoses: 0.3828586087107686
- multiple: 0.3084994095524316
- exostosis: 0.2462048250915896
- ulna: 0.22580922699107875
- the: 0.20975285061416118
- cease: 0.16811005380377392
- osteochondromata: 0.16811005380377392
- closes: 0.15533671766855686
- should: 0.13718182268806403
- radiographs: 0.13635910867483605
- discrepancy: 0.13361642957106695
- enchondromatosis: 0.130979363117765
- osteochondromas: 0.130979363117765
- metaphyses: 0.12867285312749105
- distal: 0.12215487463401299
- ie: 0.12014761358871438
- shortening: 0.12014761358871438
- continuity: 0.11384984779652223
- compressing: 0.11337117078764142
- follow: 0.11333781148303017
- physis: 0.11290461349553937
- projecting: 0.11244957732209825
- away: 0.10916481379839528
- angulation: 0.10916481379839528
- hereditary: 0.10806975730063284
- fibula: 0.10771873661706996
- transformation: 0.10737427745349733
- radius: 0.10482843905135025
- up: 0.10399798472098144
- epiphysis: 0.10395766153326651
- unless: 0.10339919368306714
- once: 0.09879855013328291
- length: 0.09583581661044036
- painful: 0.09296907677077687
- radial: 0.0902178402447813
- tibia: 0.08981866156045858
- important: 0.08904534409517782
- and: 0.0868871935095227
- needed: 0.08679088021611281
- growth: 0.08667953227191666
- femur: 0.08624074895447355
- structures: 0.07898691203140795
- extremity: 0.0757125981982021
- cortical: 0.07546932035881754
- knee: 0.0753488752980335
- nerve: 0.07499219263983614
- malignant: 0.07493341099925241
- obtained: 0.07435568253485474
- or: 0.07313887816960496
- joint: 0.06926880032632012
- show: 0.06673270962537778
- proximal: 0.06567312576358854
- artery: 0.06528663244405247
- on: 0.06349619791160388
- abnormal: 0.06315479701939275
- performed: 0.06218944224666155
- with: 0.06175153678216669
- of: 0.06171466228615651
- if: 0.061077437317006496
- lesions: 0.06037171227657996
- consistent: 0.05699857515413505
- increased: 0.056843995217320795
- noted: 0.055734565930177275
- associated: 0.05540621820220097
- treatment: 0.05007431996266905
- also: 0.04944552036940203
- has: 0.048015835637020485
- be: 0.04264305486806912
- there: 0.04182699369661091
- from: 0.041749279174695064
- not: 0.041498946826690475
- are: 0.03988832777017132
- pain: 0.03761586924526841
- patient: 0.03419031765658055
- no: 0.03418388665714419
- for: 0.03186112003192612
- is: 0.0287878756949787
