Texto: 
• patient is disoriented.  no focal findings.
• normal  laboratory findings.
anticoagulation
• ct - bilateral frontal lobe lesions with mild mass effect.

• mri - cortical and gyral enhancement of the frontal lobe lesions.
• dwi - no restricted diffusion

• mrv - occlusion of the anterior aspect of the superior sagittal sinus.
venous infarction from sinus thrombosis
• viral encephalitis
• meningitis
• multifocal glioma
• metastases
31 year old woman, previously healthy, presents with "multiple seizures" the day before admission.
history reveals that she is a smoker and taking birth control pills. both of these are risk factors for increased clotting.


Keywords by value: 
- sinus: 0.2121040874614635
- frontal: 0.18892491679423246
- gyral: 0.1865515745617743
- pills: 0.1846448723692183
- clotting: 0.1846448723692183
- disoriented: 0.1796494894478694
- mrv: 0.17077719012316728
- lobe: 0.1696303608463245
- lesions: 0.16857863992236383
- smoker: 0.15039392977516597
- encephalitis: 0.1459469079416061
- findings: 0.1448697147280496
- multifocal: 0.1425113180625024
- taking: 0.14215643373915585
- dwi: 0.13948091302232551
- meningitis: 0.1382407353389946
- anticoagulation: 0.13620463452234657
- viral: 0.13537904372647563
- occlusion: 0.134843009639682
- birth: 0.1311435332880653
- 31: 0.13024067905417744
- restricted: 0.1261481503667164
- control: 0.12540233856662586
- glioma: 0.12467753836878472
- healthy: 0.12449948433273798
- factors: 0.12414703080022181
- diffusion: 0.12362724129285305
- admission: 0.12245374188003016
- seizures: 0.11980858668723018
- thrombosis: 0.1196611438451864
- metastases: 0.11865204566600737
- before: 0.11865204566600737
- previously: 0.11781752800755071
- the: 0.11714045847956252
- infarction: 0.11521645578690362
- of: 0.11488574631118209
- sagittal: 0.11285436638725017
- reveals: 0.11164208322205024
- laboratory: 0.10657713757901706
- cortical: 0.10536818405670827
- risk: 0.1048669596562993
- venous: 0.10478436341995637
- effect: 0.10295434893104437
- no: 0.09545319989469846
- superior: 0.0954186077552937
- aspect: 0.09468425895629473
- day: 0.09348735917303255
- focal: 0.08778872642246459
- she: 0.08736624229033546
- enhancement: 0.08447589587324242
- mild: 0.08319741471199799
- these: 0.08287867925272725
- anterior: 0.08194550101004373
- both: 0.0818438733379833
- is: 0.08038567646848438
- increased: 0.07936401867805487
- bilateral: 0.07887740926981614
- woman: 0.07643615943135663
- mri: 0.07533658936457661
- multiple: 0.07178639481703102
- presents: 0.07060197258276434
- that: 0.06369089568471585
- and: 0.060654751853827744
- normal: 0.059923531955909326
- from: 0.05828919236848805
- with: 0.05747719525861363
- history: 0.056073069334460275
- mass: 0.056060655001035124
- ct: 0.055875155239129934
- are: 0.05569098333228412
- patient: 0.04773557873143072
- year: 0.045230360120643534
- for: 0.04448361723433263
- old: 0.04343680259352364
