Texto: 
px non-contributory
antiepileptic medication
• thickened cortex left cerebral hemisphere
enlargement of left hemisphere
• some irregularity of the gray-white matter junction
• distortion of left lateral ventricle shape
• periventricular gliosis
hemimegalencephaly with polymicrogyria
• pachygyria
• lissencephaly
• polymicrogyria
• megalencephaly
17 year old girl with a history of poorly controlled seizures


Keywords by value: 
- polymicrogyria: 0.40272516346643916
- hemisphere: 0.28982826054828026
- px: 0.24763961718041044
- megalencephaly: 0.24763961718041044
- hemimegalencephaly: 0.22276601921486294
- antiepileptic: 0.217816724251604
- lissencephaly: 0.20394986872850313
- pachygyria: 0.19481600449835165
- gliosis: 0.18799383132279757
- distortion: 0.16373028076049995
- controlled: 0.16136827279252455
- periventricular: 0.15919543609180495
- left: 0.15846862076582563
- irregularity: 0.1499870972827181
- shape: 0.1468311124230179
- medication: 0.1431236374573875
- poorly: 0.13986220393345078
- thickened: 0.1306188063993627
- 17: 0.1264082227874076
- seizures: 0.1264082227874076
- cortex: 0.1260979797877803
- junction: 0.12402022538040036
- of: 0.12121420856681703
- enlargement: 0.11871607612235431
- matter: 0.11790568856998142
- ventricle: 0.11398308482940486
- girl: 0.10862557214352889
- cerebral: 0.10728182930142051
- some: 0.09743040874731886
- lateral: 0.07684888896936412
- with: 0.060643317013775976
- history: 0.0591618450462841
- year: 0.04772186699615232
- old: 0.045829511650520245
- the: 0.030898280295134032
