Texto: 
non-contributory
surgical removal
para-pharyngeal space mass on left ,in continuity with the deep lobe of the parotid gland.
pleomorphic adenoma of the parotid gland
• glomus tumor
• naso-pharyngeal carcinoma
• adenopathy
• parotid tumor
66 y.o. woman with swallowing difficulty


Keywords by value: 
- parotid: 0.5871302254557609
- gland: 0.26787130566558587
- glomus: 0.1863807799479893
- continuity: 0.17856843129300337
- tumor: 0.17247977973325057
- pleomorphic: 0.16684905237544978
- swallowing: 0.16634636936080519
- 66: 0.1546269904432516
- adenopathy: 0.13869039328525434
- difficulty: 0.13869039328525434
- adenoma: 0.13144779152192207
- deep: 0.12834296555334682
- removal: 0.1260294475660903
- space: 0.10974888721333777
- the: 0.09869640992497818
- carcinoma: 0.09862157211088614
- lobe: 0.09528110012608934
- woman: 0.08586813496943198
- surgical: 0.08013527765487756
- with: 0.0645696957676597
- of: 0.064531138427826
- mass: 0.06297835901117838
- left: 0.05624291422606715
- on: 0.04979548358470241
- in: 0.041015881527197935
