Texto: 
ttp rlq 
normal labs
none
cross fused ectopi
renal crossed fused ectopia
ibd
acute appendicitis
h/o rlq pain.


Keywords by value: 
- fused: 0.4729386645723292
- rlq: 0.46273539852015766
- ectopi: 0.3562982889605679
- ibd: 0.272713715614612
- crossed: 0.27048127919959086
- ectopia: 0.25322461549477393
- ttp: 0.22685611193127156
- cross: 0.22217703595526894
- appendicitis: 0.1889942302025664
- labs: 0.15435467334295164
- renal: 0.13874096850799464
- none: 0.12175625719132321
- acute: 0.12052377372416959
- normal: 0.09096585302119145
- pain: 0.07972438022949888
