Texto: 
ua: microscopic hematuria
• ultrasound images show hyperechoic foci in the region of the renal medullary pyramids. 

• ct images demonstrate high density particles in the region of the renal medullary pyramids.
medullary nephrocalcinosis
• medullary nephrocalcinosis
• papillary necrosis
40 y.o. man with a history of "kidney stones"


Keywords by value: 
- medullary: 0.5471398048260876
- pyramids: 0.3854186018712056
- nephrocalcinosis: 0.37553200792144587
- particles: 0.20975281097987933
- renal: 0.192625806262647
- region: 0.18502460660948644
- microscopic: 0.17391595350559616
- ua: 0.14766371154681981
- stones: 0.14599981106073343
- papillary: 0.1441292025660114
- images: 0.1430836945161419
- hyperechoic: 0.14237936518028127
- hematuria: 0.1367849512065219
- foci: 0.12641130197498787
- the: 0.12344334022990068
- necrosis: 0.11822235469390163
- 40: 0.11374653600896134
- kidney: 0.1086562843700474
- density: 0.10255736941687746
- show: 0.09818351162604555
- ultrasound: 0.0953988929028535
- of: 0.09080048294286568
- high: 0.08790020840559372
- man: 0.08188041273949548
- demonstrate: 0.08040490891650202
- in: 0.07695017613163165
- history: 0.05909014754962944
- ct: 0.05888158445090793
- with: 0.03028491206992916
