Texto: 
multiple contrast-enhanced ct images of the abdomen and pelvis demonstrate a radial arrangement of loops of fluid-filled small bowel and a convergence of the mesentery and vessels toward a focus within the pelvis, likely representing an adhesion or internal hernia.  infiltration of the mesentery, ascites, and thickening of the bowel wall suggests vascular compromise.  note is also made of “small bowel stool” proximal to the point of obstruction.
closed loop obstruction
closed loop obstruction
54 year-old female with a history of bilateral salpingo-oophorectomy and lysis of adhesions, presents with severe abdominal pain.


Keywords by value: 
- mesentery: 0.27088249142065673
- obstruction: 0.2616545170511057
- loop: 0.2568725316366161
- of: 0.24367723051260762
- closed: 0.24181773225799655
- bowel: 0.23973145497055653
- convergence: 0.19028146698692905
- arrangement: 0.18400175787829046
- pelvis: 0.17417801681701442
- adhesion: 0.171786104914983
- lysis: 0.15665564292166914
- the: 0.1490757387393945
- adhesions: 0.13603932812231215
- compromise: 0.13429210447304615
- and: 0.12865113753220758
- small: 0.12846169158631757
- ascites: 0.12843626581830805
- toward: 0.1275965991264246
- stool: 0.12417294088987992
- infiltration: 0.12280820636935526
- representing: 0.11780539004304628
- 54: 0.1172856359053963
- suggests: 0.11485773128150681
- loops: 0.11309283977009936
- radial: 0.10686617720636148
- focus: 0.10547731463818942
- hernia: 0.1030730298281293
- point: 0.102939520895214
- vessels: 0.09662656175351415
- made: 0.09603656252713805
- note: 0.09373668549890157
- thickening: 0.08471199828770164
- internal: 0.08391814198510618
- vascular: 0.08220521314648299
- severe: 0.07882560869377904
- proximal: 0.07779210715425311
- abdomen: 0.07597704749150787
- wall: 0.07574605441020378
- likely: 0.07440918921039315
- abdominal: 0.06810248115893831
- bilateral: 0.06692084704334637
- demonstrate: 0.06473372681306136
- multiple: 0.060904717736237124
- female: 0.06008592865824782
- presents: 0.05989983509736944
- also: 0.058569942790920794
- images: 0.057598105122102096
- within: 0.05734939021168281
- with: 0.04876456551995476
- an: 0.04761546374523712
- history: 0.04757328278045153
- ct: 0.04740536931797943
- pain: 0.0445573085947234
- or: 0.043317775585963496
- is: 0.034100242447249886
- to: 0.0311293851941618
