Texto: 
follow up imaging in 6 months was recommended.
cystic, non-enhancing lesion in the tail of the pancreas.
serous cystadenoma of the pancreas
serous cystadenoma (microcystic)
mucinous cystadenoma (macrocystic)
pseudocyst
intraductal papillary mucinous tumor (arising in a side branch)
patient noted to have a hypodense lesion in the tail of the pancreas on a non-contrast ct obtained for microhematuria.
the imaging appearance of a cluster of small cysts in the tail of the pancreas, as well as the patient's age and gender, favor the diagnosis of a serous cystadenoma (microcystic adenoma).  small, cystic pancreatic lesions which are discovered incidentally may often be followed safely (ajr 2005; 184:20-23).


Keywords by value: 
- cystadenoma: 0.38904552724978425
- pancreas: 0.3613262241628386
- serous: 0.3314606738289329
- tail: 0.2843738876413687
- microcystic: 0.24433111578005526
- mucinous: 0.20562539190953827
- the: 0.19177711974913692
- of: 0.1316600640772016
- safely: 0.12836126240002302
- macrocystic: 0.12658606894742466
- cluster: 0.12351417781375473
- microhematuria: 0.12091693086754915
- in: 0.11954701740271415
- cystic: 0.1157692839328605
- favor: 0.11490740233370801
- gender: 0.11255258769107124
- intraductal: 0.11183551120003808
- pseudocyst: 0.10923826425383251
- ajr: 0.10752335263443966
- imaging: 0.10101961357980122
- small: 0.09915502047020469
- branch: 0.09428831063600203
- hypodense: 0.09332526255887308
- lesion: 0.0921559109938056
- 2005: 0.091340765117693
- papillary: 0.08956557166509464
- discovered: 0.08762272753167485
- pancreatic: 0.08712955804887769
- incidentally: 0.08188224670127696
- as: 0.0772227413969667
- adenoma: 0.07662491130514586
- recommended: 0.07645210205274527
- arising: 0.07636635757044966
- cysts: 0.072830516476528
- obtained: 0.0679834318902597
- side: 0.06639649463536373
- followed: 0.06490287593026983
- often: 0.06271269916004076
- patient: 0.06252044369636231
- age: 0.060339704487341925
- appearance: 0.057941853411580264
- months: 0.05594462551689858
- lesions: 0.055197881987423376
- follow: 0.051812404411296066
- noted: 0.05095813712786865
- tumor: 0.05027185193060962
- diagnosis: 0.04982348182119815
- may: 0.04836629995997502
- have: 0.04801292895497611
- up: 0.047542700638172036
- well: 0.04653762607047163
- which: 0.04370282148858378
- be: 0.0389885630443517
- ct: 0.03659052210100674
- are: 0.03646991489734019
- was: 0.03349578337280691
- for: 0.02913063547796092
- on: 0.029027300260410463
- to: 0.024027667610759983
- and: 0.019860249414432974
