Texto: 
nodular masses palpated on the right submandibular region.
labs:
wbc: 6.5 th/cumm
ca: 8.4 mg/dl
alk phos: 145 u/l
ent follow-up for stone removal procedure
calcified mass seen in the right submandibular gland area with appearent asymetry of the submandibular glands, no erosive changes of the adjacent mandible.
sialolithiasis
sialolithiasis
phleboliths
vascular calcifications
granulomatous disease
87 year-old male presenting a firm nodular lesion in the floor of the mouth and right neck of unknown duration, with mild discomfort upon eating.
a chronic process is likely in this patient due to the size of the stone and atrophy of the right submandibular gland.


Keywords by value: 
- submandibular: 0.4958422259092808
- sialolithiasis: 0.2823572225772699
- stone: 0.19582129034581122
- the: 0.1924962588807953
- gland: 0.174150961996607
- nodular: 0.17072287487216686
- appearent: 0.16380251112205968
- asymetry: 0.16380251112205968
- right: 0.14215290463922226
- phleboliths: 0.14117861128863496
- 145: 0.13624851418191014
- of: 0.12586073534100714
- 87: 0.1176378935810361
- eating: 0.1156044478996055
- palpated: 0.11512869998422037
- ent: 0.11421188211004624
- glands: 0.113769719617234
- erosive: 0.113769719617234
- mandible: 0.11333772268535525
- alk: 0.11209830394501805
- phos: 0.1109356008251129
- floor: 0.10847344364566579
- mouth: 0.1057186120552579
- duration: 0.10331649019501556
- atrophy: 0.10141197152999783
- discomfort: 0.09907334829281075
- firm: 0.09717364722528825
- granulomatous: 0.09528437307318759
- ca: 0.09145423766271343
- calcified: 0.08635066788128316
- procedure: 0.0854580496742363
- upon: 0.0843302489171349
- presenting: 0.0839688716465242
- removal: 0.0819354259650936
- unknown: 0.08122624599284119
- process: 0.08039431363968934
- in: 0.07999686872790038
- calcifications: 0.07823043318214373
- wbc: 0.075762493254866
- labs: 0.07426285572873335
- masses: 0.07297352716110767
- size: 0.07257895016644161
- vascular: 0.07076580054768573
- adjacent: 0.06948117479534278
- area: 0.06943983035858192
- neck: 0.06557165639477983
- changes: 0.06478172408971312
- region: 0.0641167653775135
- likely: 0.06405464618399291
- chronic: 0.06362546840130963
- due: 0.061615351138675674
- mild: 0.06076348679936923
- lesion: 0.051389713119017015
- seen: 0.050464618745551956
- male: 0.047725522466180476
- disease: 0.04499494157858337
- and: 0.04429938389729285
- with: 0.041978645700127486
- mass: 0.040944071181915516
- this: 0.03683273156699273
- patient: 0.034863826215614915
- no: 0.034857268533144865
- for: 0.032488746170339415
- on: 0.0323734987135514
- is: 0.029354962578222493
- to: 0.02679752024846349
