Texto: 
numbness over her right face
epidermoid inclusion cyst
• vestibular schwannoma
• meningioma
• epidermoid inclusion cyst
• arachnoid cyst
• ependymoma
facial pain, progressively worse over 6 years


Keywords by value: 
- inclusion: 0.47819553055277225
- epidermoid: 0.3802649547407351
- cyst: 0.37873812078268737
- over: 0.24337956614425363
- vestibular: 0.22573490005766006
- progressively: 0.21413782594019706
- arachnoid: 0.1999018837559458
- face: 0.19730614438224162
- numbness: 0.19453988517997692
- schwannoma: 0.18754507735687545
- ependymoma: 0.18486110025901764
- worse: 0.18333645354900524
- facial: 0.18045771164447816
- meningioma: 0.16398845000176945
- her: 0.13672457247069034
- years: 0.1341516380740999
- pain: 0.07831230173490811
- right: 0.07255756860905525
