Texto: 
conservative measures.
moderately severe circumferential wall thickening of the colon from the splenic flexure through the descending colon to its junction with the sigmoid.
ischemic colitis
inflammatory bowel disease
infectious colitides
diverticulitis
vasculitis
radiation colitis
adenocarcinoma
lymphoma
51 year old female with hypertension and hyperlipidemia presents with abdominal pain and hematochezia.
although relatively young, this patient had rather extensive atherosclerosis of the abdominal aorta and peripheral thrombus within the inferior mesenteric artery near its origin.


Keywords by value: 
- colitis: 0.29488086106044
- colitides: 0.23842608946484692
- colon: 0.22703792366889955
- its: 0.22063770534231988
- hematochezia: 0.18249333991221156
- the: 0.17849218697323135
- atherosclerosis: 0.16515748835073052
- hyperlipidemia: 0.16361963358368078
- abdominal: 0.16308167785251998
- flexure: 0.1628833598025552
- circumferential: 0.16012965833502765
- moderately: 0.15041847664386365
- splenic: 0.1462611632490041
- 51: 0.14234232893941123
- diverticulitis: 0.14012339785799569
- thrombus: 0.13864639525067377
- vasculitis: 0.13836075316383223
- sigmoid: 0.13807819916003275
- descending: 0.1346585765535802
- rather: 0.1320780436661438
- ischemic: 0.1318556083593131
- mesenteric: 0.1287280579904988
- origin: 0.12833796133380684
- young: 0.12293531200910923
- adenocarcinoma: 0.12185579611194929
- measures: 0.12155537911706896
- relatively: 0.1214064556896596
- near: 0.1214064556896596
- aorta: 0.12111113061754038
- infectious: 0.11996211082842902
- junction: 0.11940600493844133
- conservative: 0.11510344639227395
- extensive: 0.11487112494438792
- hypertension: 0.11407388694371953
- peripheral: 0.1066111770271612
- although: 0.10149707217584855
- thickening: 0.10142783772265687
- inferior: 0.10142783772265687
- inflammatory: 0.1008128448589114
- radiation: 0.098798890624677
- bowel: 0.0956788632986366
- severe: 0.09437991321877469
- artery: 0.09259432208696841
- and: 0.09242237438055832
- wall: 0.09069268427309733
- lymphoma: 0.08879185090345587
- through: 0.08874924944203291
- with: 0.0875805884316845
- had: 0.07428172162059267
- female: 0.07194241600423527
- presents: 0.07171960143397924
- within: 0.0686658886752807
- disease: 0.06258235021129059
- from: 0.05921190997426981
- of: 0.05835219353272509
- pain: 0.05334960285265826
- this: 0.051229734394436136
- patient: 0.04849123268935869
- year: 0.045946356481260976
- old: 0.04412440694800735
- to: 0.03727200743342522
