Texto: 
na
see caption
benign cystic teratoma
teratoma
20 year old female with abdominal fullness and pain.
the characteristic findings of calcifications and fat in an ovarian mass on computed tomagraphy confirm the diagnosis of teratoma in this patient.


Keywords by value: 
- teratoma: 0.5601089145948013
- tomagraphy: 0.32992997317797124
- caption: 0.30369519057579974
- fullness: 0.21983840458771287
- computed: 0.2080994156034828
- na: 0.20472212509382975
- confirm: 0.20204933556844254
- ovarian: 0.18393905847627756
- characteristic: 0.1745457596096236
- calcifications: 0.15757123956575156
- benign: 0.14831097700745208
- 20: 0.13928740806645454
- see: 0.13430515761084805
- fat: 0.13430515761084805
- cystic: 0.13003119690138595
- abdominal: 0.11808322764121464
- diagnosis: 0.111922726908496
- in: 0.10741945518385237
- findings: 0.10655692558734026
- female: 0.10418328776049941
- and: 0.08922753650671078
- the: 0.08616105264585629
- of: 0.08450263013016354
- an: 0.08256068720240575
- mass: 0.08246928703541154
- pain: 0.07725813691855506
- this: 0.07418825300494894
- patient: 0.07022249640378189
- year: 0.06653713823778029
- on: 0.06520649463230765
- old: 0.06389868511025543
- with: 0.04227656021576522
