Texto: 
dense right sided hemiplegia and aphasia.
supportive.
• hyperdense mca sign on initial ct scan.
• m1 segment occlusion of left mca on angiogram
• m1 occlusion segment treated with intra arterial tpa
• follow up ct and mri reveal basal ganglion hemorrhage on the left.
mca infarct with basal ganglia hemorrhage
• cerebral infarct
• complications with hemorrhage following treatment with tpa
71 year old man presents with dense right sided hemiplegia and aphasia.


Keywords by value: 
- mca: 0.3680321232111975
- tpa: 0.3270661698806054
- m1: 0.3122428007968065
- hemiplegia: 0.27416186481446875
- aphasia: 0.26390238875813293
- hemorrhage: 0.23808917871416127
- occlusion: 0.21781351391215323
- dense: 0.20897037015777378
- basal: 0.2028618074641818
- infarct: 0.19727490115463472
- segment: 0.19573547022240367
- sided: 0.15249724147189733
- ganglion: 0.13329230108589069
- with: 0.11605449461698837
- 71: 0.11510011176104509
- ganglia: 0.11140790725636439
- hyperdense: 0.10912209506655389
- on: 0.10740003550443805
- angiogram: 0.10648304889625917
- reveal: 0.09971020188088417
- intra: 0.09930140295861005
- supportive: 0.09903327095835215
- arterial: 0.09761737133922002
- complications: 0.09078609934284043
- ct: 0.09025580143563051
- cerebral: 0.08212307040087571
- sign: 0.08206412017211248
- left: 0.08087066737659403
- initial: 0.07951871529323387
- right: 0.0785994080137358
- treated: 0.07381593363844857
- and: 0.07348225543200877
- following: 0.07111054125786496
- scan: 0.07032629944253652
- follow: 0.06390138505730505
- man: 0.06275461455902977
- mri: 0.0608460434823549
- up: 0.05863546489808652
- presents: 0.05702210214112537
- treatment: 0.05646515244202177
- year: 0.03653056876924779
- old: 0.035081991388672136
- the: 0.02365229661412648
- of: 0.023197038698302988
