Texto: 
normal physical exam.
labs:
na:139 meq/l
k:4.1 meq/l
cl: 106 meq/l
hco3: 41
bun: 21 mg/dl
cr: .8 mg/dl
alk: 71 u/l
ast: 24 u/l
alt: 25 u/l 
alt
asd repair.
follow up  with chest x-ray films, pulmonary artery pressure measurements as clinically indicated and echocardiogram
enlarged diameter of pulmonary arteries bilaterally with rapid tappering distally. cardiomediastinal silhouette presents prominence of the left pulmonary artery moogle. sternotomy wires in anterior chest wall.
pulmonary arterial hypertension
pulmonary artery hypertension
lymphoma
ascending aortic aneurysm
sarcoid
64 year old female with complaints of shorthness of breath and history of atrial septal defect repair in 30 july 2001
known cause of pah being a left to right shunt that with time caused massive enlargement of the vessels with little symptomatology.


Keywords by value: 
- pulmonary: 0.2810227119231663
- alt: 0.1773205215819682
- artery: 0.17180044394638752
- tappering: 0.1474593945403725
- moogle: 0.1474593945403725
- shorthness: 0.1474593945403725
- repair: 0.14266601262715453
- hypertension: 0.14110256423148593
- pah: 0.12970106578508142
- of: 0.1263117933827214
- hco3: 0.12314699501520708
- wires: 0.11194273702979035
- 106: 0.11106877676181753
- sternotomy: 0.11023965515625062
- cardiomediastinal: 0.10798049735711016
- measurements: 0.10729254981424799
- july: 0.10480080775159294
- symptomatology: 0.10480080775159294
- cl: 0.10214495943237813
- asd: 0.10214495943237813
- prominence: 0.09749477221683575
- chest: 0.09734327074444989
- echocardiogram: 0.09713151361650191
- distally: 0.09677623937169344
- alk: 0.09642860602867336
- cr: 0.09542843174296217
- massive: 0.09479445529342025
- silhouette: 0.0941844082744993
- little: 0.09069762427335266
- with: 0.09027661760654937
- ascending: 0.08976029925378541
- septal: 0.08976029925378541
- 71: 0.08953422105895692
- bun: 0.08887436097308782
- ast: 0.08844895938430634
- shunt: 0.08743199971034497
- 2001: 0.08704247899630185
- 64: 0.08666212433151621
- atrial: 0.08666212433151621
- sarcoid: 0.08647525141283739
- rapid: 0.08574864246089084
- 41: 0.0845507369336468
- clinically: 0.07662688120000045
- arterial: 0.0759347247448811
- complaints: 0.0759347247448811
- indicated: 0.07583822101088514
- diameter: 0.07410630000849595
- caused: 0.07393433745655317
- 21: 0.07367977585799781
- arteries: 0.07318237269167034
- films: 0.07301991577212873
- vessels: 0.07155293252833819
- aortic: 0.07126035752867063
- enlargement: 0.07069063062901527
- pressure: 0.07020807755783642
- aneurysm: 0.07020807755783642
- defect: 0.06763890144323288
- breath: 0.06758106836747105
- 24: 0.0653721884546899
- 25: 0.06532191056833059
- being: 0.06425360836068278
- labs: 0.06388199826058559
- left: 0.06290777740610251
- 30: 0.06290204202307924
- enlarged: 0.06285887957438266
- cause: 0.0628158320724232
- bilaterally: 0.06149556163507476
- known: 0.0596976740502763
- wall: 0.05609070862240458
- lymphoma: 0.0549151001206731
- time: 0.05465353571709109
- anterior: 0.051483115179682896
- physical: 0.04999686331492917
- follow: 0.049707690532674494
- exam: 0.046417153172817915
- in: 0.04587632025710671
- up: 0.04561142987401318
- female: 0.04449422934196238
- presents: 0.04435642520442661
- that: 0.0400144691046736
- and: 0.03810698009525822
- normal: 0.037647583572420484
- as: 0.03704290676199823
- the: 0.03679735703467731
- history: 0.03522849029467204
- right: 0.03057050364475282
- year: 0.02841644521063115
- old: 0.027289623998826205
- to: 0.023051620155215783
