Texto: 
• negative physical examination
• mild hypertension
• negative drug screen.
• normal carotid and cardiac ultrasound
• anticoagulation.
• no pre-existing condition or drugs found to account for infarction.
• ct low attenuation lesion left frontal lobe close to vertex.
• mri frontal lobe lesion which is high signal on t2 and flair.
• t2 "shine through" on dwi images.
cortical cerebral vein thrombosis, frontal lobe venous infarct
• encephalitis
• low grade glioma
• post traumatic edema
• venous thrombosis and infarct
56 year old woman "found down" by ems and brought into hospital disoriented.  ct ordered and showed lesion left frontal lobe.


Keywords by value: 
- frontal: 0.3233335293017705
- lobe: 0.2903120677772311
- infarct: 0.20901475886639342
- thrombosis: 0.20479278549525926
- shine: 0.1855857763443275
- lesion: 0.18063258602842663
- venous: 0.1793320786644281
- found: 0.16252550922910738
- negative: 0.15550439464461976
- ems: 0.1537295991605647
- disoriented: 0.1537295991605647
- vertex: 0.15015149155754598
- t2: 0.14451132078951204
- low: 0.14412897582829362
- and: 0.12975865835090802
- screen: 0.12954193686792712
- account: 0.1278795203817391
- drugs: 0.12559991091295403
- encephalitis: 0.1248896377359175
- brought: 0.12386542706611958
- dwi: 0.1193565587933041
- 56: 0.11728288041409174
- anticoagulation: 0.11655298288508373
- drug: 0.11428122105816366
- close: 0.11364301524177357
- ordered: 0.11033919510319057
- flair: 0.1068424462588082
- glioma: 0.10668902013952543
- carotid: 0.10579026028789033
- down: 0.10202216460432827
- condition: 0.10035525081263606
- infarction: 0.09859298581508816
- hypertension: 0.09609409813520609
- attenuation: 0.09609409813520609
- ct: 0.09562693714683021
- traumatic: 0.09516889650066654
- cardiac: 0.09326075693905277
- hospital: 0.09276782831160078
- grade: 0.09031047243163791
- cortical: 0.0901656261261725
- vein: 0.09002172653534853
- cerebral: 0.08701022611970331
- left: 0.08568329241150396
- showed: 0.08365212878880432
- examination: 0.08036592189837602
- ultrasound: 0.0774665289714167
- on: 0.07586095136554684
- edema: 0.07490491031640904
- through: 0.07476101072558507
- high: 0.07137739059487364
- mild: 0.07119366302781555
- signal: 0.07119366302781555
- post: 0.06833777943480941
- physical: 0.06809803232144557
- into: 0.06676172833859151
- woman: 0.06540792399059518
- mri: 0.06446700027222248
- to: 0.06279473832202724
- images: 0.05809395072256914
- which: 0.057107233289696045
- by: 0.05333299469379744
- normal: 0.05127774410146804
- or: 0.043690685916968064
- no: 0.040840589649054744
- year: 0.03870450816534166
- for: 0.03806550560017217
- old: 0.037169725736719374
- is: 0.03439380167383354
