Texto: 
coin lodged at thoracic inlet. coin is transverse - tracheal coins are usually in the sagittal plane.
esophageal foreign body
american quarter
canadian quarter
canadian dollar - the loonie
susan b. anthony dollar 1979–1981; 1999
sacagawea dollar 2000–present
swallowed coin


Keywords by value: 
- dollar: 0.49690168392926576
- coin: 0.4228381456058466
- canadian: 0.34667638050660343
- quarter: 0.3049266286110394
- loonie: 0.17333819025330172
- susan: 0.17333819025330172
- anthony: 0.17333819025330172
- sacagawea: 0.17333819025330172
- coins: 0.16563389464308856
- lodged: 0.13929273396795086
- swallowed: 0.13929273396795086
- inlet: 0.13056110000689272
- tracheal: 0.11739051966932387
- plane: 0.10935576127859133
- 1999: 0.10903094771200941
- foreign: 0.09826009098605609
- esophageal: 0.09261197586693162
- american: 0.0924767359299039
- transverse: 0.08351247531221548
- sagittal: 0.08334506338397299
- thoracic: 0.08099625842079736
- body: 0.07133423399539225
- usually: 0.0682351208409924
- the: 0.04325521133717422
- are: 0.04112883430507115
- at: 0.040940035141307646
- is: 0.02968316386377004
- in: 0.026963756204324354
