Texto: 
radiolucent lesion with scalloped sclerotic borders, well-demarcated in the right femoral metaphysis measuring 6x2.6x1.8cm.
nonossifying fibroma
benign fibrous histiocytoma
fibrous dysplasia
osteofibrous dysplasia
desmoplastic fibroma
right knee pain


Keywords by value: 
- fibroma: 0.360975214851797
- fibrous: 0.27875690363047184
- dysplasia: 0.27484135392292025
- osteofibrous: 0.2651381952321697
- scalloped: 0.23331921449918408
- desmoplastic: 0.2280646811749266
- nonossifying: 0.20749602269805953
- histiocytoma: 0.20749602269805953
- radiolucent: 0.19602650732720223
- borders: 0.1804876074258985
- metaphysis: 0.16484946897062058
- sclerotic: 0.15051499512042496
- measuring: 0.13880654361121
- femoral: 0.13335644021851736
- knee: 0.12861006147896945
- benign: 0.12325323835830355
- right: 0.11897398320009867
- lesion: 0.08602059705775242
- pain: 0.06420506261153318
- in: 0.04463525216150795
- the: 0.035801897382243215
- with: 0.03513376459640654
