Texto: 
n/a
the patient was started on anticoagulation therapy.
multiple filling defects in the pulmonary arteries.
malignant pleural effusion
metastatic disease (breast vs. nsclc)
pulmonary embolism
filling defects in the pulmonary arteries are indicitive of pulmonary emboli.
62 year old male with respiratory distress.


Keywords by value: 
- pulmonary: 0.45160216213981275
- defects: 0.31936365432644404
- indicitive: 0.29620818254569997
- arteries: 0.29400931255616664
- filling: 0.2868726884231142
- nsclc: 0.2555309731206789
- emboli: 0.18170726802695392
- 62: 0.17643027892609378
- anticoagulation: 0.17189220912150005
- embolism: 0.1679113121304807
- started: 0.15601935784306034
- distress: 0.14920973289882195
- respiratory: 0.14733430374579098
- vs: 0.14130406863882783
- pleural: 0.13943285153648202
- effusion: 0.13754086028328188
- breast: 0.13450188155893936
- malignant: 0.13203189804428128
- the: 0.11087470842771026
- therapy: 0.10642129083942022
- metastatic: 0.10158427491464606
- in: 0.09215378570893006
- multiple: 0.0905954634601157
- male: 0.0824673697883354
- disease: 0.07774905949735843
- are: 0.070282822509717
- was: 0.06455123913071188
- patient: 0.06024298740357984
- year: 0.057081365459872385
- on: 0.05593982321816386
- old: 0.05481787004648722
- with: 0.03626852383459078
- of: 0.03624686634058943
