Texto: 
physical examination showed deformity and limited movement at the interphalangeal joint of the thumb.
reduction and immobilization in slight flexion for three weeks.
a-p radiograph of the hand and oblique and lateral radiographs of the first ray show a complete dislocation of the distal phalanx of the right thumb.  on the initial film, no fracture was identified; on subsequent radiograph after reduction (not available) an avulsion fracture was noted at the base of the distal phalanx
dislocation at the interphalangeal joint of the thumb
with avulsion fracture
dislocation at the interphalangeal joint of the thumb
with avulsion fracture
patient presented with pain in his thumb after falling backwards and catching himself that morning, causing him to bend his thumb backwards.


Keywords by value: 
- thumb: 0.5428074038741515
- interphalangeal: 0.30571734441742376
- backwards: 0.25190910023423113
- avulsion: 0.2482968969544611
- dislocation: 0.2218100302804737
- the: 0.22110112940997273
- fracture: 0.19377146887013008
- phalanx: 0.17148216140746625
- joint: 0.16849951601661808
- reduction: 0.14880732578787606
- of: 0.13344331618093264
- at: 0.12877968799597572
- bend: 0.12262026328402924
- catching: 0.11559730921133826
- radiograph: 0.11103198295512823
- himself: 0.10723533978712259
- his: 0.10338781920164349
- distal: 0.09904910126895371
- and: 0.08806544207388917
- falling: 0.08679009661273956
- him: 0.08476090379971535
- morning: 0.0845255864940063
- immobilization: 0.08318657114248158
- after: 0.08269929021862754
- movement: 0.07846698895319135
- slight: 0.07464274543592556
- oblique: 0.07382217550951144
- flexion: 0.07240839141237639
- ray: 0.07046509334005588
- causing: 0.07001634069248219
- deformity: 0.06966679633014439
- limited: 0.06803212532692036
- hand: 0.06662909808007499
- base: 0.06483785103395372
- subsequent: 0.06452847476308837
- film: 0.06369482129332232
- identified: 0.060430195845576615
- complete: 0.05974777862319834
- was: 0.05941155941765269
- available: 0.05783053520454473
- first: 0.057520838313565616
- three: 0.05721743012093201
- initial: 0.05717993363929278
- showed: 0.0567735656011922
- radiographs: 0.05528329182336781
- examination: 0.05454326154110245
- show: 0.05411011990671126
- on: 0.051485799121673316
- weeks: 0.05108393347546399
- with: 0.05007114319895736
- presented: 0.04970512491775228
- physical: 0.04621721122094301
- noted: 0.04519229119213701
- in: 0.04240817208885199
- lateral: 0.04230102522692043
- that: 0.036989463896075575
- not: 0.03364936028224022
- an: 0.03259416857645561
- pain: 0.030500772509956715
- right: 0.028259441300955753
- patient: 0.027723169019088785
- no: 0.027717954452610438
- for: 0.025834542534955294
- to: 0.021308968744453805
