Texto: 
non-contributory
• left cerebellar subacute hematoma with some mass effect.
• 4th ventricle minimally compressed
• hemosiderin ring surrounding hematoma
• linear/tubular enhancement
• "popcorn" lesion medial and inferior to hematoma
developmental venous anomaly (dva) and cavernous malformation
• venous angioma and cavernous angioma 
• metastatic disease
• primary neoplasm
• amyloid angiopathy
• anticoagulation therapy
51 year old man with acute onset of headache and ataxia.
mri obtained as follow-up to ct done 3 weeks previously when symptoms first developed.


Keywords by value: 
- hematoma: 0.30995983265294125
- angioma: 0.30986118854062683
- cavernous: 0.2560928121882292
- venous: 0.21078253470097463
- dva: 0.18392894443768723
- angiopathy: 0.17921087743097078
- popcorn: 0.17401797647003395
- amyloid: 0.16686916771322682
- hemosiderin: 0.1651433467012312
- compressed: 0.15987466904063388
- ataxia: 0.14333673395714916
- 51: 0.14093575382556947
- minimally: 0.13997125494140375
- subacute: 0.13814383299621233
- anticoagulation: 0.1369935225334026
- 4th: 0.13589217655907648
- anomaly: 0.1350958760554469
- developmental: 0.12765131865737422
- ring: 0.12434328189483317
- and: 0.1220121201306409
- cerebellar: 0.12080167767699555
- previously: 0.11849991914397102
- done: 0.11742152458972403
- malformation: 0.11385076755599506
- developed: 0.10951894241271698
- ventricle: 0.10865786659505823
- obtained: 0.10441463354256211
- effect: 0.10355065354169589
- headache: 0.10176012574127191
- neoplasm: 0.10077014670874952
- inferior: 0.10042556472730496
- first: 0.09961682001836566
- surrounding: 0.09844920582743348
- medial: 0.09608679161125246
- onset: 0.09478840007493856
- some: 0.09287852115787874
- primary: 0.09076788809124069
- when: 0.08916857895712385
- weeks: 0.08846913842101156
- enhancement: 0.08496517453627268
- therapy: 0.08481494059069825
- metastatic: 0.08095996744519288
- symptoms: 0.08076708910300479
- acute: 0.07985458847398443
- man: 0.07814971987434165
- mri: 0.07577293378378076
- to: 0.07380739802926735
- lesion: 0.07077037307216195
- disease: 0.06196393419246599
- as: 0.05930256843411554
- with: 0.05781009927768508
- mass: 0.05638535451494931
- ct: 0.05619878035099654
- left: 0.05035502206444908
- year: 0.045492331300699594
- old: 0.043688385609951884
- of: 0.02888778919168409
