Texto: 
increased signal intensity and widening of the optic nerves as they track posteriorly.
there is a well circumscribed 1.5x1cm mass of high signal intensity located at the location of the optic chiasm.  the lesion is suprasellar.
bilateral optic gliomas
meningioma 
optic glioma 
sarcoid
optic neuritis
metastasis
lymphoma/leukemia
the patient presented with a history of slowly progressive decreased visual acuity.
this case is unique in that it is a novel presentation of a lesion overwhelmingly found in children.


Keywords by value: 
- optic: 0.5657953837274968
- novel: 0.2008829099433972
- overwhelmingly: 0.2008829099433972
- intensity: 0.18668492811111181
- gliomas: 0.15202182880341303
- signal: 0.1490373494636937
- unique: 0.14782026223964367
- track: 0.14633298395365807
- neuritis: 0.14633298395365807
- acuity: 0.14633298395365807
- is: 0.1440004860389155
- chiasm: 0.13952406580094553
- the: 0.1311511865121557
- slowly: 0.1296504081614001
- suprasellar: 0.12896245214564006
- of: 0.12862679673287136
- lesion: 0.12604587123590497
- sarcoid: 0.12328420017821042
- nerves: 0.12276043183474275
- widening: 0.12125697607172008
- posteriorly: 0.1158733650232831
- visual: 0.11215697038155333
- glioma: 0.11167179845951378
- children: 0.10771154106496872
- located: 0.10398654600698201
- circumscribed: 0.10180056569660476
- progressive: 0.10068117140483186
- meningioma: 0.0985028332152651
- metastasis: 0.0963475425020363
- they: 0.09392776066175686
- location: 0.09153682641682778
- presentation: 0.09049212334002715
- found: 0.08505803074874627
- decreased: 0.08142655144796353
- presented: 0.07665769925212623
- high: 0.07471098306697953
- increased: 0.07108515948187644
- bilateral: 0.07064931074379337
- it: 0.06729049428553688
- case: 0.06604207006675515
- in: 0.06540397810485252
- well: 0.06365164816934687
- that: 0.05704697862714814
- as: 0.0528105447259911
- there: 0.052305938493658985
- history: 0.050223805985023684
- mass: 0.050212686653038144
- at: 0.04965259924662401
- this: 0.04517065243784943
- patient: 0.042756040881051165
- and: 0.027163775100360506
- with: 0.025740730242653838
