Texto: 
emg positive for motor neuron disease.  elevated csf protein.
steroids
• high signal intensity changes in corticospinal tracts in brain bilaterally.
• mild cervical spinal cord atrophy with absence of normal cervical spinal cord enlargement.
als, amyotrophic  lateral  sclerosis
• multiple sclerosis
• als (amyotrophic lateral sclerosis)
• adem
• lyme disease
57 year old woman with 6 month history of progressive weakness and muscle atrophy.  bowel and bladder incontinence noted more recently.


Keywords by value: 
- als: 0.3903810641208011
- amyotrophic: 0.3800468408571403
- sclerosis: 0.282255002755115
- atrophy: 0.24993779436928124
- cord: 0.19582648536266548
- cervical: 0.18921076464785513
- spinal: 0.1875856155838988
- corticospinal: 0.18223206998445474
- neuron: 0.16618155524563302
- tracts: 0.15468606369037774
- lyme: 0.1449639288749809
- adem: 0.14187187621210504
- emg: 0.1396648738775168
- incontinence: 0.1396648738775168
- lateral: 0.13110696855438236
- 57: 0.1246915765285067
- protein: 0.12258503421273434
- steroids: 0.11604965975058897
- recently: 0.1153026272890238
- disease: 0.11089357879803398
- absence: 0.10530904845075914
- motor: 0.1050715489532221
- csf: 0.10437332526112267
- bladder: 0.10250222724671508
- enlargement: 0.10126694782326635
- progressive: 0.10116692175836804
- weakness: 0.09640253328629304
- intensity: 0.0937928077919494
- muscle: 0.0937928077919494
- elevated: 0.09004767423131792
- bilaterally: 0.08809467076539963
- positive: 0.08704068293582144
- bowel: 0.08476967971553967
- brain: 0.08234470556631965
- month: 0.08035201854747133
- changes: 0.07982983167639526
- high: 0.07507143662479421
- signal: 0.07487820047127727
- mild: 0.07487820047127727
- more: 0.07253166872822273
- noted: 0.07003405081134186
- woman: 0.06879302787193767
- in: 0.06571952871917106
- multiple: 0.0646082102530133
- and: 0.0545896610437767
- normal: 0.05393155850183526
- with: 0.05172983997158466
- of: 0.05169894986136168
- history: 0.05046611774175785
- year: 0.040707610737971675
- for: 0.04003553740810624
- old: 0.03909339759760729
