Texto: 
blood sugar 400
csf negative
no fever
no facial or ocular lesions
physical therapy, insulin, and anti seizure medication
• right frontal lobe leptomeningeal enhancement. 
• no brain edema.  
• no calcification on ct scan. 
• angiogram (not shown) was negative
leptomeningeal  angiomatosis
• meningitis
• leptomeningeal tumor 
• sturge-weber syndrome
• herpes encephalitis
11 year old boy, with known type i diabetes, presents to er with a seizure.  has a persistent left sided weakness following seizure.
since the boy had no obvious skin or other finding consistent with sturge weber and an unexplained persistent left hemiplegia meningitis or vasculiltis was suspected.  

consequently he had a negative cerebral angiogram followed by leptomeningeal biopsy.


Keywords by value: 
- leptomeningeal: 0.4376718450451989
- sturge: 0.2659769099531766
- seizure: 0.2583352662972592
- weber: 0.2365544888204016
- meningitis: 0.19494541410193758
- negative: 0.19219824197482094
- angiogram: 0.1859221261414407
- no: 0.16825868597266197
- vasculiltis: 0.1654930408324703
- persistent: 0.15946553343690387
- boy: 0.14157951562891133
- angiomatosis: 0.13820733997973866
- unexplained: 0.13820733997973866
- sugar: 0.13153638782784727
- insulin: 0.13153638782784727
- consequently: 0.13153638782784727
- 400: 0.12283637835154282
- hemiplegia: 0.11967340656931309
- herpes: 0.11577103773721274
- or: 0.10800045931957027
- ocular: 0.10604185100195762
- had: 0.10311881570389474
- encephalitis: 0.10290628278200493
- obvious: 0.09623533063011352
- medication: 0.09564691727241444
- anti: 0.0954549455891734
- diabetes: 0.09452442599662482
- facial: 0.08533016942793759
- suspected: 0.08479181672484833
- csf: 0.08176942521818291
- shown: 0.08022089898654905
- 11: 0.0774716088280614
- er: 0.0774008829888579
- skin: 0.076982222375251
- weakness: 0.07552485001963553
- since: 0.07496083086746495
- calcification: 0.07388282139927699
- biopsy: 0.0725384172061663
- was: 0.07213022112646926
- cerebral: 0.07169449040226733
- left: 0.07060112655011432
- fever: 0.07016330775622846
- followed: 0.06988131521645109
- type: 0.06942085509665248
- finding: 0.06802132535728588
- known: 0.06699844143535381
- frontal: 0.06660490854651295
- sided: 0.06656602074002946
- brain: 0.0645114949348701
- syndrome: 0.06238634058112083
- following: 0.062080411665388364
- edema: 0.06171997951567666
- scan: 0.06139575853408602
- he: 0.06127928201981175
- with: 0.06079023453342971
- blood: 0.06009941040822362
- lobe: 0.05980267114891405
- enhancement: 0.059563443663179415
- therapy: 0.05945812461684826
- lesions: 0.05943189011512829
- physical: 0.05611126349639024
- consistent: 0.05611126349639024
- tumor: 0.054128004051038375
- other: 0.05374077153066579
- presents: 0.04978102419597826
- has: 0.047268360623796475
- by: 0.04394520100359524
- and: 0.042767298974498894
- not: 0.04085292191810496
- an: 0.03957183770124387
- ct: 0.039397234286230216
- right: 0.034309144044159995
- year: 0.03189165357836248
- on: 0.031253868034440475
- old: 0.03062702700507845
- to: 0.025870733617838468
- the: 0.020648757338412767
