Texto: 
gravid patient with tenderness and swelling of her left lower extremity.
lovenox (low molecular weight heparin)
(coumadin is a class c drug and is contraindicated in pregnancy.)
the transverse sonographic image demonstrates noncompressibility of the popliteal vein due to occusive thrombus.  the longitudinal sonographic images demonstrate a hyperechoic thrombus within the lumen of the vessel.
deep venous thrombosis
ddx of physical findings:
•deep venous thrombosis
•ruptured baker's cyst
•cellulitis 
•chronic venous insufficiency 
•extrinsic venous compression 
•superficial thrombophlebitis 
•hematoma
34 yo gravida 1 para 0 female at 25 weeks with 1 day history of left lower extremity pain and swelling.
this patient was at increased risk for dvt due to her pregnancy.  ultrasound, the imaging modality of choice for diagnosing dvt, is especially appropriate during pregnancy because of its does not use ionizing radiation for image generation.


Keywords by value: 
- venous: 0.28380879026124173
- pregnancy: 0.2439806840614724
- dvt: 0.20860677378555884
- thrombus: 0.1848361516875587
- sonographic: 0.17886850690242337
- thrombosis: 0.1620512992948663
- occusive: 0.15892862111170442
- deep: 0.1547170816541045
- generation: 0.14685290848754498
- extremity: 0.14315501732537841
- noncompressibility: 0.1429653973280421
- gravida: 0.1429653973280421
- ionizing: 0.13710352246307672
- of: 0.13613618321867083
- swelling: 0.13377382746699537
- baker: 0.13088968470388265
- gravid: 0.12922923166626915
- image: 0.1271130180699169
- molecular: 0.1250278098389173
- her: 0.12417269622536245
- lovenox: 0.1238258456492643
- contraindicated: 0.12164530710299455
- the: 0.11897824276923621
- thrombophlebitis: 0.11637909951693885
- class: 0.11563764418460779
- due: 0.11424979761235973
- para: 0.11358567869953055
- diagnosing: 0.11175013302510486
- coumadin: 0.11062577061506669
- heparin: 0.10857380512998946
- popliteal: 0.10717933543778872
- lower: 0.10156553293162356
- modality: 0.0982799507087447
- insufficiency: 0.09578690924144251
- longitudinal: 0.09444612702075278
- ddx: 0.09444612702075278
- choice: 0.09423236273494716
- hyperechoic: 0.09148621893628893
- drug: 0.09043004280005734
- for: 0.09036301683049336
- lumen: 0.08849231753232176
- appropriate: 0.08731074137392257
- vessel: 0.08716852368032882
- 34: 0.0866109858375395
- is: 0.08164682513774922
- especially: 0.07861243224059808
- transverse: 0.07657009991624075
- use: 0.07603868183012245
- at: 0.07507339639077384
- its: 0.07353567378891111
- compression: 0.07277533913047725
- vein: 0.0712336507096246
- risk: 0.07100812560922731
- 25: 0.07040257561999229
- because: 0.06945494544685389
- weight: 0.06930189991750246
- does: 0.06870281840165128
- left: 0.06780067388393232
- radiation: 0.06585676714150482
- patient: 0.06464598538376679
- day: 0.06330270434835557
- during: 0.06294642259180216
- tenderness: 0.06232292011842896
- yo: 0.062086348112681225
- and: 0.061606347498047206
- ultrasound: 0.06129879839918522
- weeks: 0.05955977136896422
- cyst: 0.05732806811420684
- low: 0.05702419580487135
- physical: 0.0538855633533512
- increased: 0.053739425893671956
- imaging: 0.05222701629142125
- demonstrate: 0.05166437630462359
- demonstrates: 0.04992691802459743
- to: 0.04968909871193295
- findings: 0.049047511886001094
- female: 0.04795494067222661
- images: 0.0459693937606127
- within: 0.04577089289627069
- not: 0.039232456640887696
- with: 0.03891929273020129
- history: 0.03796852281830307
- pain: 0.03556145570000687
- was: 0.03463455782324021
- this: 0.03414840660055792
- in: 0.02472226453549124
