Texto: 
patient was eventually admitted and underwent repair of her asd.
enlarged pulmonary arteries which taper on the pa chest exam.  lateral demonstrates prominent main and right pulmonary arteries.
pulmonary artery hypertension
31 year old woman with history of atrial septal defect presents with lethargy for several weeks.
radiographic features:
·	rapid tapering of pulmonary arteries (pa) toward periphery
·	enlarged main pa:  >29 mm
·	cardiomegaly (cor pulmonale)
·	hrct: mosaic pattern
·	calcification of pa is pathognomonic but occurs late in disease

- courtesy of primer pg 64.


Keywords by value: 
- pa: 0.371053188028738
- pulmonary: 0.2947237314992513
- arteries: 0.28781368521855005
- main: 0.2106963480951695
- mosaic: 0.17862267255286823
- pulmonale: 0.17389414766329547
- courtesy: 0.16676413052346198
- primer: 0.16676413052346198
- enlarged: 0.164808774878392
- taper: 0.1639345326711123
- hrct: 0.15718633679046612
- cor: 0.15534252163493817
- tapering: 0.14451786789978355
- pg: 0.13815849956258996
- lethargy: 0.13455825290760037
- asd: 0.13390618587253603
- cardiomegaly: 0.12641237427729682
- toward: 0.12386645544818471
- periphery: 0.1219561080352784
- eventually: 0.12054288402598252
- pathognomonic: 0.11889938575172863
- of: 0.11827679978806
- septal: 0.11767060638766962
- late: 0.11410769984201997
- atrial: 0.1136090766821176
- 64: 0.1136090766821176
- rapid: 0.11241155431940002
- 31: 0.10726796815352244
- 29: 0.10534817404758474
- admitted: 0.09904449695550087
- features: 0.09726273310805245
- occurs: 0.09530529566117353
- prominent: 0.095201674395683
- repair: 0.09351348177485176
- hypertension: 0.09248868616753099
- pattern: 0.0902469507816196
- radiographic: 0.08968183711668685
- defect: 0.08867072207187833
- mm: 0.08650654633574802
- calcification: 0.08630180554912026
- underwent: 0.08326942618216744
- several: 0.07930806223306433
- her: 0.0755179420220705
- artery: 0.07507351091334405
- weeks: 0.0724447724470128
- chest: 0.06380572364109768
- woman: 0.06295384495231056
- exam: 0.06085022672653895
- demonstrates: 0.060727973464944546
- lateral: 0.05998927526423737
- but: 0.05977453775435704
- presents: 0.05814873050096337
- which: 0.054964592832695384
- disease: 0.050740441159634254
- and: 0.04995606624186679
- with: 0.04733898805909982
- history: 0.046182531136351714
- was: 0.042127305102702226
- right: 0.04007617767944132
- patient: 0.03931566217512619
- year: 0.03725233056390397
- for: 0.03663730311833647
- on: 0.03650733946920634
- old: 0.03577513255558756
- is: 0.033103360048644365
- in: 0.030070612889924263
- the: 0.024119612744893194
