Texto: 
delayed developmental milestones.

scoliosis
• enlarged left hemisphere with evidence of poor sulcation and thickened gyri.
• enlarged left lateral ventricle
• falx "displaced to the right
• band heterotopia of gray matter
cephalic disorders, hemimegalencephaly
cerebral gliomatosis
developmental delay
seizures that are difficult to control


Keywords by value: 
- developmental: 0.3063314591805554
- hemimegalencephaly: 0.25480386417403234
- enlarged: 0.24149123620947646
- sulcation: 0.24021022534377312
- gliomatosis: 0.24021022534377312
- milestones: 0.22762051118454732
- cephalic: 0.2251351806592103
- gyri: 0.2186879668336893
- heterotopia: 0.20361292214912646
- falx: 0.19916963299463888
- scoliosis: 0.19621024661044534
- band: 0.17924003412828454
- hemisphere: 0.16575544374950352
- delay: 0.16241350563978083
- disorders: 0.15638495059219312
- gray: 0.15156131078881585
- control: 0.15133872879178473
- poor: 0.14940418974877864
- thickened: 0.14940418974877864
- displaced: 0.14797869096973304
- difficult: 0.14699911270730515
- seizures: 0.14458804688042126
- delayed: 0.1386015081526701
- matter: 0.1348626920821093
- ventricle: 0.1303759458797705
- cerebral: 0.12271092672933588
- left: 0.12083954594683423
- evidence: 0.10053403984805835
- to: 0.08855971162080666
- lateral: 0.08790117063585198
- that: 0.07686379136712788
- of: 0.06932351900994371
- are: 0.06720929385375436
- right: 0.05872287866650356
- and: 0.03659984792015042
- the: 0.0353420204898433
- with: 0.034682469898016634
