Texto: 
mildly diffusely tender abdomen with equivocal prostate tenderness on digital rectal exam.

ua - normal
wbc - 7.3 k/ul with 84% neutrophils
hypoattenuating lesion in the posterior aspect of the prostate. no secondary findings such as peri-prostatic fat stranding or fluid.
prostate abscess
abscess
tumor
35 year old male with abdominal pain


Keywords by value: 
- prostate: 0.5072140459542022
- abscess: 0.22417157236027485
- equivocal: 0.20869000061416718
- hypoattenuating: 0.2057735090654557
- neutrophils: 0.20311096088694003
- digital: 0.1962827681073915
- 84: 0.18126970662367767
- rectal: 0.17664203887602692
- ua: 0.1666543032263487
- diffusely: 0.16232710654313642
- stranding: 0.15624778318505186
- mildly: 0.14094913082329827
- 35: 0.13996194842361384
- tender: 0.12760873181875487
- wbc: 0.12337435623954673
- aspect: 0.11261112097939352
- such: 0.11228173135655226
- tenderness: 0.10946667306993657
- fat: 0.10858306979663147
- abdomen: 0.10650674645291026
- secondary: 0.10346228302510654
- with: 0.1025392941789559
- fluid: 0.10078336683310088
- abdominal: 0.09546795951000686
- tumor: 0.09130162719896982
- posterior: 0.09026313939722341
- exam: 0.0878703376785193
- findings: 0.08614917173836131
- lesion: 0.08368484854458645
- male: 0.07771794931105788
- normal: 0.07126903860243856
- as: 0.07012435066088492
- the: 0.06965951091993344
- pain: 0.06246167922822636
- or: 0.0607240672487827
- no: 0.05676282393556985
- year: 0.05379396334335156
- on: 0.052718164244808186
- old: 0.05166082605214427
- in: 0.04342325494878186
- of: 0.03415935452013258
