Texto: 
increasing abdominal girth
simple fluid surrounding abdominal organs consistent with ascites.  small, hyperechoic liver with nodular surface.  enlarged spleen.  flow in umbilical vein demonstrated on doppler imaging.
cirrhosis, chronic hepatitis c virus infection
- infectious hepatitis (most likely viral)
- alcoholism
history of hepatitis c virus hepatitis with worsening ascites.


Keywords by value: 
- hepatitis: 0.5968956929315269
- virus: 0.33372297576150145
- ascites: 0.2994360572072854
- alcoholism: 0.17921553869139936
- girth: 0.17621847549317135
- umbilical: 0.16408284342319385
- abdominal: 0.15877399046398535
- cirrhosis: 0.1529028832597612
- organs: 0.1497180286036427
- spleen: 0.1412992348945654
- viral: 0.13388954426377356
- hyperechoic: 0.1336230954726129
- simple: 0.1313428579033745
- doppler: 0.12992884819561853
- surface: 0.12110645224261274
- infectious: 0.11679339636140629
- nodular: 0.11559101707642305
- increasing: 0.11431847056582463
- worsening: 0.11084322043779946
- vein: 0.10404256532083361
- liver: 0.10013194805076608
- enlarged: 0.09895144806812041
- surrounding: 0.09680533466003573
- flow: 0.09668090591795563
- demonstrated: 0.08920597005385066
- infection: 0.08767967252305489
- likely: 0.0867387185978704
- chronic: 0.08615755340317566
- with: 0.08526720901815658
- fluid: 0.08380705634967407
- consistent: 0.07870426672212469
- imaging: 0.07628182326584386
- most: 0.07554103571468444
- small: 0.07487383369818834
- history: 0.05545612889562483
- on: 0.043838128258133685
- in: 0.0361088867015662
- of: 0.028405430767936998
