Texto: 
no photophobia.
no neurologic findings
symptomatic therapy
fat attenuation mass in middle cranial fossa on left on ct scan with scattered fat density droplets in subarachnoid spaces.

mass in middle cranial fossa on left on mri with fat signal intensity and small similiar lesions in the adjacent subarachnoid spaces.
dermoid cyst, ruptured
pneumocephalus
congenital lipoma
epidermoid cyst
dermoid cyst
33 year old woman presents to er with severe headache


Keywords by value: 
- fat: 0.273202547948607
- spaces: 0.2664269986232635
- subarachnoid: 0.26349318194841626
- cyst: 0.25335183947068407
- dermoid: 0.24732075926452426
- cranial: 0.23930954826329756
- fossa: 0.22985257816462137
- droplets: 0.21633064873109065
- similiar: 0.21633064873109065
- middle: 0.2093710223742616
- pneumocephalus: 0.18608175403780913
- on: 0.1768567521232677
- photophobia: 0.15994127689316898
- in: 0.14567456865910286
- ruptured: 0.13881473899199967
- 33: 0.12882964855589518
- scattered: 0.12738631753671764
- epidermoid: 0.1271865973917637
- lipoma: 0.1269884195026983
- neurologic: 0.11698049785663137
- symptomatic: 0.11257014848304665
- attenuation: 0.11201342580397389
- mass: 0.1118389382625844
- er: 0.10949739694457915
- congenital: 0.10518710192425829
- intensity: 0.1039510407690482
- headache: 0.1009193301901967
- left: 0.09987792490306839
- density: 0.09707580478477004
- no: 0.09521280593129168
- adjacent: 0.09489409081748078
- severe: 0.09267517474820959
- scan: 0.08685528489239716
- with: 0.08599866285788008
- therapy: 0.08411415505025305
- lesions: 0.08407704165389956
- signal: 0.08298788631179896
- woman: 0.07624365890404518
- small: 0.07551612929791528
- mri: 0.07514685804779649
- findings: 0.07225243390970633
- presents: 0.07042416515428387
- ct: 0.05573443654097502
- year: 0.04511644979026476
- old: 0.04332740924532061
- to: 0.03659878129048882
- and: 0.030250997993991346
- the: 0.02921136156834219
