Texto: 
labs:
-  no specific diagnostic tests are available for psoriatic arthritis.
-  esr - elevated.
- initial treatment is nsaids for joint disease and topicals for the skin.
- 2nd line therapy includes sulfasalazine, cyclosporine.
- 3rd line and experimental therapies (biologic response modifiers)include tnf-neutralizing agents like infliximab.
inflammatory erosive arthritis involving the hands and more prominently the feet with evidence of bone production and changes of central destruction especially at the dip joints.
psoriatic arthritis
1.  psoriatic arthritis
2.  reactive arthritis (reiter)
3.  ankylosing spondylitis
4.  rheumatoid arthritis
40 year old male with inflammatory joint disease.


Keywords by value: 
- arthritis: 0.5032202208128371
- psoriatic: 0.33226769427063213
- topicals: 0.16491071011696284
- line: 0.16070841915364545
- modifiers: 0.1575809874622229
- biologic: 0.14834662901246837
- infliximab: 0.14834662901246837
- sulfasalazine: 0.14505074382147035
- cyclosporine: 0.13985022283545778
- experimental: 0.13985022283545778
- inflammatory: 0.13945720346216947
- joint: 0.13590105757859344
- prominently: 0.13409343271766713
- reiter: 0.12240414630277524
- therapies: 0.12075962032428189
- dip: 0.11999025653996524
- ankylosing: 0.11121357621599733
- production: 0.11075589809021072
- spondylitis: 0.10987390266202268
- erosive: 0.10944853432206977
- agents: 0.1078406021219867
- nsaids: 0.10089965402878937
- tests: 0.0986833325752448
- hands: 0.09777927818109607
- feet: 0.09691829068131723
- response: 0.0951190623007641
- esr: 0.09437350012668208
- 2nd: 0.09437350012668208
- 3rd: 0.09419181698571623
- destruction: 0.09401194166717916
- for: 0.09376428971439851
- rheumatoid: 0.09089593179471821
- joints: 0.08863331756206837
- reactive: 0.08850088238834172
- disease: 0.0865719002253235
- and: 0.08523362200841608
- the: 0.08230439705697608
- especially: 0.08157141195925162
- includes: 0.08018682578500289
- diagnostic: 0.07859307882967842
- specific: 0.07814112228025283
- skin: 0.07671134021361066
- like: 0.07664273549991697
- 40: 0.07583916674728426
- involving: 0.072229450094399
- labs: 0.0714422145139044
- elevated: 0.07029801322648176
- available: 0.06996368073121291
- initial: 0.06917657959107097
- central: 0.06886218348642123
- changes: 0.06232119386714017
- include: 0.06135523078110904
- therapy: 0.0592489055942435
- evidence: 0.05853084669971238
- more: 0.05662369684859731
- bone: 0.056265274790295215
- treatment: 0.049121343291619254
- male: 0.045912818465689564
- with: 0.040384218754885876
- of: 0.04036010360260061
- are: 0.039129203216098495
- at: 0.03894958322514191
- no: 0.03353332472171791
- year: 0.03177943442187358
- old: 0.03051925776922407
- is: 0.028240006568311608
