Texto: 
mass noted between nose and left eye
resection of extra-cranial portion of the mass is scheduled
• mass extending from base of left frontal lobe through the left ethmoid sinuses and nose out onto face
• bilateral frontal lobe dysplasia with polymicrogyria and subcortical heterotopia.
fronto-nasal encephalocele
• facial hemagioma
• nasal polyposis
• nasal glioma
• facial dermoid cyst
• naso-frontal encephalocele
1 day old newborn girl with mass noted between nose and left eye.  thought to be a hemangioma by pediatrician.


Keywords by value: 
- nose: 0.362100010627838
- nasal: 0.3262157084262144
- encephalocele: 0.2873419222612106
- frontal: 0.23030173498704698
- facial: 0.19669907713852772
- eye: 0.19083259355234433
- hemagioma: 0.18226547446308006
- mass: 0.18223629196651395
- left: 0.162746383025476
- polymicrogyria: 0.15509867992499973
- polyposis: 0.15509867992499973
- between: 0.15499553408181455
- pediatrician: 0.14480145626479482
- lobe: 0.13785429355492332
- heterotopia: 0.1371126743210272
- subcortical: 0.12863477734332715
- onto: 0.12708524881280334
- noted: 0.12647665943548458
- ethmoid: 0.12473343915845313
- newborn: 0.11763466172671447
- sinuses: 0.11234474073856897
- scheduled: 0.11069005322693948
- face: 0.10753194241487428
- thought: 0.10298379609062117
- glioma: 0.10132227443391703
- dermoid: 0.10074938745593436
- hemangioma: 0.10032979344220515
- and: 0.09858515805591737
- dysplasia: 0.09135023721416145
- base: 0.09072869052915869
- portion: 0.08529005942711139
- girl: 0.08366838913438367
- extending: 0.08086857190815619
- out: 0.07839977356904829
- resection: 0.07645549594760771
- day: 0.07597480657834155
- through: 0.07100033007884404
- of: 0.07002354996287789
- cyst: 0.06880415191298217
- bilateral: 0.06410167070377172
- by: 0.05065020109548849
- be: 0.048384257038927174
- the: 0.04759854034924024
- from: 0.04737014880917797
- with: 0.04671025934486335
- old: 0.03529998819751145
- is: 0.032663700608220596
- to: 0.029817996739260107
