Texto: 
enteric tube in left main stem bronchus.
enteric tube placement.


Keywords by value: 
- enteric: 0.6404057223208164
- tube: 0.4875675102186116
- stem: 0.32258026572113546
- bronchus: 0.32258026572113546
- main: 0.26588863793668055
- placement: 0.2382324123409649
- left: 0.10407125987460052
- in: 0.07589532875635502
