Texto: 
non contributory
none
• absent corpus callosum
• probst bundles
• colpocephaly
• abnormal radial configuration of midline sulci
agenesis of the corpus callosum
none
6 year old boy with developmental delay


Keywords by value: 
- callosum: 0.39995741404001706
- corpus: 0.387119118953673
- probst: 0.3137335049245889
- colpocephaly: 0.28355142671240885
- bundles: 0.2577531249623215
- none: 0.2320534409453293
- agenesis: 0.22283159034710223
- sulci: 0.218268444467977
- configuration: 0.21420414706618568
- delay: 0.1946818278770064
- developmental: 0.18359670328701358
- radial: 0.18221293491674712
- absent: 0.1741804052699212
- midline: 0.1596778224059781
- boy: 0.14523495516126314
- contributory: 0.14513449873860995
- abnormal: 0.1275537176211736
- non: 0.10073734186626676
- of: 0.08309671872766095
- year: 0.06543012747143735
- old: 0.0628355715732797
- the: 0.042363774630230264
- with: 0.04157318449864994
