Texto: 
decreased spinal rom.
hla-b27 positive.
initially elevated esr.
• remicade
• exercise
• radiographic monitoring.
there are smooth syndesmophytes along the visualized spine.  the vertebral bodies are normal in height.  the intervertebral disc spaces are normal.  there is ankylosis of the visualized portion of the lumbar spine.  there is partial
fusion of the right sacroiliac joint, most significant at the superior aspect.  there is near complete fusion of the left sacroiliac joint.
ankylosing spondylitis
• inflammatory bowel disease
• reiter's syndrome
• psoriatic arthritis
• hyperparathyroidism
progressive stiffness and low back pain starting approximately 20 years prior.
classic appearance of spine with marginal, symmetric syndesmophytes.


Keywords by value: 
- syndesmophytes: 0.3217993880192906
- sacroiliac: 0.2714162441787069
- spine: 0.23113197031400443
- fusion: 0.19593920926456293
- the: 0.18617136901575904
- there: 0.18562295233440437
- visualized: 0.18214223112416172
- remicade: 0.17822296994890993
- joint: 0.1537031242849725
- ankylosis: 0.13843821414922458
- reiter: 0.13843821414922458
- marginal: 0.13407162331273562
- are: 0.1327645470665552
- starting: 0.1311458807640691
- intervertebral: 0.12741825818211824
- ankylosing: 0.1257817594055004
- stiffness: 0.1257817594055004
- psoriatic: 0.12526412871811882
- spondylitis: 0.12426659819603908
- monitoring: 0.11630386638865381
- of: 0.11411747139269562
- height: 0.11187395769401066
- hyperparathyroidism: 0.11109251276493333
- rom: 0.110339839301868
- exercise: 0.1098530229685591
- esr: 0.10673575377285459
- spaces: 0.10612540038660823
- bodies: 0.10213225043546832
- disc: 0.10132402978496553
- symmetric: 0.0999451712140439
- smooth: 0.09629176040161998
- is: 0.09581773644846192
- normal: 0.09523648895772095
- near: 0.09497224968095404
- arthritis: 0.09485641186367791
- lumbar: 0.09417483808175088
- initially: 0.09145871617620331
- partial: 0.08985987686880201
- progressive: 0.08932416097895235
- vertebral: 0.0890614765938542
- classic: 0.08723181323276127
- radiographic: 0.08652808073896709
- portion: 0.08339839315699847
- spinal: 0.0828132725228742
- complete: 0.08175175033648262
- elevated: 0.07950655025394392
- inflammatory: 0.0788625499245448
- along: 0.0781359900184738
- back: 0.07778216848023725
- positive: 0.07685156214248624
- superior: 0.07582441227374943
- aspect: 0.07524086188040446
- 20: 0.07524086188040446
- bowel: 0.07484640617147946
- approximately: 0.07441686684219805
- decreased: 0.0722414954853195
- years: 0.07149112429353152
- syndrome: 0.07031022644316824
- appearance: 0.07031022644316824
- significant: 0.06733817510900261
- low: 0.06692151661253533
- prior: 0.0652533161482282
- most: 0.060696505908128404
- disease: 0.04895610003705777
- at: 0.044051700096886234
- pain: 0.04173362753834136
- left: 0.03978419914233197
- right: 0.03866685662832682
- in: 0.029013148076172193
- and: 0.024099654245224773
- with: 0.022837131310932013
