Texto: 
normal
none required.
us- grade 1 germinal matrix hemorrhage on left. (increased echogenicity)

mri- at two month of age shows very subtle changes in head of left caudate nucleus best seen on dwi images.  no evidence of periventricular leuckoenphalomalacia.
germinal matrix hemorrhage, grade i
• torch infection
• infarction
• germinal matrix hemorrhage
premature newborn baby girl underwent routine cranial us encephalography 1 day after birth.


Keywords by value: 
- germinal: 0.48956387232267246
- matrix: 0.3914356551653416
- hemorrhage: 0.2605338296258978
- leuckoenphalomalacia: 0.20743574642737955
- encephalography: 0.20743574642737955
- us: 0.20635757600755106
- grade: 0.18654665120756522
- torch: 0.15877306995926077
- caudate: 0.15189954589661134
- nucleus: 0.14662864019188732
- periventricular: 0.13335032774452227
- premature: 0.12792913156926802
- newborn: 0.12792913156926802
- echogenicity: 0.12659116535837273
- dwi: 0.12327233898263605
- baby: 0.11694230090999914
- birth: 0.11590381608901133
- subtle: 0.11182580684914178
- cranial: 0.10601712287325672
- best: 0.10436957657843948
- infarction: 0.10182756684326928
- routine: 0.10044903172702994
- very: 0.09304929556094925
- required: 0.09260775032005329
- girl: 0.09099039521725018
- underwent: 0.08935379949592351
- left: 0.08849433976720676
- day: 0.08262353020821499
- age: 0.08143370045227367
- month: 0.07890455570495086
- changes: 0.07839177551844101
- infection: 0.07835280573098737
- on: 0.07834975309964766
- head: 0.07736234681479721
- two: 0.07702930621744437
- of: 0.07615146594257492
- shows: 0.07612899600886959
- evidence: 0.07362402275492046
- none: 0.07088611109070275
- increased: 0.07014141219407917
- after: 0.06292481694644607
- seen: 0.06106677646995822
- images: 0.059999863088502935
- normal: 0.05296003434622856
- at: 0.04899339687284256
- no: 0.042180463833475144
- in: 0.032267827918108595
