Texto: 
pyramethamine and sulfadiazine
multiple ring-enhancing lesion in the deep periventricular area
toxoplasmosis
abscess
necrotic metastasis
fever, lethargy, and confusion.


Keywords by value: 
- pyramethamine: 0.4122870470598965
- sulfadiazine: 0.4122870470598965
- toxoplasmosis: 0.2898982702498135
- lethargy: 0.28698148877510377
- confusion: 0.2757806753864748
- periventricular: 0.2650392412934756
- necrotic: 0.25096406260113713
- deep: 0.20068080965750582
- metastasis: 0.1889523499077513
- fever: 0.17479540421312087
- area: 0.1670101024261232
- abscess: 0.16554420872765688
- multiple: 0.12609825895417717
- lesion: 0.1235976702036314
- and: 0.10654468197713092
- in: 0.06413363037238759
- the: 0.05144152978087189
