Texto: 
post-surgical scar right breast without palpable mass.
6 month mammogram.
wire delineating surgical scar. surgical clips in surgical bed.   asymmetric architectural distortion, trabecular and skin thickening
post-therapy changes of the breast
post-therapy (radiation) changes of the breast
6 month mammogram after lumpectomy and radiation therapy for breast carcinoma.


Keywords by value: 
- breast: 0.4346374725330568
- surgical: 0.29090667605978027
- mammogram: 0.28572362673987944
- scar: 0.2825040430219928
- therapy: 0.2579221216352386
- delineating: 0.21047812453792655
- radiation: 0.19831892282144187
- month: 0.18204734222322735
- changes: 0.1808642638918834
- wire: 0.1776164290559165
- architectural: 0.17411371699300643
- lumpectomy: 0.17304289993772254
- trabecular: 0.16914963909405872
- clips: 0.16826035477168452
- distortion: 0.15821394129833175
- bed: 0.15539064096126637
- asymmetric: 0.1346596984458266
- skin: 0.1113131762965952
- palpable: 0.1051228745135732
- thickening: 0.10179800296381657
- carcinoma: 0.08950388196733718
- without: 0.07892594449354816
- after: 0.07258957092299324
- and: 0.061839782531506446
- the: 0.059714533953368745
- of: 0.058565152364109245
- mass: 0.05715592938525958
- right: 0.0496096330001594
- for: 0.04535270744516785
- in: 0.03722391096005845
