Texto: 
normal
none to date
intraconal mass lesion: marked enlargement of optic nerve and nerve sheath from the back of the globe through the orbit, optic  canal, and extending to the chiasm.
optic nerve glioma
• meningioma
• rhabdomyosarcoma
• optic nerve glioma
14 y.o. boy with gradual visual loss in right eye
up to 1/2 of pediatric optic nerve gliomas are seen in patients with neurofibromatosis type 1 (nf-1).  however, this patient had careful evaluation, and has no stigmata or features of nf-1.


Keywords by value: 
- optic: 0.5179177097293922
- nerve: 0.4292217943896293
- glioma: 0.2044442346576991
- stigmata: 0.16319381600128974
- intraconal: 0.15295214512760832
- gliomas: 0.13915772321086722
- gradual: 0.13602683881708244
- careful: 0.13330114834656745
- chiasm: 0.12771752242956114
- globe: 0.12539707994032626
- rhabdomyosarcoma: 0.12177194000685959
- sheath: 0.11966070346416871
- neurofibromatosis: 0.11932849565282949
- orbit: 0.11144503766351324
- date: 0.11121942310598806
- pediatric: 0.1077127268303805
- visual: 0.1026662339439981
- features: 0.0968232642140265
- eye: 0.09626368869660137
- the: 0.09604252576140902
- of: 0.09419390527343288
- canal: 0.09262111747715901
- enlargement: 0.09225264068393964
- marked: 0.09101141445505297
- to: 0.09024843090686425
- meningioma: 0.090167511520874
- 14: 0.08983918177922941
- boy: 0.0823152094229291
- extending: 0.08158676551623942
- type: 0.08072343234423177
- back: 0.08025289774185514
- and: 0.0745955194697674
- evaluation: 0.07338531810691813
- loss: 0.07331077824121528
- through: 0.07163088385308823
- however: 0.07122258542843914
- patients: 0.06769343597344235
- none: 0.06576077903393336
- had: 0.059953919692441564
- in: 0.05986948554456773
- up: 0.059523798469566194
- lesion: 0.057689927161713235
- seen: 0.056651419184458915
- has: 0.05496423669119826
- normal: 0.0491308249625312
- from: 0.04779084299588058
- with: 0.04712509305469429
- mass: 0.045963683018004936
- are: 0.04566059217108397
- or: 0.04186142506643599
- this: 0.041348306349669524
- right: 0.039895098730508165
- patient: 0.03913801951568328
- no: 0.03913065788237019
