Texto: 
multiple areas of high signal on t2 weighted images with no evidence of impingement in the spinoglenoid notch, or quadrilateral space.
parsonage-turner syndrome
nerve compression/impingement syndrome
myopathy
posttraumatic nerve severed
cervical disk disease
acute onset of pain in the left shoulder.  with weakness to abduction.


Keywords by value: 
- impingement: 0.35407350709142443
- spinoglenoid: 0.27977287696033715
- quadrilateral: 0.2673379199282346
- severed: 0.25851517750648756
- nerve: 0.2496076945986889
- myopathy: 0.22236774103885554
- posttraumatic: 0.22236774103885554
- syndrome: 0.21093341326752724
- notch: 0.1967213708798199
- abduction: 0.1967213708798199
- disk: 0.17207947554318967
- shoulder: 0.13589684873597335
- weighted: 0.1304934925365913
- weakness: 0.12767790395114711
- cervical: 0.12529771268296563
- areas: 0.11877456127911092
- space: 0.11645008719487773
- onset: 0.11233624696710535
- of: 0.10270705545420519
- t2: 0.10064987328631435
- high: 0.09942647094542627
- evidence: 0.09929824060844067
- signal: 0.09917054419529249
- acute: 0.09463779075475544
- in: 0.0870405723737764
- multiple: 0.08556871465858708
- images: 0.08092305498258698
- disease: 0.07343510185840464
- the: 0.06981516826525258
- with: 0.06851228193024356
- pain: 0.06260125269126741
- or: 0.060859757938827745
- left: 0.0596770721965333
- no: 0.0568896630472711
- on: 0.05283596538047618
- to: 0.04373555248564309
