Texto: 
• microcephaly
• low iq
• no focal neurologic abnormality
surgical resection
• ct
- dystrophic calcification cerebral white matter
- isodense right convexity mass
• mri
- enhancing extra-axial mass with a "dural tail"
meningioma, radiation induced
• meningeal sarcoma
• glioma
• hemangiopericytoma (hpc)
• chloroma
• meningioma
35 year old woman with a pmhx of childhood leukemia treated with chemotherapy and radiation therapy.  presenting now with a new onset of seizure.
microcephaly and brain calcifications attibuted to childhood whole brain radiation causing mineralizing angiopathy.


Keywords by value: 
- microcephaly: 0.3684520589148527
- childhood: 0.25918507880017205
- radiation: 0.2545902214829572
- attibuted: 0.2047963310126799
- mineralizing: 0.2047963310126799
- hpc: 0.1956938275672299
- meningioma: 0.19191673859705838
- iq: 0.18923549859311756
- chloroma: 0.18013299514766754
- brain: 0.15966493097650902
- angiopathy: 0.15546965928265513
- dystrophic: 0.1490113303085428
- meningeal: 0.1440018611728516
- isodense: 0.14326574487269797
- convexity: 0.14054124997305442
- hemangiopericytoma: 0.1359199669201453
- pmhx: 0.13540386290856724
- whole: 0.13440594147496904
- induced: 0.12699216891486811
- tail: 0.12630135946311719
- leukemia: 0.11697323064348569
- dural: 0.11364127043051862
- glioma: 0.10878716202396806
- sarcoma: 0.10742616740833273
- seizure: 0.10656261726118849
- causing: 0.10519331876687008
- 35: 0.10268237635283317
- neurologic: 0.10232883304985572
- presenting: 0.10031708168847968
- with: 0.10030324684125376
- mass: 0.09783124752957585
- matter: 0.09750722723442325
- calcifications: 0.0934614054252701
- abnormality: 0.09314851484447276
- calcification: 0.0914294079758567
- chemotherapy: 0.09093129958509302
- cerebral: 0.08872136564988015
- new: 0.08859417247244461
- now: 0.0879072067902029
- white: 0.08449057118872566
- onset: 0.08223117075733896
- resection: 0.08208833123559493
- enhancing: 0.08022214898873953
- treated: 0.0797467801332261
- focal: 0.07659989545951405
- therapy: 0.07357895962980032
- low: 0.07348170517114143
- woman: 0.06669423353509785
- mri: 0.06573480564955778
- surgical: 0.06224149300805137
- and: 0.05292419471684067
- of: 0.05012167573132075
- ct: 0.048753766280931476
- right: 0.04245729479067561
- no: 0.041643759006275885
- year: 0.03946566943191111
- old: 0.037900704035137206
- to: 0.03201482853229549
