Texto: 
weakness in both arms and legs
mild fever
right-sided neck mass
decompression surgery c3-4
• bilateral ring enhancing masses in the posterior neck
• epidural enhancing lesions at c3-4 disc level, with spinal cord compression
spine, epidural abscess (mrsa)
• epidural abscess
• epidural hematoma
• metastatic disease
83 year old woman with steroid dependent copd.
worsening weakness in arms an legs for 1 month prior to admission.  ct at outside hospital revealed bilateral neck masses.


Keywords by value: 
- epidural: 0.48387010527397517
- arms: 0.2687525734446732
- legs: 0.26201652722899665
- neck: 0.244425794361094
- weakness: 0.19440854809416544
- masses: 0.18134473871147153
- abscess: 0.17104859960403773
- enhancing: 0.16686964462956666
- mrsa: 0.1630303531594806
- bilateral: 0.1431611292532457
- copd: 0.14191258614418703
- 83: 0.13519561910705225
- decompression: 0.12868805775212674
- steroid: 0.12837464932753714
- dependent: 0.12837464932753714
- disc: 0.11571214883223077
- ring: 0.11219064896900095
- admission: 0.11112570843233177
- outside: 0.10691838456363502
- worsening: 0.10170830016055504
- at: 0.10061417590163857
- in: 0.0993991370676729
- cord: 0.09872754739929682
- hospital: 0.0983803502647654
- compression: 0.0975342947648377
- spinal: 0.09457284452451532
- hematoma: 0.09322201743896921
- fever: 0.09030369995323492
- spine: 0.08798431792083215
- revealed: 0.08733116828078281
- month: 0.08102027368854652
- level: 0.0804537292919805
- lesions: 0.07649182662905095
- mild: 0.07550093208802972
- prior: 0.07451935583261561
- both: 0.07427260503349827
- metastatic: 0.07304738261506995
- surgery: 0.0716079209004717
- woman: 0.06936515157681249
- posterior: 0.06887306640712622
- disease: 0.05590791785281079
- with: 0.05216005606488149
- an: 0.05093094200727751
- mass: 0.050874558070050514
- ct: 0.05070621864538893
- year: 0.041046159422227384
- for: 0.04036849673112398
- old: 0.03941852152602812
- to: 0.03329693312510575
- and: 0.027521830554379775
- the: 0.02657598746019292
