Texto: 
afebrile
negative physical examination
negative blood cultures
negative cardiac ultrasound
surgery and iv antibiotics
• ring enhancing lesion in the right temporal lobe.
• low signal intensity rim on t2 sequences.
• high signal on dwi images.
brain, cerebral abscess, staph. aureus
• abscess
• astrocytoma
• metastatic disease
• hematoma
50 year old woman with two week history of headache.
because this patient was afebrile, finding a lesion consistent with an abscess was unexpected.


Keywords by value: 
- abscess: 0.3283711541208924
- negative: 0.3165914033446593
- afebrile: 0.2943600583536501
- staph: 0.21666842102937153
- unexpected: 0.19834742332644675
- aureus: 0.19712756651425714
- signal: 0.1932575752493071
- lesion: 0.16344439519954984
- dwi: 0.1619986819155741
- cultures: 0.16055829021116533
- ring: 0.14358559679843222
- sequences: 0.13636488337547853
- rim: 0.13574553804953934
- temporal: 0.13094277493868398
- astrocytoma: 0.12868168767584562
- cardiac: 0.12657971921542063
- antibiotics: 0.12558170036939395
- iv: 0.12179665928982697
- intensity: 0.12103770186524128
- hematoma: 0.11930886514817035
- because: 0.11913256763229797
- 50: 0.11904480738635619
- was: 0.11881382314090635
- cerebral: 0.11809608191685525
- headache: 0.1175076623536601
- week: 0.1146520048317033
- finding: 0.11204559745685914
- examination: 0.10907798909495085
- enhancing: 0.10678286350896753
- brain: 0.10626415987700885
- ultrasound: 0.10514273964346368
- on: 0.10296354263499001
- two: 0.10122827374805347
- blood: 0.09899651779238845
- lobe: 0.09850772508769462
- t2: 0.09807020127951689
- low: 0.09781072923884877
- high: 0.09687815493212182
- metastatic: 0.09348864743840016
- physical: 0.09242719117114179
- consistent: 0.09242719117114179
- surgery: 0.09164637295956911
- woman: 0.08877599673144154
- images: 0.07884898441670285
- disease: 0.07155294870316362
- with: 0.0667563014203178
- an: 0.0651832373805227
- history: 0.06512549370600407
- this: 0.05857304087855207
- right: 0.056514461052758515
- patient: 0.05544200039564638
- year: 0.05253233982586698
- old: 0.050449230753540554
- in: 0.04240485443979831
- and: 0.03522342103777151
- the: 0.03401289728731152
- of: 0.03335821918214639
