Texto: 
not available
symptomatic
• subependymal nodules at the foramen of monro on both sides, calcified on ct and enhancing on mr, 
• cortical tubers, multiple, in both cerebral hemispheres.
tuberous sclerosis
• tuberous sclerosis
• bourneville disease
• chromosome 9 or 16 mutation
22 month old boy with developmental delay and seizures.


Keywords by value: 
- tuberous: 0.3628035381419414
- bourneville: 0.26880449276699564
- sclerosis: 0.2591362468443832
- tubers: 0.23377081496116656
- chromosome: 0.23121833083162852
- monro: 0.22084092686007104
- mutation: 0.20455119434699717
- both: 0.20288012927746518
- sides: 0.2005598634028189
- subependymal: 0.1938214218421901
- hemispheres: 0.17663334745060386
- delay: 0.16680191682430914
- on: 0.16481676253144195
- foramen: 0.16170079966454232
- developmental: 0.15730426596490157
- seizures: 0.14849481436000783
- calcified: 0.1465400001870809
- nodules: 0.14453584164061703
- 22: 0.14326645901530785
- 16: 0.14174764683741686
- symptomatic: 0.13987551852305763
- cortical: 0.13059689095405821
- cerebral: 0.1260265746565299
- boy: 0.12443621048234732
- available: 0.1234183891542411
- mr: 0.11770187330782264
- enhancing: 0.11395364098129505
- month: 0.11065589790888825
- multiple: 0.0889744856080957
- disease: 0.0763579357186707
- and: 0.07517755083865367
- not: 0.07181240546047063
- ct: 0.06925355714471151
- at: 0.06870843228423051
- or: 0.06328207310867921
- old: 0.053837042200958446
- in: 0.04525246280074752
- the: 0.03629696150531184
- with: 0.03561958986355134
- of: 0.0355983198759081
