Texto: 
large palpable abdominal mass, firm, left sided.
large solid left renal mass (note "claw" sign on some images)displacing rather than engulfing subjacent structures.
wilms' tumor
•wilms' tumor
•neuroblastoma (if clear renal origin could not be demonstrated)
•renal cell carcinoma
•clear cell sarcoma
•mesoblastic nephroma
•rhabdoid tumor
3 year old with palpable abdominal mass.


Keywords by value: 
- wilms: 0.340878088537054
- renal: 0.29013471116854367
- tumor: 0.2436974484120274
- engulfing: 0.23732440793150358
- clear: 0.22518012528543643
- palpable: 0.21821208898227812
- claw: 0.19958213075492498
- subjacent: 0.19740294418120335
- nephroma: 0.19740294418120335
- displacing: 0.1807109921666357
- mass: 0.1779648074682932
- cell: 0.17768094938566842
- abdominal: 0.1698786673830053
- large: 0.15562903057034552
- firm: 0.14078952841633546
- rather: 0.13758285016450236
- origin: 0.1336868870441406
- sarcoma: 0.1302792831714352
- solid: 0.11906301061882404
- note: 0.11691103573957894
- structures: 0.11669409994590935
- could: 0.11296429943641831
- sign: 0.10751811354648935
- left: 0.10595448509459335
- sided: 0.09989880894180184
- some: 0.09771513825408551
- demonstrated: 0.0954450490982265
- carcinoma: 0.0928952387693419
- if: 0.09023490590284977
- than: 0.08803685871316273
- images: 0.07183797987545668
- be: 0.06300022090741624
- not: 0.06130993254576374
- year: 0.047861328831799936
- on: 0.0469041735821728
- old: 0.045963443288654406
- with: 0.030410270173225173
