Texto: 
prosthetic heart valves
71 yo woman with atrial fibrillation


Keywords by value: 
- prosthetic: 0.48531834492446063
- fibrillation: 0.4175305439736191
- valves: 0.4134400599298658
- 71: 0.36239706712982717
- atrial: 0.350772021217468
- heart: 0.25950361818921414
- yo: 0.2331643028433728
- woman: 0.1943722111140871
- with: 0.07308039554947696
