Texto: 
non contributory
no treatment needed.
• 4 mm lesion arising from the hypothalamus
• projecting into the interpeduncular cistern
• low attenuation on ct
• bright on t1w mr
• chemical shift on t2w mr
• no enhancement noted
lipoma of hypothalamus
• epidermoid/dermoid cyst
• ectopic posterior pituitary bright spot
• pantopaque (from an old myelogram - would be dense on ct)
• lipoma
• hamartoma/choristoma
27 year old man who presented to er because of headache.  ct revealed a "pituitary" mass and mri was then ordered.


Keywords by value: 
- hypothalamus: 0.3358734430656246
- pituitary: 0.2551942530231662
- bright: 0.25222396698101734
- lipoma: 0.2399820139465319
- pantopaque: 0.198999055834035
- interpeduncular: 0.18219040523995508
- mr: 0.17901090167141498
- myelogram: 0.17079293150925465
- on: 0.16711145678005127
- ct: 0.15798994561461757
- chemical: 0.15046365247656368
- projecting: 0.14797431420033655
- t1w: 0.1417489203341381
- t2w: 0.13956277815171442
- spot: 0.13500255726151839
- cistern: 0.1343194203446525
- ectopic: 0.12233959170507844
- dense: 0.12193202317245423
- shift: 0.12153119161913609
- ordered: 0.12153119161913609
- needed: 0.11420959762290736
- 27: 0.1120995928871931
- arising: 0.10991112804236104
- from: 0.10987717519894756
- attenuation: 0.10584117677327615
- er: 0.10346378805078592
- mm: 0.09899540194767943
- would: 0.09792086984826033
- then: 0.09792086984826033
- because: 0.09667701993101312
- headache: 0.09535839645859924
- contributory: 0.09456107235570142
- revealed: 0.09070186981491399
- no: 0.08996631744206472
- old: 0.08187989873798444
- presented: 0.08066589211143674
- cyst: 0.07979715120393494
- enhancement: 0.0796200155963241
- low: 0.07937417960533812
- who: 0.07824766886257206
- into: 0.07353354709497475
- noted: 0.07334206465843864
- man: 0.07323332117192406
- posterior: 0.0715313447190849
- mri: 0.07100605868900178
- lesion: 0.06631820906055658
- treatment: 0.06589365057638184
- non: 0.06563450562015093
- be: 0.05611472225845187
- the: 0.055203469786803086
- of: 0.054140916876556096
- an: 0.05289671216400691
- mass: 0.05283815198858853
- was: 0.04820917812888285
- year: 0.04263040884037172
- to: 0.03458208739220324
- and: 0.028584084481562837
