Texto: 
she is favoring her right elbow
normal elbow radiographs
normal elbow radiographs
pathognomonic by appearance
16 month old toddler fell on arm


Keywords by value: 
- elbow: 0.6509555722777937
- toddler: 0.311735017820183
- favoring: 0.29890276747712874
- radiographs: 0.29816849681524565
- pathognomonic: 0.22609697622699454
- fell: 0.20467968639776285
- normal: 0.18770072261921872
- arm: 0.18346444174024315
- 16: 0.17911463025575203
- her: 0.1436035874712447
- month: 0.13982659100014697
- appearance: 0.1385737804420987
- she: 0.13683027581291096
- by: 0.09761195445400006
- right: 0.07620815309321913
- on: 0.06942171325691615
- old: 0.06802936149584492
- is: 0.0629487659892572
