Texto: 
incidental finding not requiring further work-up.
upper gi/ barium swallow demonstrates a 4.5cm smooth contoured diverticulum projecting from the second portion of the duodenum.  this was seen to change in size during the course of the exam.
duodenal diverticulum
• duodenal ulcer
• perforation
• diverticulum
58 y/o man with history of choking sensation while eating.


Keywords by value: 
- diverticulum: 0.4449568060816612
- duodenal: 0.32849214624230816
- choking: 0.23097567506035582
- contoured: 0.2270565572498033
- eating: 0.1805629710347562
- projecting: 0.1790951758883482
- swallow: 0.17446880009352703
- requiring: 0.1669572103079226
- ulcer: 0.1660253928035818
- duodenum: 0.16468089271993316
- 58: 0.1609816245223424
- perforation: 0.1580441964220057
- barium: 0.1490813103302138
- sensation: 0.14347387999881955
- smooth: 0.13822931422219456
- the: 0.13362690929899412
- change: 0.1268675433250126
- second: 0.12533794983943417
- incidental: 0.12410316871008759
- course: 0.12366673262211161
- portion: 0.1197205518441318
- size: 0.11336130326072799
- finding: 0.11004874681981831
- further: 0.10904466534043468
- while: 0.10820140906269442
- during: 0.10604463101735007
- of: 0.09829115022255532
- upper: 0.0894676485352138
- man: 0.0886352108273113
- exam: 0.0842802475065863
- demonstrates: 0.0841109213479186
- seen: 0.0788208555846077
- from: 0.06649286440256266
- not: 0.06609416734238603
- history: 0.06396484226992685
- was: 0.05834817537816536
- this: 0.05752916573623075
- to: 0.041855135856265935
- in: 0.041649124964266364
- with: 0.03278329305379727
