Texto: 
elongated (dolichocephalic) keel-shaped skull with a palpable ridge over the sagittal suture
cranial surgery pending
• skull is elongated in sagittal (ap) diameter (dolichocephaly)
• ridging along the sagittal suture line
craniosynostosis; scaphocephaly
• cloverleaf skull
• scaphocephaly
• plagiocephaly
• dolichocephaly
14 month old baby boy with abnormal head shape
the skull grows like the tectonic plates of the earth's crust - perpendicular to the fault lines (sutures).  when one of the faults (sutures) is closed or fused - then the skull must grow more from the remaining open sutures.


Keywords by value: 
- skull: 0.3776184291683723
- sutures: 0.3338604067078354
- dolichocephaly: 0.2844875172770374
- scaphocephaly: 0.26781634551117517
- sagittal: 0.21472625102334242
- elongated: 0.21044735319742752
- suture: 0.20827083090128265
- the: 0.16716099893397873
- dolichocephalic: 0.14886008537297363
- tectonic: 0.14886008537297363
- fault: 0.14886008537297363
- faults: 0.14886008537297363
- cloverleaf: 0.1422437586385187
- earth: 0.1422437586385187
- plagiocephaly: 0.1375494001131524
- crust: 0.13390817275558758
- grows: 0.11831626165795939
- ridging: 0.11710697743697011
- craniosynostosis: 0.11710697743697011
- perpendicular: 0.11492802959350995
- ridge: 0.11049065070251517
- plates: 0.10900618509453272
- grow: 0.10638973464996634
- fused: 0.09879599785589838
- lines: 0.09282473019082009
- closed: 0.09038469086477882
- remaining: 0.08846272265569015
- shape: 0.08826250088561419
- baby: 0.08392015936013596
- must: 0.0797684878404353
- open: 0.07695181562579295
- pending: 0.07655859492305146
- cranial: 0.07608003072621332
- diameter: 0.07481022270791726
- line: 0.0725333999786911
- 14: 0.06949517530244588
- like: 0.0691831606427746
- ap: 0.06682746937174364
- then: 0.06589179381310223
- palpable: 0.06539425924989704
- boy: 0.0636750001014209
- along: 0.0623620900737743
- month: 0.056623504390394756
- when: 0.05622755745432751
- abnormal: 0.055923059110986835
- head: 0.0555167841119224
- one: 0.053294424331687164
- over: 0.051758276559948836
- more: 0.05111255867516005
- is: 0.05098285958153539
- surgery: 0.05004539282453811
- from: 0.036968647154556444
- with: 0.036453655722599405
- of: 0.03643188767839281
- or: 0.03238194088355737
- old: 0.027548843333609397
- to: 0.02327058343747159
- in: 0.02315604567398739
