Texto: 
noncontributory.
pharmacologic: histamine blockers and proton pump inhibitors and balloon dilatation for strictures.  endoscopy to exclude underlying malignancy.
esophagram:  smooth narrowing of the distal esophagus (stricture) to the level of a hiatal hernia; hangup of a barium tablet (12.5 mm) at stricture.
reflux stricture
<li> reflex stricture
<li> esophageal carcinoma
<li> post-radiation stricture.
dysphagia to solids and liquids


Keywords by value: 
- stricture: 0.5791148847375859
- li: 0.3401575907018175
- histamine: 0.19123216724378536
- hangup: 0.19123216724378536
- pharmacologic: 0.16217176666926508
- tablet: 0.15549613323216502
- inhibitors: 0.15199423727552297
- pump: 0.15044073794886278
- liquids: 0.14899446467644065
- blockers: 0.14764156638200493
- esophagram: 0.14764156638200493
- solids: 0.14403912995494725
- strictures: 0.13746403698826282
- proton: 0.1300679667413154
- balloon: 0.1250530790027871
- endoscopy: 0.12375600670112585
- hiatal: 0.12138033737434248
- reflex: 0.11825615700419319
- exclude: 0.11553776645405525
- dysphagia: 0.10800433580948789
- noncontributory: 0.106479107084412
- barium: 0.106479107084412
- reflux: 0.10356532261368392
- esophageal: 0.10217245739027286
- hernia: 0.09898387559344038
- smooth: 0.09872823037756016
- esophagus: 0.09847566529949506
- dilatation: 0.09761490780960326
- underlying: 0.09761490780960326
- narrowing: 0.09269765238631496
- to: 0.08968322353084515
- malignancy: 0.08952076523296434
- mm: 0.08557635306692768
- and: 0.07412834306128446
- level: 0.07223237608573672
- carcinoma: 0.07152649633387874
- of: 0.07020299115171108
- distal: 0.06947812128750505
- the: 0.047720515580023604
- at: 0.045166340064288664
- for: 0.03624334712087777
