Texto: 
overweight white man.  no masses on abdominal exam.
esophageal stent, expectant management
upper gi fluoroscopy - shows a polypoid, ulcerated distal esophageal mass, with inflammatory changes vs. superficial spread into the adjacent gastric fundus.

ct shows multiple rounded lesions in the liver
adenocarcinoma of the esophagus
esophageal adenocarcinoma metastatic to liver
esophageal squamous carcinoma
lymphoma
leiomyosarcoma
metastatic disease
64 yo gentleman who presents with 6 months of dysphagia to solids.  he did smoke, but quit 20 yrs ago.  he denies more than social drinking.  admits to occasional esophageal reflux.
adenocarcinoma is increasing in frequency.  dysphagia should be evaluated with an upper gi, which is an easily performed test.  

esophageal carcinoma spreads fairly quickly as the esophagus does not have a serosal membrane.


Keywords by value: 
- esophageal: 0.49552729930508593
- adenocarcinoma: 0.23700478450449727
- dysphagia: 0.17460379637826706
- gi: 0.1623888003090613
- esophagus: 0.15919939586959572
- spreads: 0.1545764905647214
- liver: 0.13335771308295596
- expectant: 0.13334905442555983
- drinking: 0.13334905442555983
- serosal: 0.13334905442555983
- overweight: 0.12730537754070428
- smoke: 0.1228597475139237
- quit: 0.1228597475139237
- admits: 0.1228597475139237
- ulcerated: 0.12160402533354564
- gentleman: 0.11831414967372342
- solids: 0.11642948743057321
- carcinoma: 0.1156323744591217
- he: 0.1144741351213341
- polypoid: 0.11394536556199264
- quickly: 0.11394536556199264
- shows: 0.11345925893622653
- leiomyosarcoma: 0.10926439154051025
- fluoroscopy: 0.10868994685998275
- yrs: 0.10759637419666468
- metastatic: 0.10602367954805038
- upper: 0.10330461275397564
- fairly: 0.10144712379130322
- membrane: 0.10144712379130322
- fundus: 0.10037658919438405
- social: 0.10037658919438405
- stent: 0.09751936244849606
- easily: 0.09666483708996476
- superficial: 0.0933913092319182
- occasional: 0.09316386292797979
- frequency: 0.09185979693384948
- 64: 0.09084485315977407
- rounded: 0.08795368990098769
- squamous: 0.08698516943054264
- spread: 0.08682899786211622
- reflux: 0.08371376188723652
- evaluated: 0.08258788321751433
- gastric: 0.0814188338359656
- test: 0.07861427522332422
- denies: 0.07795706560727485
- the: 0.07714674714631597
- increasing: 0.07612580247650017
- an: 0.07392305762569393
- vs: 0.07373964772001738
- to: 0.07249260496146995
- management: 0.07139644404003982
- ago: 0.07072225222686838
- did: 0.06933825922026617
- does: 0.06682144780560555
- masses: 0.06580261939769837
- inflammatory: 0.06535902089034519
- white: 0.06377192362568913
- should: 0.06306905577802147
- adjacent: 0.06265345089143003
- 20: 0.062357469650095344
- yo: 0.0603861641541109
- changes: 0.05841580227841895
- lymphoma: 0.05756556564010502
- performed: 0.05718293174712292
- with: 0.05678027950611097
- months: 0.05626252345161388
- distal: 0.056160447870475146
- lesions: 0.05551153665080406
- than: 0.05479242611239666
- who: 0.05467548641274542
- more: 0.053075342016591906
- is: 0.05294066232275932
- abdominal: 0.052864586871408
- into: 0.05138149817770956
- man: 0.05117171559101881
- exam: 0.048657467106952575
- have: 0.04828575607310222
- in: 0.04809053100665796
- but: 0.04779731746418345
- multiple: 0.047277319223241125
- presents: 0.04649727854551586
- which: 0.04395115699112916
- disease: 0.04057341245107294
- be: 0.03921011039684176
- as: 0.038830774705359165
- not: 0.0381581078433858
- of: 0.037830915707619955
- mass: 0.03692060994431122
- ct: 0.03679844290302464
- no: 0.03143194064699617
- on: 0.02919224405470502
