Texto: 
see above
chemotherapy and radiation
multiple bilateral lesions which are high signal on t2 sequences, low signal on t1 sequences and with minimal mass effect.  some of the lesions reveal restricted diffusion on dwi images.  the lesions enhance irregularly.
intravascular lymphoma (large cell) lymphoma, of the b-cell phenotype (cd20 positive).
• metastatic disease
• septic emboli
• sarcoidosis
• adem
• aggressive ms
• multifocal glioma
38 year old man with a clinical diagnosis of ms.  treated with high dose steroids for two months.  now presents with obtundation, visual loss, and bilateral extremity weakness.
intravascular lymphoma is also called angiocentric lymphoma.  restricted diffusion - as is seen here - is typical in highly cellular lesions such as lymphoma; and, this finding is uncommon in multiple sclerosis.

it is possible that the clinical diagnosis of ms was incorrect and the confusing mixture of neurologic problems were related to the intravascular lymphoma.


Keywords by value: 
- lymphoma: 0.3393761657642413
- intravascular: 0.3358808416197762
- ms: 0.27666143356659284
- lesions: 0.2181777972617945
- restricted: 0.1632634216786597
- diffusion: 0.1600008114862529
- sequences: 0.15195460049474152
- angiocentric: 0.15188355544910404
- incorrect: 0.14513284570764354
- phenotype: 0.13102593044994723
- is: 0.13004590788733825
- cd20: 0.12684172143852
- obtundation: 0.12684172143852
- confusing: 0.12684172143852
- clinical: 0.12037967994207566
- the: 0.11370411702104305
- mixture: 0.11273480618082368
- cellular: 0.109831944539913
- cell: 0.10865861643620138
- high: 0.10795360920629382
- signal: 0.10767573334379295
- irregularly: 0.107360855525486
- bilateral: 0.10208469718423996
- adem: 0.10200671367535098
- diagnosis: 0.09846734262501998
- and: 0.09812571864845517
- emboli: 0.09317212536699286
- of: 0.09292962278055572
- multiple: 0.09290736656647783
- multifocal: 0.09222047785553095
- here: 0.09046629914768797
- dwi: 0.09025947290027292
- septic: 0.09025947290027292
- dose: 0.08869132181276937
- called: 0.08869132181276937
- on: 0.08605102501101461
- uncommon: 0.08593879346239665
- enhance: 0.08501359440575619
- highly: 0.08501359440575619
- 38: 0.08428002647015995
- steroids: 0.08344038811893983
- problems: 0.08238293444870033
- aggressive: 0.08212874174313885
- visual: 0.0810305878285479
- glioma: 0.08068006332786794
- sarcoidosis: 0.08045041418611977
- reveal: 0.0798897787659551
- as: 0.07630857838144134
- neurologic: 0.07589035854166543
- with: 0.07438811856641855
- typical: 0.0733983514428818
- minimal: 0.07245500161352977
- related: 0.07217517487856444
- weakness: 0.06931398860061272
- above: 0.06851558158032628
- extremity: 0.06840458584383732
- sclerosis: 0.0676476691932731
- chemotherapy: 0.06743758061630735
- effect: 0.06662277343868156
- now: 0.06519481599535576
- possible: 0.0643499440140024
- radiation: 0.06293743615132161
- positive: 0.062582763119783
- finding: 0.06242752377777227
- such: 0.06109189758818428
- some: 0.059756500425461316
- t1: 0.05917452393529902
- treated: 0.05914278074396962
- see: 0.05907947534903568
- loss: 0.05786143337345307
- two: 0.05640052451701741
- months: 0.05528235289306017
- t2: 0.05464096726000511
- low: 0.05449639935768558
- metastatic: 0.052088300597081715
- man: 0.05028023390879145
- were: 0.04895617657542071
- it: 0.04861568825086054
- large: 0.04758651728716228
- in: 0.0472527277986579
- presents: 0.045687231987217046
- seen: 0.04471282934506183
- also: 0.04467288698569963
- images: 0.043931639986320395
- which: 0.0431854673729924
- that: 0.04121500604264451
- disease: 0.039866567789567486
- mass: 0.03627740212761275
- are: 0.036038183948977155
- was: 0.0330992602012445
- this: 0.03263465932778058
- year: 0.02926901161684656
- for: 0.028785786938645162
- old: 0.02810838287197846
- to: 0.023743228018461904
