Texto: 
non contributory.
surgical resection of lesion for seizure control and prevention of symptomatic hemorrhage.
complex lesion with cystic and solid components in the left frontal lobe.  complex pattern of high and low signal intensity suggest either melanin or blood products within the lesion.  little or no mass effect nor edema suggest a long standing process.  no large vascular structures are present on mra.
cerebral cavernous malformation ("hemangioma")
vascular malformation - avm
neoplasm - astrocytoma
neoplasm - glioblastoma
metastatic lesion (e.g. colon cancer)
hemorrhagic metastatic lesion
primary or metastatic melanoma
14 y.o. girl with first seizure 3 months prior to admission.  she was treated medically with limited success.  mri requested for further evaluation.
patient developed mild right upper extremity weakness after surgery.


Keywords by value: 
- lesion: 0.29698480265712096
- seizure: 0.2061893978684205
- metastatic: 0.20384699623093025
- suggest: 0.2012861560885842
- malformation: 0.19110792421852654
- complex: 0.19091529463666487
- neoplasm: 0.1691510208855982
- vascular: 0.16358423532627522
- melanin: 0.1611062076856623
- prevention: 0.15165155636560632
- medically: 0.14416198316799905
- success: 0.13418142359230242
- products: 0.1309973501014227
- requested: 0.12956481231256173
- or: 0.12930028870501503
- glioblastoma: 0.12354895028062356
- mra: 0.12252266724845408
- little: 0.12186446688525102
- nor: 0.12060504454951812
- melanoma: 0.11569750683641192
- standing: 0.11521484364503502
- components: 0.11252452859469393
- avm: 0.10957171496144907
- cavernous: 0.10746823845633428
- hemorrhagic: 0.10746823845633428
- control: 0.10585869113217818
- hemangioma: 0.10421592593293331
- admission: 0.10336962601993657
- either: 0.10242223191180395
- limited: 0.09888587082486398
- symptomatic: 0.09526628969489583
- solid: 0.09498237781205224
- colon: 0.09433400280516323
- astrocytoma: 0.09352784614813527
- structures: 0.09309258208650881
- process: 0.09292088988993573
- pattern: 0.09249750514259208
- 14: 0.09249750514259208
- developed: 0.09191829882397914
- weakness: 0.09041984611423123
- extremity: 0.08923353352446979
- intensity: 0.08797207872104293
- effect: 0.0869091657203468
- girl: 0.0869091657203468
- cerebral: 0.08583406372506323
- contributory: 0.08469227927117379
- first: 0.08360753335104748
- hemorrhage: 0.08294933298784442
- cancer: 0.08252135953901955
- long: 0.08215367808974541
- further: 0.08069345379972066
- no: 0.08057705239573687
- frontal: 0.07974071553485236
- resection: 0.07941689132881008
- treated: 0.0771515424462268
- and: 0.07680278592390717
- primary: 0.07618070150596498
- evaluation: 0.07555677494554804
- for: 0.07510190880131619
- cystic: 0.07461641379654485
- edema: 0.07389238175951454
- she: 0.07375042733415994
- with: 0.072779272654387
- of: 0.07273581302343748
- months: 0.07211562835065215
- blood: 0.07195220433082339
- lobe: 0.07159694221304565
- low: 0.0710903548213652
- high: 0.07041254535323811
- signal: 0.0702313013270794
- mild: 0.0702313013270794
- prior: 0.06931823474812489
- surgery: 0.06661000508315626
- upper: 0.06620638929109435
- mri: 0.0635955663638549
- present: 0.06357341546977593
- large: 0.062076438783662535
- surgical: 0.06021593826991973
- after: 0.06010242433680947
- non: 0.0587846112710892
- within: 0.057061199558532345
- the: 0.04944220241427751
- mass: 0.04732373917627694
- are: 0.04701167993200824
- was: 0.04317786458857701
- left: 0.04226253343431339
- right: 0.04107558669732411
- patient: 0.040296105660434206
- on: 0.03741774975274868
- to: 0.030972954623267074
- in: 0.030820505804758546
