Texto: 
arthroscopic excision.
rounded cystic structure within the anterior cruciate ligament.
acl ganglion
pigmented villonodular synovitis
meniscal cyst
synovial sarcoma
30 year old male with popliteal fossa pain


Keywords by value: 
- villonodular: 0.27837402952589074
- arthroscopic: 0.2672557705621314
- cruciate: 0.261242831417288
- ganglion: 0.25986937797360166
- pigmented: 0.25986937797360166
- synovitis: 0.25137297084024707
- popliteal: 0.24924021545088462
- acl: 0.24721414345820528
- meniscal: 0.23917430127633374
- synovial: 0.23758535266243153
- rounded: 0.21029056822060122
- ligament: 0.19863570543214812
- structure: 0.1974613334528528
- sarcoma: 0.1938639617232567
- excision: 0.1822090989348036
- fossa: 0.1814224140908363
- 30: 0.15765272125866295
- cystic: 0.1391841936467784
- cyst: 0.1333135719661325
- anterior: 0.12903322286376964
- within: 0.10643793563608642
- male: 0.10289499857572046
- pain: 0.0826963970639793
- year: 0.07122073897553247
- old: 0.06839656308712722
- the: 0.04611299796527255
- with: 0.04525244006062084
