Texto: 
-acute mental status change
-left sided cephalohematoma
-elevated etoh (211mg/dl)
significant pneumomediastinum and subcutaneous emphysema
pneumomediastinum
41 y/0 female s/p fall down flight of stairs


Keywords by value: 
- pneumomediastinum: 0.4720283130927265
- cephalohematoma: 0.2679573047180073
- flight: 0.2655242010364589
- etoh: 0.2472205455888706
- stairs: 0.23823244470522545
- emphysema: 0.21097532321540782
- subcutaneous: 0.20484835596061973
- 41: 0.19719748163066175
- mental: 0.18742489665471931
- fall: 0.17919091221398215
- down: 0.1746975024635806
- change: 0.16296231897608743
- status: 0.15007836300583433
- sided: 0.13833410785406194
- significant: 0.12416781402411184
- female: 0.1037737847302005
- and: 0.04443840929045915
- of: 0.042085241965209554
