Texto: 
sedimentation rate >120.
normal wbc count.
patient had subsequent amputation of the first digit.
plain radiographs demonstrate cortical discontinuity in distal first phalanx with associated lucency.  no soft tissue swelling.

mri:
low t1, high t2 signal in distal phalanx of 1st digit with cortical discontinuity and enhancement. associated subcutaneous edema without a soft tissue abscess.
osteomyelitis
osteomyelitis
33 year old african american female with history of diabetes and hypertension.
given cortical discontinuity and associated marrow signal changes, findings were consistent with osteomyelitis given patient's underlying medical disease.


Keywords by value: 
- discontinuity: 0.4474812358426343
- osteomyelitis: 0.31245362932431053
- digit: 0.26516580167450754
- cortical: 0.26019795769988846
- phalanx: 0.24304763621900322
- associated: 0.19102576717987765
- given: 0.16620824614726643
- first: 0.16305257259066602
- sedimentation: 0.1414746909960857
- distal: 0.14038573887480588
- amputation: 0.1388781823953944
- signal: 0.13696605914312723
- 120: 0.13198628958972816
- soft: 0.12863198524867792
- tissue: 0.12674706478997314
- 1st: 0.12589367272376698
- subcutaneous: 0.11507525507126112
- diabetes: 0.11034945428471646
- african: 0.109115417942543
- 33: 0.10631243936734824
- lucency: 0.1039937495794057
- american: 0.10307280888899592
- marrow: 0.10039557702639165
- count: 0.09974388564712407
- underlying: 0.098619109901808
- with: 0.09462343213937699
- hypertension: 0.09243540343857448
- rate: 0.09154542800813378
- subsequent: 0.09145845335317415
- wbc: 0.08538754668769662
- swelling: 0.08131017933122196
- plain: 0.07970617184453299
- patient: 0.07858602484696767
- radiographs: 0.07835493377149536
- abscess: 0.0775747131916206
- medical: 0.07677877530830468
- t1: 0.07527138282133443
- and: 0.07489092983070504
- changes: 0.07301175360757527
- edema: 0.07205297452176
- of: 0.0709251963166341
- enhancement: 0.06953539716586055
- t2: 0.06950459236229531
- low: 0.06932069859863668
- high: 0.06865976187992981
- consistent: 0.0655052621665609
- without: 0.06372205861576731
- demonstrate: 0.0628051059300237
- were: 0.06227340523273981
- mri: 0.062012478334029536
- had: 0.060191346942521214
- in: 0.060106578421721554
- findings: 0.0596239498071463
- female: 0.05829578026895988
- disease: 0.050711209593207365
- normal: 0.04932539100132964
- history: 0.04615592538173427
- no: 0.03928562163690833
- year: 0.03723086949753269
- old: 0.035754522502938646
- the: 0.024105717436810926
