Texto: 
the patient's abdominal exam was normal and she had an unremarkable past medical history.
no treatment was indicated in this asymptomatic patient.
pneumatosis intestinalis
primary pneumatosis intestinalis.
pneumatosis intestinalis is a radiographic finding:

primary(15%)-pneumatosis coli,sometimes associated with copd

secondary(85%)-immunosuppressive meds(including steroids)
              -connective tissue disorders (scleroderma)
              -leukemia
              -vascular (adult ischemia and nec)
              -infectious colitis/enteritis (rotavirus, cmv, cryptosporidiosis)
              -non-infectious colitis/enteritis (uc, crohn's)
57 year old female found to have free air under her diaphragm on routine chest radiograph performed during hypertensive workup.


Keywords by value: 
- pneumatosis: 0.4653530737042991
- intestinalis: 0.37749349978983887
- rotavirus: 0.16952781147596485
- cryptosporidiosis: 0.16952781147596485
- uc: 0.14624716395465817
- nec: 0.14376569111191087
- primary: 0.1303653847459188
- coli: 0.12583116659661295
- scleroderma: 0.11859357083032246
- cmv: 0.11859357083032246
- meds: 0.11581475657784747
- copd: 0.11295010641458597
- hypertensive: 0.11008545625132449
- crohn: 0.10319360890740494
- diaphragm: 0.10267736899886969
- 57: 0.10006904623255898
- workup: 0.09984912127946383
- sometimes: 0.09920454423663683
- 85: 0.09778216617985339
- adult: 0.09778216617985339
- disorders: 0.09359630910471353
- steroids: 0.09313362690702283
- ischemia: 0.09181092668953506
- under: 0.08774946204198525
- indicated: 0.087187986050532
- free: 0.08251769903777528
- routine: 0.08209243009870881
- radiographic: 0.0786482938230761
- including: 0.07586365860214443
- was: 0.07388877784429801
- asymptomatic: 0.07216733938727186
- 15: 0.07163287677759271
- unremarkable: 0.07106683987271714
- finding: 0.06967970594720443
- air: 0.06933793186997221
- radiograph: 0.06904395039112313
- past: 0.06900233012367882
- patient: 0.06895732402481713
- found: 0.06859117526306793
- medical: 0.06737150654296885
- during: 0.0671444148170714
- her: 0.06622698066876137
- she: 0.06310327054313664
- secondary: 0.0628328519076159
- performed: 0.06271391747511751
- abdominal: 0.05797788320946782
- chest: 0.05595571480086595
- associated: 0.05587348704880395
- tissue: 0.055608732169215434
- exam: 0.05336383223910517
- have: 0.05295616767226255
- had: 0.0528164418888504
- female: 0.05115312827076176
- treatment: 0.05049662219683337
- and: 0.04380997872426881
- normal: 0.04328183002706915
- an: 0.04053661113378801
- history: 0.04050070109044768
- this: 0.03642581553837967
- no: 0.0344721767770798
- year: 0.0326691817873023
- on: 0.03201584683793994
- old: 0.031373723233729535
- is: 0.029030658507244497
- to: 0.026501469967849637
- in: 0.02637102978755431
- the: 0.021152180319310248
- with: 0.020757439643631144
