Texto: 
elevated urine vma
the mass was surgically excised.
large left adrenal mass.  location within the adrenal gland excluded adenopathy. contrast within bowel excluded bowel as an etiology.
pheochromocytoma
pheochromocytoma
mets
hemorrhage
adenoma
hypertension, occ palpations, heat intolerance


Keywords by value: 
- pheochromocytoma: 0.3835879207958907
- excluded: 0.33377451930582513
- adrenal: 0.31426864471835614
- occ: 0.27133118934572437
- palpations: 0.27133118934572437
- vma: 0.23407024834908854
- bowel: 0.21776693844482684
- excised: 0.18886605636738119
- heat: 0.18795081462829336
- intolerance: 0.18706289765878795
- mets: 0.17442559274242658
- surgically: 0.15745587154063462
- within: 0.15628488714102712
- urine: 0.15187187060812857
- adenopathy: 0.1427184702454321
- gland: 0.1378256347164877
- etiology: 0.1366783791772836
- adenoma: 0.13526551680161525
- hypertension: 0.12981718354397034
- mass: 0.12961496241713563
- location: 0.11814287490513246
- elevated: 0.11566285491011773
- hemorrhage: 0.11359494056141238
- large: 0.08501056150659647
- contrast: 0.08243673451433516
- as: 0.068160431418318
- the: 0.06770861008970634
- an: 0.06487930691263137
- was: 0.05912991442893068
- left: 0.057876414439029356
