Texto: 
left adenexal fullness on bimanual exam.
ultrasound demonstrates a solid left adnexal mass that is separate from the left ovary.  mri confirms a solid left adenexal mass contiguous with the uterus and signal charateristics compatible with a uterine fibroid.
exophytic uterine leiomyoma
exophytic uterine fibroid
broad ligament fibroid
ovarian neoplasm - potentially fibrothecoma or other stromal tumor

in a setting of a +hcg, ectopic pregnancy.
patient with left sided pelvic pain.
when a seperate ovary is difficult to identify, the differential concern is for ovarian neoplasm.  similarly, in a setting of a +hcg, these raise a concern for a tubal ectopic, expecially when cystic degeneration or torsion of the mass is present with associated pain.


Keywords by value: 
- fibroid: 0.32532634175737696
- adenexal: 0.28429888131948056
- uterine: 0.27682669140444766
- exophytic: 0.2122581290602484
- ovary: 0.19336913118191879
- setting: 0.18378122305915331
- concern: 0.1812138058197884
- ectopic: 0.17477976926605684
- left: 0.16853427558487993
- ovarian: 0.1683656432178592
- charateristics: 0.15802155639112347
- fibrothecoma: 0.15802155639112347
- expecially: 0.15802155639112347
- solid: 0.15150806103721845
- neoplasm: 0.13490788390007613
- seperate: 0.13014264861653493
- bimanual: 0.12200118026150741
- similarly: 0.12200118026150741
- when: 0.11937607208463015
- tubal: 0.11729070655127656
- mass: 0.11323039276532494
- is: 0.10824111514055339
- stromal: 0.10795413406304284
- identify: 0.1052839145080712
- potentially: 0.10370808869019169
- leiomyoma: 0.10261369495309956
- contiguous: 0.10192071697266905
- raise: 0.1012543986963662
- fullness: 0.10061276462707296
- separate: 0.09910554143089192
- compatible: 0.09881921855933785
- adnexal: 0.09853755155109302
- torsion: 0.09853755155109302
- confirms: 0.09547273317124044
- degeneration: 0.09189061152957666
- broad: 0.08924760665316084
- uterus: 0.08667102051178388
- ligament: 0.08493065598549063
- difficult: 0.08200755399278238
- pregnancy: 0.0808627318668353
- the: 0.07886612647263452
- with: 0.07739433171757655
- pelvic: 0.07724081460995551
- pain: 0.07071698650552534
- or: 0.06874972138520774
- differential: 0.06420311055707108
- sided: 0.06356077661749884
- ultrasound: 0.060948943369594145
- for: 0.059898187668016106
- cystic: 0.05951097685843987
- of: 0.05801108717741718
- signal: 0.056013591854068366
- these: 0.055798999634023884
- associated: 0.052081220819057535
- tumor: 0.05168429682278166
- other: 0.05131454661910707
- mri: 0.05072120309210029
- present: 0.05070353645177473
- exam: 0.04974190224011572
- demonstrates: 0.049641966543670535
- in: 0.04916233076313644
- that: 0.042880609308034626
- from: 0.039243852013119335
- patient: 0.03213851335688812
- on: 0.029842855295919252
- to: 0.02470275227711502
- and: 0.02041824572380702
