Texto: 
right testicular mass
right orchiectomy
heterogeneous hypoechoic mass replacing the majority of the right testicle. there is positive vascular flow within the mass.
testicular seminoma
testicular neoplasm:
germ cell tumors 
          seminoma 
          embryonal cell carcinoma 
          teratoma 
          choriocarcinoma 
          mixed cell types (combinations of above) 
stromal tumors 
          leydig’s cell 
          sertoli’s 
          primitive type 
          mixed cell types
right testicular mass discovered on self examination.


Keywords by value: 
- testicular: 0.4679776729016913
- cell: 0.3568117764536498
- seminoma: 0.2738150977818701
- types: 0.2320227434884897
- mixed: 0.20652815152221665
- mass: 0.19060363141475595
- tumors: 0.18349339742134108
- combinations: 0.17946285620599764
- right: 0.1654382371992769
- leydig: 0.1603171411888311
- sertoli: 0.15856667905930746
- choriocarcinoma: 0.1554371921294356
- replacing: 0.15269998660352135
- embryonal: 0.14608937541766434
- orchiectomy: 0.14258282566613886
- primitive: 0.14258282566613886
- stromal: 0.1362914771122691
- self: 0.12824966642887567
- testicle: 0.12548773608191258
- germ: 0.1164973717868661
- discovered: 0.11373127708648888
- majority: 0.11330245742782373
- teratoma: 0.1078773251506601
- hypoechoic: 0.10659053626050324
- heterogeneous: 0.0902907743920853
- above: 0.08999623658114689
- neoplasm: 0.08516021609739559
- type: 0.08368661046508637
- flow: 0.08309186399468096
- vascular: 0.08235758056662672
- positive: 0.08220339119542863
- examination: 0.07982766665802697
- the: 0.07467602536278048
- carcinoma: 0.0746194013122453
- within: 0.05745568734660781
- there: 0.04963736500666336
- of: 0.04882577728600696
- on: 0.037676434208191674
- is: 0.034163447270509746
