Texto: 
swelling and palpable of the medial aspect of the left foot.
while no further imaging is necessary, mri may be helpful to determine the extent of inflammation and to determine if fibrous bridging is present between the navicular and accessory navicular bones.
posterior to the medial aspect of the navicular bone is a 2 x 1.2 cm accessory ossicle with clear sclerotic margins.  there is no evident osseous fusion to the adjacent navicular bone.
accessory tarsal navicular syndrome
trauma
fused accessory navicular
accessory navicular syndrome
24 year-old man with medial foot pain in the absence of trauma.
the accessory ossicle in this patient is especially large and easily palpable as an osseous abnormality to the clinician.


Keywords by value: 
- navicular: 0.6291599299728841
- accessory: 0.4988391014537625
- ossicle: 0.20472854480305783
- the: 0.1550812462193982
- medial: 0.15177112504832385
- determine: 0.14455392893489283
- osseous: 0.12406683628302062
- foot: 0.12282486696562099
- palpable: 0.10920347397141932
- is: 0.10642190620328593
- aspect: 0.10028134133597762
- to: 0.09715029200815022
- syndrome: 0.09370976941445068
- bridging: 0.09043618170495246
- trauma: 0.0902745991965328
- tarsal: 0.08934561543343117
- clinician: 0.08785779639091769
- bone: 0.08481383007826833
- fused: 0.08249092736954569
- easily: 0.0777266907861984
- of: 0.07604812607888253
- helpful: 0.07369585517653614
- extent: 0.07112893372926733
- evident: 0.0668025808369381
- margins: 0.06631065719466944
- fusion: 0.06528715326451666
- sclerotic: 0.06519780996176804
- necessary: 0.06502086195719829
- and: 0.06424024374643264
- bones: 0.06253676632637946
- inflammation: 0.062463710897474434
- absence: 0.061963005556643594
- especially: 0.06148005051909649
- fibrous: 0.060373850505357804
- abnormality: 0.05653258712997513
- clear: 0.05634530164019965
- 24: 0.05510178594668501
- swelling: 0.05230993009879426
- further: 0.05062088970937271
- no: 0.05054786838786991
- between: 0.050499238857925774
- adjacent: 0.05037866457680101
- while: 0.0502294319255466
- if: 0.04515774191995204
- cm: 0.04463596250938801
- man: 0.04114637995035033
- imaging: 0.0408449339187349
- posterior: 0.04019011893863592
- mri: 0.039894985272286555
- present: 0.03988108949867252
- may: 0.03911157953892418
- large: 0.03894200103291756
- in: 0.038668847388836504
- be: 0.03152823941214107
- as: 0.03122322148748874
- there: 0.030924882732646878
- with: 0.030437425926437358
- an: 0.029720189962639143
- pain: 0.027811378310718973
- this: 0.026706281730648773
- left: 0.02651227507409604
- patient: 0.02527868896796595
