Texto: 
none
pa and lateral chest radiograph demonstrating bilateral hilar enlargement. there is a characteristic “middle mogul” sign in the ap window on the pa film. additionally, on the lateral film the right and left pulmonary arteries are enlarged with loss of the ap window (by the left pulmonary artery). the cardiac silhouette is enlarged.
pulmonary artery hypertension
vascular
- pulmonary artery hypertension
    - primary
    - secondary
- normal variant (idiopathic in young adult females)
- venous enlargement (mitral stenosis, insufficiency, chf)
bilateral hilar adenopathy	
- sarcoid
- lymphoma
- metastatic carcinoma
- granulomatous infection (tuberculosis, histoplasmosis, coccidioidomycosis)
65 year old woman for routine physical. remote history of acute chf which resolved.


Keywords by value: 
- pulmonary: 0.28866465759727505
- chf: 0.2598641017786861
- window: 0.243430582461933
- artery: 0.22059033942247172
- hilar: 0.2171248843155908
- mogul: 0.18933663467623954
- pa: 0.18171244800652417
- enlargement: 0.18153236215512056
- hypertension: 0.18117451749378374
- film: 0.17694379949797231
- ap: 0.1699970562702984
- the: 0.16536625005648067
- enlarged: 0.16142055587884774
- coccidioidomycosis: 0.15395482358265786
- histoplasmosis: 0.13179193886040586
- mitral: 0.12877870630722574
- bilateral: 0.12725783880720312
- remote: 0.1225293117129738
- silhouette: 0.12093199593861305
- females: 0.11909408241303411
- lateral: 0.11751197309812667
- insufficiency: 0.11411393942105673
- sarcoid: 0.11103350272339318
- adult: 0.10920772299635963
- resolved: 0.10635453158150249
- granulomatous: 0.1052423979572205
- variant: 0.10506270106135183
- tuberculosis: 0.10418683853511776
- 65: 0.10130848399001822
- idiopathic: 0.1001470698658783
- adenopathy: 0.09958985890111033
- demonstrating: 0.09762420845353852
- young: 0.09762420845353852
- additionally: 0.09749955425407678
- characteristic: 0.09571436892570284
- arteries: 0.09396555713694844
- routine: 0.09168468767431483
- stenosis: 0.09005956434353071
- cardiac: 0.08791628709478232
- middle: 0.08466104327132211
- venous: 0.08452757103113259
- sign: 0.08196507473275186
- left: 0.08077306234817352
- vascular: 0.07816142671453993
- radiograph: 0.07711153171856922
- primary: 0.07279909712503106
- loss: 0.07212952738747389
- infection: 0.07151639391979084
- on: 0.07151360763558129
- carcinoma: 0.07081751099319349
- lymphoma: 0.07051053126974771
- secondary: 0.0701746847536293
- metastatic: 0.06493279349363551
- is: 0.06484561012546433
- none: 0.06470118072874362
- physical: 0.06419555616597146
- acute: 0.06404623996928689
- chest: 0.06249397452288504
- woman: 0.06165960917075602
- in: 0.05890481319202655
- which: 0.0538346039842535
- by: 0.05027665469398474
- and: 0.04892904512052129
- normal: 0.048339183810652366
- there: 0.047108320091221165
- of: 0.04633808311104194
- history: 0.0452330881861284
- are: 0.04492486660959884
- right: 0.0392522721152941
- year: 0.03648647902300722
- for: 0.03588409561097404
- old: 0.03503964997023678
- with: 0.02318288505232952
