Texto: 
• cardiac cath showed occlusion of lad and right main coronary artery.
• eeg consistent with status epilepticus
none available
• diffuse brain edema with very small ventricles and obliteration of sulci - due to cytotoxic edema.
• complete loss of gray-white matter border in the basal ganglia and over the cerebral hemispheres.
brain death
• brain death
• water intoxication
• hypoxic-ischemic encephalopathy
• hypoglycemia
57 year old man who lost consciousness while family was taking him to hospital following sudden onset of chest pain.  ems called.


Keywords by value: 
- death: 0.2655800225870157
- brain: 0.25314466858020834
- epilepticus: 0.19472377511923922
- hypoglycemia: 0.17827624030747008
- cath: 0.17601464631385208
- intoxication: 0.17205065720734508
- ems: 0.16568508091704615
- eeg: 0.16182870549570091
- edema: 0.16146046297689087
- lad: 0.16067097457483012
- cytotoxic: 0.15956711150208294
- obliteration: 0.1565337819481545
- encephalopathy: 0.1425863233073194
- lost: 0.14155447478729116
- sulci: 0.1391555875838068
- coronary: 0.13697710672912872
- water: 0.13536775947129928
- him: 0.13460224866887022
- hemispheres: 0.1314337120430967
- taking: 0.13110641337940124
- 57: 0.12777590495129182
- ganglia: 0.12721755502771606
- consciousness: 0.12640391725276684
- called: 0.12640391725276684
- occlusion: 0.1243614720638089
- border: 0.11971125713896409
- ventricles: 0.11892022465953014
- main: 0.11796713361616076
- sudden: 0.1170508507843539
- basal: 0.11582473717377084
- family: 0.10648978328879603
- of: 0.10595551499915042
- matter: 0.1030634782957431
- cardiac: 0.10051360404376644
- hospital: 0.09998234057874947
- very: 0.0971000942933572
- complete: 0.09488083532775354
- status: 0.09446084601139966
- cerebral: 0.09377697225500636
- available: 0.09183620904573371
- showed: 0.09015771720565056
- while: 0.08747890319916646
- onset: 0.08691694680443733
- diffuse: 0.08488595498440162
- artery: 0.0840660692319973
- and: 0.0839099584957712
- loss: 0.08246479685695043
- following: 0.08120167965013371
- due: 0.07780607165606794
- who: 0.07656660184311403
- over: 0.07526476389021086
- none: 0.07397205996565648
- consistent: 0.07339398565455081
- man: 0.07165998202026552
- chest: 0.07144858840026344
- small: 0.06982199701761872
- to: 0.06767825686700114
- the: 0.05401748260319472
- with: 0.0530094116970573
- pain: 0.04843592248236058
- was: 0.04717345578001672
- right: 0.04487663739667865
- year: 0.041714540350366903
- old: 0.04006039858284204
- in: 0.033672572313434124
