Texto: 
single contrast esophagram demonstrates numerous lower esophageal non-propulsive contractions ending in a round hiatal hernia. this is also known as corkscrew esophagus.
diffuse esophageal spasm
diffuse esophageal spasm
presbyesophagus
67 year old caucasian male with chest pressure and dysphagia.


Keywords by value: 
- esophageal: 0.44502119865261053
- spasm: 0.35137784611211387
- presbyesophagus: 0.24975567933231788
- corkscrew: 0.23186645647975107
- contractions: 0.22311088407214094
- diffuse: 0.21775203710917673
- esophagram: 0.21435531166453078
- ending: 0.19625546589096654
- hiatal: 0.17622760774904855
- 67: 0.170769386202215
- dysphagia: 0.15680748742303496
- caucasian: 0.15432725583953344
- numerous: 0.14664913720935735
- hernia: 0.14371101595939953
- esophagus: 0.14297316429188262
- round: 0.1422527782196901
- single: 0.13349720581207997
- pressure: 0.132190786771377
- known: 0.11240134719009147
- chest: 0.09164104754191293
- lower: 0.08871576321325342
- demonstrates: 0.08722062513903446
- contrast: 0.08435437541970735
- also: 0.08166196333999724
- male: 0.07729860288902082
- as: 0.06974597737893407
- this: 0.05965610314129957
- year: 0.05350370470612298
- old: 0.051382077284884094
- is: 0.047544740799098165
- in: 0.04318895403429048
- and: 0.035874730198413814
- with: 0.03399533935005602
