Texto: 
new radicular symptoms.
enhancing lesions in conus medularis on t1 post contrast images.
leptomeningeal carcinomatosis
leptomeningeal carcinomatosis.
60 year old female with known hx of metastatic breast cancer.


Keywords by value: 
- carcinomatosis: 0.4808948161486389
- leptomeningeal: 0.4694833674174584
- medularis: 0.3392628362867093
- radicular: 0.25096695495874044
- conus: 0.2384511020441131
- hx: 0.20201887751923617
- 60: 0.16605330042621758
- breast: 0.16121767030778106
- new: 0.15359048675743026
- cancer: 0.14787476895620405
- known: 0.14373624555878353
- enhancing: 0.13907640387678885
- t1: 0.13832648790368207
- lesions: 0.1275032160241118
- metastatic: 0.12176171776799899
- symptoms: 0.12147163368068802
- post: 0.12080306253072838
- contrast: 0.10787042613270126
- female: 0.1071303627216534
- images: 0.10269469127966473
- year: 0.06841930128237707
- on: 0.0670510172209714
- old: 0.06570621315997488
- in: 0.055229036463426216
- with: 0.04347245443962594
- of: 0.04344649516911512
