Texto: 
proptosis left eye.
no pain
bone marrow transplant.
radiation therapy left orbit.
repeat mri 6 months later is typical
mass left orbit which envelopes the lacrimal gland and lateral rectus muscle.
mass enhances homogeneously.
acute myelogenous leukemia (aml)
• orbital pseudotumor
• lymphoma
• graves disease
• metastasis
• myositis
56 year old man recently diagnosed with leukemia.
has now developed left eye proptosis


Keywords by value: 
- proptosis: 0.30882004709904753
- orbit: 0.2834845619990697
- leukemia: 0.2795904849827788
- eye: 0.24486751674817064
- envelopes: 0.22615620914525109
- myelogenous: 0.2201693696886965
- left: 0.20882859646438726
- aml: 0.18435190145453054
- lacrimal: 0.18166670802138635
- myositis: 0.17036574333968674
- graves: 0.16873921245500856
- homogeneously: 0.15948729987501306
- pseudotumor: 0.158934093826869
- rectus: 0.1583920644265775
- transplant: 0.1530569868045987
- 56: 0.14292179150020043
- enhances: 0.1349036384832703
- repeat: 0.13424114697737288
- orbital: 0.13424114697737288
- recently: 0.13359462068633643
- marrow: 0.1271852600127559
- gland: 0.1243249695650123
- typical: 0.11827790664258261
- mass: 0.11691857099608831
- developed: 0.11354719992496325
- metastasis: 0.11217102428875295
- diagnosed: 0.11086200649181904
- later: 0.10952692794219775
- muscle: 0.1086724116759545
- now: 0.10505830455715047
- radiation: 0.10142064571058501
- lymphoma: 0.09114805637521221
- months: 0.08908484790092382
- therapy: 0.08793455089790597
- bone: 0.0835063807543575
- acute: 0.08279175019981123
- man: 0.08102417418542714
- mri: 0.07855996662956188
- lateral: 0.07595310768354671
- has: 0.06990671316861546
- which: 0.0695912997750913
- disease: 0.06424305301794281
- pain: 0.05476530288456928
- no: 0.0497686466938624
- year: 0.047165601890010546
- old: 0.04529530459267907
- is: 0.041912542856819716
- and: 0.03162497348069218
- the: 0.03053811762234177
- with: 0.02996821716753115
