Texto: 
ct: relatively hypoattenuating mass in the posterior fossa with obstructing hydrocephalus.

mr: t2 hyperintense, t1 hypointense, avidly enhancing mass compressing the fourth ventricle with resultant hydrocephalus.
pilocytic astrocytoma of the posterior fossa
• pilocytic astrocytoma
• medulloblastoma
• ependymoma
• at/rt (atypical rhabdoid / teratoid tumor)
3 y.o. boy with headache and ataxia.


Keywords by value: 
- pilocytic: 0.32966067508272734
- hydrocephalus: 0.2805446969660312
- fossa: 0.269791728355996
- astrocytoma: 0.25943834629124485
- teratoid: 0.21618291809244375
- avidly: 0.20396898471449995
- hypoattenuating: 0.20256764990086684
- rhabdoid: 0.20256764990086684
- compressing: 0.1853215018642822
- obstructing: 0.18168779287945752
- resultant: 0.1803487606033991
- medulloblastoma: 0.17844560573294058
- posterior: 0.17771376017652207
- ataxia: 0.16685279263183136
- fourth: 0.15408612326562535
- hypointense: 0.15121506934978676
- ependymoma: 0.14514758901791483
- atypical: 0.14097292113248414
- relatively: 0.13992807883663885
- hyperintense: 0.1366858916901219
- mass: 0.13127205573370596
- ventricle: 0.1264844536517932
- headache: 0.11845505816794615
- boy: 0.11754591940408268
- mr: 0.11118447644717995
- enhancing: 0.10764379151910355
- t1: 0.10706336380875331
- the: 0.10286137038033001
- with: 0.10094177787344588
- t2: 0.0988608841706357
- tumor: 0.08987918871489564
- ct: 0.06541884404084383
- in: 0.04274674007344118
- and: 0.03550740695824354
- of: 0.0336271670668391
