Texto: 
bp 80/60
hr 125
weakness in right leg
fluid replacement
blood transfusion
• fracture of right iliac wing
• fracture of right sacral wing
• pelvic hematoma
• hematoma right s1 sacral canal
spinal epidural hematoma, s1 right
• herniated disc
• abscess
• tumor
• hematoma
• pseudoaneurysm
27 year  old man shot in the right hip with a 44 caliber bullet. presented to ed hypotensive and with a weak right lower extremity.
there are no retained bullet fragments in the pelvis or hip.  exit wound not clearly seen on mri or ct scans.


Keywords by value: 
- hematoma: 0.3376539503118759
- bullet: 0.2905481470203629
- right: 0.2798960433568469
- wing: 0.2623662523872208
- sacral: 0.25700658828763157
- s1: 0.21055204305487993
- hip: 0.18528943833275402
- hypotensive: 0.15329738527297931
- exit: 0.15329738527297931
- shot: 0.1441896114625413
- transfusion: 0.14217452793192223
- weak: 0.13864260788499227
- fracture: 0.13708659315103092
- retained: 0.13492386151489613
- 125: 0.13360203270353344
- pseudoaneurysm: 0.12953483407455424
- caliber: 0.12657993472523274
- herniated: 0.1239878304970052
- wound: 0.12131768123861546
- fragments: 0.11541533526861644
- clearly: 0.1135983082183226
- iliac: 0.11102534602369149
- epidural: 0.10953732884947442
- replacement: 0.10834027097953323
- 44: 0.10666290385062839
- scans: 0.1049430638640932
- disc: 0.10477853093518734
- hr: 0.10366131539584861
- bp: 0.09785285135148956
- 27: 0.09773506622978964
- ed: 0.09648097293182302
- pelvic: 0.09427555164630716
- canal: 0.09283017978246738
- leg: 0.09104495320315817
- in: 0.0900069324032387
- weakness: 0.08801946155231845
- extremity: 0.0868646421197392
- spinal: 0.08563667528124286
- pelvis: 0.08435102852319964
- or: 0.08391182746906188
- abscess: 0.07744312574739791
- presented: 0.07032930365706115
- blood: 0.07004208207455337
- fluid: 0.06963397605436142
- man: 0.06384914798190283
- tumor: 0.06308278361672277
- mri: 0.061907288598893384
- lower: 0.06162867243244033
- seen: 0.05677929149496753
- the: 0.04812965539631128
- there: 0.047987876850948845
- not: 0.047611510504630326
- with: 0.047231462755905416
- of: 0.04720325882000838
- ct: 0.045914998144623353
- are: 0.0457636562338058
- no: 0.039218982724133614
- year: 0.037167715993487276
- on: 0.03642441706409817
- old: 0.035693873277927106
- to: 0.030150712545785652
- and: 0.024921298266754103
