Texto: 
lateral meniscal tear
twisted knee playing basketball


Keywords by value: 
- twisted: 0.4940776903137188
- basketball: 0.43904739501049633
- meniscal: 0.417741229607241
- playing: 0.39096310632966463
- tear: 0.33455778167253997
- knee: 0.28932441746747106
- lateral: 0.2003177666197022
