Texto: 
pain on exam, swelling of dorsum of hand, especially at mcp joints.  positive ana and rf
follow up films to determine disease progression and treatment effectiveness can be obtained.
this patient is being treated with rituximab.
>> mcp joint space narrowing and marginal erosions
>> juxtaarticular osteopenia
>> ulnar styloid erosions
rheumatoid arthritis
ra
seronegative spondyloarthropathy
lupus although unusual to have erosions
53 year old female with pain in hands and wrists.


Keywords by value: 
- erosions: 0.41217445934989727
- mcp: 0.31313360385105765
- rituximab: 0.2024224400347074
- juxtaarticular: 0.19706388430249003
- seronegative: 0.18577724560365816
- effectiveness: 0.18041868987144075
- spondyloarthropathy: 0.18041868987144075
- styloid: 0.1650052495065338
- rf: 0.16377349544039146
- dorsum: 0.16041726061733944
- ana: 0.15939523661323243
- marginal: 0.15747309587692107
- wrists: 0.15656680192552883
- lupus: 0.14275004218218318
- osteopenia: 0.142254891867582
- ra: 0.13546934571365435
- ulnar: 0.1301847929351031
- hands: 0.12989013967443092
- 53: 0.12819433369052086
- determine: 0.12738932179335832
- progression: 0.12560969743653272
- unusual: 0.12283577795830343
- rheumatoid: 0.12074629201891647
- joints: 0.11774063188135718
- and: 0.11322447121287096
- arthritis: 0.11141308258129183
- films: 0.10847935641502622
- especially: 0.10835958589512434
- hand: 0.10708009038291887
- narrowing: 0.10619058352725415
- pain: 0.09803601042865373
- obtained: 0.09689440407300456
- being: 0.09545601372729186
- although: 0.09325625210172966
- swelling: 0.09219709996737245
- space: 0.09118269580767664
- positive: 0.09026558427897624
- joint: 0.09026558427897624
- treated: 0.08530396220313632
- follow: 0.07384640506419228
- can: 0.07188499377217857
- exam: 0.06895793907128725
- to: 0.06849158595485338
- have: 0.06843114578860288
- up: 0.06776094584034886
- female: 0.06610121789596721
- treatment: 0.06525286604516611
- disease: 0.057501121000922674
- be: 0.05556903317183794
- with: 0.05364645671652164
- of: 0.05361442211208528
- at: 0.05174068472876757
- this: 0.04707025457359944
- patient: 0.044554099181971424
- year: 0.04221584831283427
- on: 0.041371594260212884
- old: 0.040541827758868394
- is: 0.03751406704773573
- in: 0.03407723525531727
