Texto: 
proptosis and chemosis o.s. (left eye)
embolization of fistula
• mri - enlarged left cavernous sinus and superior opthamic vein. proptosis, and enlargement of all the extra occular muscles. 

• angiogram - direct cavernous carotid fistula
traumatic carotid-cavernous fistula
• carotid cavernous fistula
• dural fistula
• cavernous sinus thrombosis
• meningioma
33 y.o. man 10 days after an mva, diagnosed with a temporal bone fracture.  he presents now with bulging, swelling, and "itching" of his left eye


Keywords by value: 
- fistula: 0.4994302901777973
- cavernous: 0.4796463426568907
- carotid: 0.2794649325072441
- proptosis: 0.22315264385244893
- eye: 0.17694069497506604
- opthamic: 0.17685796789929012
- occular: 0.16899723009115572
- sinus: 0.15982360593841938
- itching: 0.15257069623483113
- chemosis: 0.14212119000843765
- bulging: 0.11737773341724217
- left: 0.11317429159175829
- mva: 0.10160622689611565
- angiogram: 0.09934499134068472
- dural: 0.09813830188486543
- direct: 0.09748105369338761
- 33: 0.09732016509473088
- embolization: 0.09638190305706576
- muscles: 0.09477149382597325
- extra: 0.09289819275667666
- and: 0.09140852752627937
- thrombosis: 0.09016646368744916
- temporal: 0.08495261032790473
- enlargement: 0.08478402696237855
- traumatic: 0.08380219869318198
- meningioma: 0.0828677062384323
- diagnosed: 0.08010862663816062
- vein: 0.07926979182495547
- now: 0.07591488519223212
- enlarged: 0.07539088127008275
- swelling: 0.0744326827931582
- superior: 0.07189934973716815
- days: 0.07000844454501215
- his: 0.06707035199350804
- all: 0.06583177178359643
- he: 0.0654875228458852
- of: 0.06492609760425627
- 10: 0.06466759164287444
- fracture: 0.06285228145721503
- bone: 0.06034151545190153
- man: 0.05854787878987786
- mri: 0.05676724817260403
- after: 0.053649168223179375
- presents: 0.05319964353158891
- with: 0.043309927288069185
- an: 0.042289360124618355
- the: 0.022066772379958115
