Texto: 
elevated lymphocyte count
large soft tissue mass in left lower quadrant - consistent with an enlarged lymph node.
non-hodgkin's lymphoma - b-cell lymphoma
lymphoma
castleman's disease
reactive node - secondary to unknown pathogen
35 yo male presents with fatigue and palpable mass in left lower pelvis.


Keywords by value: 
- lymphoma: 0.35925310954782586
- node: 0.34565121437680196
- pathogen: 0.2828336291995365
- lymphocyte: 0.2584009776301629
- castleman: 0.25296734108798014
- lower: 0.20549638392449177
- fatigue: 0.19475729057688604
- reactive: 0.17256737258834348
- count: 0.16601233329114853
- 35: 0.16122548306542453
- lymph: 0.15635584039939496
- mass: 0.1536085422064133
- unknown: 0.15236693464633785
- palpable: 0.14126068528895427
- quadrant: 0.14083979831520033
- pelvis: 0.14063122453944782
- left: 0.13718032986812287
- elevated: 0.13707370043434297
- enlarged: 0.13707370043434297
- yo: 0.1256185997352324
- secondary: 0.11918065408240747
- consistent: 0.10902604550209563
- soft: 0.10704664184907528
- tissue: 0.10547802417698629
- large: 0.10074722996216792
- in: 0.10004055151048856
- presents: 0.09672618064429804
- male: 0.08952514638196801
- disease: 0.08440303056137825
- with: 0.07874496091444158
- an: 0.0768893927704
- to: 0.050267693237250055
- and: 0.04154913998947296
