Texto: 
non-contributory
none required
thickening of the (nasal) vomer, right ethmoid bone,  cribiform plate and crista galli with a typical homogeneous "ground glass" appearance of the widened diploic space.
fibrous dysplasia
• paget disease
• metastatic disease
• osteitis secondary to chronic sinusits
• fibrous dysplasia
• hyperostosis from meningioma
63 year old woman complaining of chronic sinusits and "nasal drip".


Keywords by value: 
- sinusits: 0.4340411155072581
- nasal: 0.2589465181642422
- fibrous: 0.22063768520050261
- dysplasia: 0.21753850518913712
- vomer: 0.21702055775362905
- crista: 0.21702055775362905
- galli: 0.21702055775362905
- cribiform: 0.1959261555700219
- drip: 0.18704634474078077
- diploic: 0.17866950229288156
- osteitis: 0.17866950229288156
- chronic: 0.1685936869368122
- hyperostosis: 0.1632578476197832
- widened: 0.15073253662398223
- ethmoid: 0.1485180921753732
- glass: 0.14285697462982644
- paget: 0.14083178642300126
- ground: 0.13824765230245847
- 63: 0.13721732231461237
- plate: 0.13022395177706012
- complaining: 0.12850629916988535
- homogeneous: 0.12539022653536983
- disease: 0.11922683297815528
- typical: 0.10975428126323979
- meningioma: 0.10641592065105472
- required: 0.10139339273328822
- thickening: 0.09661605729623865
- space: 0.09453227914796095
- appearance: 0.08561615016770546
- secondary: 0.0841766690366483
- of: 0.08337591040540761
- metastatic: 0.07788886101488478
- none: 0.07761103445786617
- bone: 0.07748854423239583
- woman: 0.07396257685115402
- and: 0.05869187801625773
- the: 0.056674813511887384
- from: 0.05640287139253354
- right: 0.04708429443446394
- year: 0.04376664148638655
- old: 0.04203112602585765
- to: 0.03550380730367517
- with: 0.027808575830669154
