Texto: 
plain radiographs demonstrate a lytic, well-marginated lesion with a thin sclerotic rim. amorphous calcifications with a chondroid matrix are present in 50% of all lesions.
chondroblastoma
clear cell chondrosarcoma
enchondroma
bone abscess
giant cell tumor when extended to the epiphysis
bone infarct
months of shoulder pain.
see factoid


Keywords by value: 
- amorphous: 0.2420324584209219
- chondroblastoma: 0.2420324584209219
- chondroid: 0.23850711388782034
- cell: 0.22988333313558654
- bone: 0.2192681981400198
- enchondroma: 0.21245304117673988
- extended: 0.2072527036905646
- matrix: 0.20212014388135108
- epiphysis: 0.1987087009765178
- chondrosarcoma: 0.1842464040567894
- giant: 0.1792297831844916
- lytic: 0.16925266055846858
- sclerotic: 0.16855513186705262
- infarct: 0.1672001937506024
- rim: 0.16001112915300586
- thin: 0.1564084540776507
- shoulder: 0.15608380617722736
- calcifications: 0.14664396855988482
- clear: 0.14566884614102704
- 50: 0.14032501048204868
- factoid: 0.14032501048204868
- plain: 0.13256843943902624
- radiographs: 0.13032104104429976
- abscess: 0.1290233670712735
- see: 0.124991345910541
- when: 0.12137382089911049
- all: 0.11960930937225332
- months: 0.11695797317736106
- lesions: 0.11539682929832398
- tumor: 0.1050984586160201
- demonstrate: 0.10445834606366243
- present: 0.10310411198462567
- lesion: 0.09633068830618133
- with: 0.07868951953651128
- of: 0.07864253064319145
- are: 0.07624409474428133
- pain: 0.0719004294978101
- to: 0.05023230163699923
- in: 0.04998505835237659
- the: 0.04009297232828196
