Texto: 
duplicated inferior vena cava
39 yo woman with chest pain


Keywords by value: 
- duplicated: 0.49742642770218953
- vena: 0.41304251431482847
- cava: 0.41104398097310546
- 39: 0.35525519569872893
- inferior: 0.2908272698786971
- yo: 0.26707038671128863
- chest: 0.22564994266185595
- woman: 0.22263726031440806
- pain: 0.15297101560201662
- with: 0.08370753697028667
