Texto: 
t5 sensory level
decreased strength lower extremities
surgical decompression and fusion.
complete collapse t4 vetebral body with acute kyphosis at fracture site.
compression and edema of thoracic spinal cord at t4 level.
spine fracture, t4
traumatic fracture
cord edema and/or contusion
60 year old woman in mva 10 months prior to admission.
reportedly had negative t spine plain films at that time.  has had persistent mid scapular pain since mva which became suddenly worse while playing with grandchild.


Keywords by value: 
- t4: 0.39476863421376096
- mva: 0.24108237996598575
- fracture: 0.2236956050265951
- grandchild: 0.2098165689229957
- vetebral: 0.2004909329016364
- cord: 0.19450595367526358
- spine: 0.17334041122732208
- kyphosis: 0.17060762122710366
- suddenly: 0.16347410489301553
- level: 0.15850418403870542
- scapular: 0.1580371988321053
- t5: 0.15685746083682722
- edema: 0.15650053042515663
- reportedly: 0.15266409266899356
- at: 0.1486671406754073
- had: 0.13073683336507316
- contusion: 0.12905155615088149
- became: 0.1287108114236667
- playing: 0.1270789322519955
- decompression: 0.12676600431721596
- sensory: 0.12357854357014103
- collapse: 0.12304363926590922
- fusion: 0.11021035859946247
- strength: 0.1099097027050319
- worse: 0.1099097027050319
- admission: 0.10946596196222293
- site: 0.10581611711630051
- films: 0.10389835275065877
- persistent: 0.10108736572517477
- extremities: 0.09970498458282512
- traumatic: 0.09941926850600873
- 60: 0.09813094024160372
- thoracic: 0.0980416203297028
- compression: 0.09607754633340636
- since: 0.09503737593504047
- mid: 0.09441989325402735
- spinal: 0.09316032759137649
- complete: 0.09196617414692182
- plain: 0.08656171556152017
- body: 0.08634625873151014
- while: 0.08479162328204114
- and: 0.08133231362293683
- decreased: 0.08126766616117456
- negative: 0.08122471591823867
- time: 0.07776525449201456
- 10: 0.07671880639693682
- months: 0.07636872584207437
- prior: 0.07340635291418397
- acute: 0.07097391556448202
- woman: 0.06832913059568835
- lower: 0.06704308982071507
- surgical: 0.06376723861710883
- has: 0.05992811054054863
- which: 0.059657719788983855
- that: 0.056935664499281495
- with: 0.051381006192843255
- pain: 0.04694801080315326
- year: 0.04043310399901673
- old: 0.038829776105344715
- to: 0.03279961825531127
- in: 0.03263817860218897
- of: 0.025675162193129288
