Texto: 
see factoid
a fat/fluid level and subtle depression in the medial plateau.
tibial plateau fracture
fat/fluid level is indicative of an intraarticular fracture.
1. tibial plateau fracture
2. fracture of distal femur (medial & lateral condyles)
3. fracture of patella
acute knee injury while playing basketball.
fat-fluid levels in the knee are typically detected on cross-table lateral views of the knee because the beam must be parallel to the fluid-fat interface. the beam was fortuitously parallel to this interface on the sunrise view thus replicating the physics of the cross-table lateral view of the knee.


Keywords by value: 
- plateau: 0.31970463267639626
- knee: 0.2784127455485441
- fracture: 0.275938599080945
- beam: 0.22743060546664035
- parallel: 0.21618732311583422
- interface: 0.21217732686560684
- the: 0.19375825715757683
- tibial: 0.1676854853076059
- fortuitously: 0.15529090994621553
- replicating: 0.15529090994621553
- sunrise: 0.1483887548351214
- lateral: 0.14457218960705462
- view: 0.1422191743206906
- physics: 0.1396930677847483
- medial: 0.12641506476162404
- condyles: 0.12216605305359932
- intraarticular: 0.11788797552987802
- level: 0.1173132279114077
- of: 0.11401728625495793
- basketball: 0.10562225592707845
- patella: 0.10191599063624557
- depression: 0.10119150644682295
- indicative: 0.09982895471838339
- playing: 0.09405455024692766
- detected: 0.09314645180388448
- thus: 0.08921579060483353
- subtle: 0.08371523037931365
- must: 0.0832145234280768
- femur: 0.07966450593856562
- levels: 0.07698330477729169
- views: 0.07664453122750663
- typically: 0.06816827856680475
- because: 0.067865193841491
- factoid: 0.06781520024007046
- injury: 0.06332216452476049
- while: 0.06275657066967581
- see: 0.060404863837751836
- on: 0.058654328689511134
- distal: 0.05642000941366634
- acute: 0.052529711962353634
- to: 0.04855176682090476
- in: 0.04831279512516643
- be: 0.039391331116213055
- an: 0.0371323570704758
- are: 0.03684666428631971
- was: 0.03384180874617612
- this: 0.03336678502034429
- is: 0.026592671353909386
- and: 0.020065414050899243
