Texto: 
within normal limits.
non-contrast axial ct image demonstrates a well-circumscribed smoothly marginated, heterogeneous 3.5 x 3.2 cm mass arising from the left adrenal gland.  there are areas within the mass that are low density and measure 5 hu.   50 seconds postcontrast axial ct image demonstrates the lesion to enhance heterogeneously, with areas within the mass measuring 113 hu.  15-minute delay postcontrast axial ct image demonstrates the lesion to enhance heterogeneously, with areas within the mass measuring 35 hu.  the percentage enhancement washout was determined to be 72% consistent with a benign adrenal adenoma.
benign adrenal adenoma
metastases:
     (lung, breast, melanoma, gastrointestinal, and renal cell 
     carcinoma )
adrenal myelolipoma
benign nonfunctional adrenal adenoma
hyperfunctioning adrenal neoplasms with associated endocrine
     syndromes:
     (cushing’s syndrome, conn’s syndrome, adrenogenital syndrome in
     newborns and infants.)
     pheochromocytoma
infectious etiologies:
     tuberculosis
     histoplasmosis 
primary adrenal carcinoma
53 yo asymptomatic female with known adrenal mass.


Keywords by value: 
- adrenal: 0.5583886226037141
- hu: 0.25168114647443596
- postcontrast: 0.18610280892094588
- adenoma: 0.180253567008705
- heterogeneously: 0.15652878786578522
- benign: 0.1553112696283013
- areas: 0.1535020981904808
- image: 0.14459537746851742
- mass: 0.14393640908282196
- within: 0.13884252268097466
- syndrome: 0.13630326715734092
- enhance: 0.13492202621283192
- axial: 0.13059998431035166
- adrenogenital: 0.12052447136745578
- measuring: 0.11660664827484336
- conn: 0.11516756672732635
- demonstrates: 0.11358713162857262
- nonfunctional: 0.1113667823984615
- hyperfunctioning: 0.1113667823984615
- the: 0.10526583988437714
- newborns: 0.10220909342946723
- 113: 0.09800176156346525
- cushing: 0.09685218878933778
- seconds: 0.09305140446047294
- myelolipoma: 0.09149528414920834
- percentage: 0.09078096140550043
- carcinoma: 0.09015944632805654
- washout: 0.0901032870971136
- smoothly: 0.0876944998203435
- measure: 0.08715516973375426
- ct: 0.08607608172166832
- pheochromocytoma: 0.08519428136578643
- histoplasmosis: 0.08389371549147864
- endocrine: 0.08197560671553969
- marginated: 0.0793894778168547
- infants: 0.0785368108513492
- syndromes: 0.0774793064112125
- etiologies: 0.07558869348798986
- gastrointestinal: 0.07432947898534724
- with: 0.0737866966549382
- 72: 0.07264057612463051
- lesion: 0.07226297294456435
- determined: 0.07178790915912502
- 53: 0.0705286946564824
- melanoma: 0.07037940772954157
- neoplasms: 0.07023178884786042
- delay: 0.06910670496389833
- tuberculosis: 0.06632136279048043
- gland: 0.061221718760547286
- metastases: 0.06092811217842805
- infectious: 0.06064088885646998
- 35: 0.06042949630730016
- arising: 0.0598817804683116
- limits: 0.05955064151862859
- are: 0.05719490904265929
- to: 0.056523038264817624
- breast: 0.05472761769610556
- heterogeneous: 0.05454724967343032
- 50: 0.05263277266160317
- asymptomatic: 0.05130680537853743
- density: 0.04997451859472593
- known: 0.04879330088939384
- yo: 0.04708355381852398
- renal: 0.046931692922851785
- and: 0.04671954247852653
- primary: 0.04634112522400043
- lung: 0.0458451835260345
- enhancement: 0.043378576671372744
- cm: 0.04328276948965913
- low: 0.043244640307461
- cell: 0.04311204813045337
- consistent: 0.04086443959603389
- associated: 0.03972281852389883
- female: 0.03636691637760748
- that: 0.03270542884651393
- normal: 0.030770878467738415
- be: 0.0305724228216984
- there: 0.029987357627392335
- from: 0.02993164114012968
- was: 0.026265324291448133
- left: 0.025708523490160708
- in: 0.018748277329180475
