Texto: 
soft-tissue mass in the right internal auditory canal (iac)
the lesion enhances with contrast
schwannoma, intracanalicular
• vestibular schwannoma
• cochlear schwannoma
• facial nerve schwannoma
slowly progressive right sided sensorineural hearing loss


Keywords by value: 
- schwannoma: 0.6434332708184538
- cochlear: 0.2506927643871752
- intracanalicular: 0.24722576705766147
- iac: 0.2278840356242497
- sensorineural: 0.2278840356242497
- vestibular: 0.1936139128909163
- auditory: 0.19234813992014413
- slowly: 0.18512977793922017
- hearing: 0.17048414704620865
- enhances: 0.16545732975345337
- facial: 0.1547794499384167
- canal: 0.14448110234738565
- progressive: 0.14376416680180082
- nerve: 0.1339099326246625
- internal: 0.126504143738161
- right: 0.12446595333430455
- sided: 0.12074336830459545
- loss: 0.11435860787198536
- contrast: 0.09120349654356663
- lesion: 0.08999140258397559
- the: 0.07490910481433977
- mass: 0.07169945441464631
- in: 0.04669566457445932
- with: 0.03675557787587926
