Texto: 
no congenital anomalies noted.  abdomen is distended and patient has not passed meconium at 48 hours.
the dilated right colon was resected to facilitate anastamosis with the distal microcolon.  the ileum was then anastamosed to the distal microcolon.
» plain radiographs demonstrate a large air filled loop of bowel in the right abdomen.

» no air is noted in the rectum.

» flouroscopy shows a "microcolon" contrast did not enter the proximal colon.
colonic atresia
» colonic atresia
» ileal atresia
» meconium ileus
» meconium plug
» hirschsprung disease
the patient is a two day old baby boy with increasing abdominal distention.
this patient has done well postoperatively.


Keywords by value: 
- microcolon: 0.4357261261573302
- meconium: 0.3604455122486895
- atresia: 0.30718306642396
- colonic: 0.20154454265478056
- anastamosed: 0.16512820039852055
- the: 0.16482588621763253
- colon: 0.15724102946036686
- anastamosis: 0.1452420420524434
- flouroscopy: 0.14003466242897367
- facilitate: 0.1359955049927137
- air: 0.13507692701698132
- postoperatively: 0.13269527306766996
- hirschsprung: 0.12865611563141
- abdomen: 0.12600625988054523
- enter: 0.12535588370636622
- ileal: 0.1201485040828965
- distal: 0.11998815158173858
- plug: 0.1173581977484237
- ileus: 0.11231316146779706
- passed: 0.1109019670231668
- noted: 0.10949194725480793
- loop: 0.10650435903420313
- ileum: 0.10449104586197708
- rectum: 0.10417623512023509
- patient: 0.10075159988244856
- distention: 0.10026234573681934
- anomalies: 0.09858288860525359
- resected: 0.09449796335347663
- has: 0.09432830874740164
- baby: 0.09309134048644198
- 48: 0.08942823581081176
- distended: 0.08822550234261683
- is: 0.08483175156835432
- filled: 0.0830828854408023
- done: 0.08213496408310027
- not: 0.0815257178600874
- increasing: 0.08132230665163417
- hours: 0.07869673025917642
- congenital: 0.07419012826896046
- did: 0.07407143170335252
- dilated: 0.07395350841076065
- then: 0.07309275220504054
- was: 0.07197120524855502
- boy: 0.07063369707721676
- right: 0.06846701450075945
- plain: 0.0681251265686666
- no: 0.06715509939589942
- radiographs: 0.06697021895461581
- bowel: 0.06626488966933852
- day: 0.06577205273842103
- proximal: 0.06450824817738321
- two: 0.06131879838794399
- shows: 0.060602110897466456
- abdominal: 0.05647323252711467
- demonstrate: 0.053679730083973975
- large: 0.051736186578114164
- to: 0.051627399724049235
- in: 0.05137328976953148
- contrast: 0.05016979304851626
- well: 0.04999687573238782
- disease: 0.04334303720828349
- with: 0.040437478940966325
- at: 0.03900095136136655
- this: 0.03548048733439752
- old: 0.030559507683619883
- and: 0.021336507807338843
- of: 0.020206665992367704
