Texto: 
negative physical examination
ace 118 u/l (nl is less than 67)
none to date
• ct: edema in both frontal lobes

• mr: diffuse thickening of the basal meninges with intense enhancement. edema at the base of both frontal lobes.  pan sinusitis.
leptomeningeal sarcoid
• tb, fungal, granulomatous disease
• lymphoma
• bechets disease
44 year old  woman who presents with 3 months of headache and decreased visual acuity.
chest radiographic is normai and the ct of the chest revealed borderline adenopathy.


Keywords by value: 
- lobes: 0.24723275479537812
- normai: 0.23693907862632346
- bechets: 0.2189359763348012
- pan: 0.2044010830874342
- frontal: 0.1907186620490808
- 118: 0.18832278614853987
- meninges: 0.17987059456890367
- ace: 0.17846630736634905
- edema: 0.17673099733642375
- borderline: 0.16748345213229296
- both: 0.16524187793540562
- acuity: 0.16492666946023443
- nl: 0.16259917408161761
- leptomeningeal: 0.15665547503394753
- chest: 0.1564120411083606
- sinusitis: 0.15282092724530977
- 67: 0.145733756712537
- intense: 0.13986063647567976
- sarcoid: 0.13894921010358308
- date: 0.1369392473422218
- fungal: 0.13262161706480294
- tb: 0.13192896304611693
- granulomatous: 0.13170212329509623
- 44: 0.1310332540641498
- basal: 0.12677915657828523
- visual: 0.12640810760503418
- adenopathy: 0.12462843996833683
- disease: 0.12438407584182883
- the: 0.11825264709456307
- of: 0.11597652758975659
- ct: 0.11281132240061276
- base: 0.11270206758207536
- radiographic: 0.10992210724441524
- headache: 0.10213472855485159
- less: 0.10079525470978223
- thickening: 0.10079525470978223
- revealed: 0.09714730109776647
- mr: 0.09586586252269373
- examination: 0.0948078668605636
- diffuse: 0.0929142602941454
- decreased: 0.09177295216092901
- negative: 0.09172444983797022
- lymphoma: 0.08823807574838642
- months: 0.08624073699121593
- enhancement: 0.08527795120793777
- than: 0.08398733152333014
- who: 0.08380808314869712
- is: 0.08114889726630092
- none: 0.08096815586755325
- physical: 0.08033540870671492
- woman: 0.0771618815891605
- presents: 0.07127230212664973
- and: 0.06123063763516333
- with: 0.05802291176867789
- at: 0.05596166771520777
- year: 0.04565979920797075
- old: 0.04384921277138693
- to: 0.03703955015850439
- in: 0.03685724156933577
