Texto: 
not available
antibiotics
destructive lesion at l2 with ventral paraspinal enhancing collection consistent with abscess.
spinal tuberculosis/potts disease
• trauma
• pyogenic spondylodiscitis
• metastatic tumor
• lymphoma
• pott's disease
24 year old recent immigrant from bangladesh.  referred to hospital for mri by the local health department with diagnosis of spinal tb


Keywords by value: 
- bangladesh: 0.28539292741652994
- spondylodiscitis: 0.27270817817190024
- spinal: 0.2534337373531602
- immigrant: 0.25102345611024385
- pott: 0.22933873404858743
- pyogenic: 0.20283149414163137
- ventral: 0.1916731179084334
- destructive: 0.19014674489700162
- l2: 0.18346519856106985
- health: 0.17648427729959884
- paraspinal: 0.1737220924422553
- tb: 0.15890832864315652
- local: 0.15361887017454412
- department: 0.1509547557454158
- disease: 0.1498205181445971
- collection: 0.14410178738616097
- referred: 0.13205023151502548
- hospital: 0.13181849385554495
- antibiotics: 0.13147407451281093
- 24: 0.12652134028395898
- available: 0.12107848933859199
- recent: 0.12083375973870447
- abscess: 0.11459284661634145
- enhancing: 0.11179318413728744
- lymphoma: 0.10628269044275666
- with: 0.10483282502129833
- trauma: 0.10364149807225694
- metastatic: 0.09787519489912645
- consistent: 0.09676393442118161
- tumor: 0.093343801368527
- diagnosis: 0.09251127643011299
- mri: 0.09160441754360536
- lesion: 0.0855566556670228
- by: 0.07578354653003125
- from: 0.07087588595447059
- not: 0.07045090791176842
- at: 0.0674057832289549
- year: 0.05499719099425084
- for: 0.054089199967150996
- old: 0.05281634110459523
- to: 0.044614108028157774
- the: 0.035608804301860086
- of: 0.03492340827897455
