Texto: 
following initial ct and hospitalization, placement of nasogastric tube was attempted that perforated the esophagus.  subcutaneous crepitus was noted and repeat ct obtained showing cervical subcutaneous emphysema, pneumomediastinum, and pneumoperitoneum.
• large, obstructing lower esophageal mass with metastasis to lung, liver, and systemic lymphadenopathy.

• metallic endograft seen within thrombosed, right common iliac artery aneurysm.
squamous cell esophageal cancer
• esophageal cancer
» squamous cell carcinoma
» adenocarcinoma
• achalasia
• peptic stricture
--------------------
• artherosclerosis
• aortic aneurysm
• l atrial dilation due to mitral valve stenosis
80 y.o. man with two weeks of progressive solid food dysphagia, now unable to swallow liquids.
because of the advanced metastasis (liver and lung) palliative care was discussed with this patient.


Keywords by value: 
- esophageal: 0.28892219060558866
- subcutaneous: 0.21473004607627633
- squamous: 0.20287032207763347
- artherosclerosis: 0.17224305039331247
- aneurysm: 0.1716450893013587
- metastasis: 0.1652225629659196
- liver: 0.15551111977932452
- endograft: 0.15053522110163434
- cancer: 0.15015143751081528
- nasogastric: 0.143269230327985
- liquids: 0.140441655288739
- lung: 0.1371308690590191
- thrombosed: 0.13379319345256435
- peptic: 0.13287398968207612
- crepitus: 0.13199565318106019
- pneumoperitoneum: 0.12957311494241527
- cell: 0.12895558862112608
- achalasia: 0.12674553990316928
- hospitalization: 0.12427240159142745
- pneumomediastinum: 0.12369962763966905
- perforated: 0.12314299033049486
- mitral: 0.12260160529359185
- palliative: 0.12156140103630687
- obstructing: 0.11917787429650636
- metallic: 0.11917787429650636
- was: 0.11784618805674113
- swallow: 0.11745858885103348
- food: 0.11705116580349438
- and: 0.11645518986165469
- attempted: 0.11371929604924869
- discussed: 0.11177418737157212
- emphysema: 0.1105762862058577
- stricture: 0.10917432831013653
- atrial: 0.1059360161063706
- advanced: 0.1059360161063706
- iliac: 0.10376247346546376
- valve: 0.10335505041792464
- dysphagia: 0.10180450483435817
- systemic: 0.10002318066367893
- dilation: 0.09918933045030114
- repeat: 0.0988653999538727
- unable: 0.09762030670041338
- showing: 0.09732091737058277
- esophagus: 0.09282281372233936
- adenocarcinoma: 0.09212535363046413
- lymphadenopathy: 0.09112325800166715
- tube: 0.090066358079894
- placement: 0.08801540425250118
- 80: 0.08792285458566161
- aortic: 0.08710885454440262
- solid: 0.08641241883521963
- progressive: 0.08632706527810921
- ct: 0.0858228133895059
- stenosis: 0.08573969623686814
- to: 0.08453508921726724
- cervical: 0.08072801735575827
- care: 0.08053648773582864
- obtained: 0.0797273317471386
- because: 0.07877489110128426
- now: 0.07737293320556309
- initial: 0.07561308807890466
- artery: 0.07000310972978473
- following: 0.06761788843848485
- weeks: 0.06755191402745633
- carcinoma: 0.06742062239659995
- two: 0.06693590509596312
- with: 0.06621262950036955
- of: 0.06617309109420894
- due: 0.06479031339923885
- common: 0.06392193999826822
- noted: 0.05976097691814017
- man: 0.059672369963620145
- lower: 0.05759714981314523
- large: 0.05647547841545048
- seen: 0.05306499766167998
- within: 0.05191274833368387
- that: 0.04891379568939316
- the: 0.0449811891592393
- mass: 0.04305386814637356
- this: 0.038730676324549296
- right: 0.037369466666912196
- patient: 0.036660315734018886
