Texto: 
physical exam normal
brain excersices, such as multiplication tables and memorization excercises
extensive investigation reveals middle age setting in.
test case for experience - memory loss
• »memory loss«
• middle age syndrome
• old age syndrome
39 yo man experinece decreased ability to remember things in mid-sentence.
umm... i forgot.


Keywords by value: 
- memory: 0.3279768816211601
- age: 0.2654348502995083
- excersices: 0.22538038508184127
- multiplication: 0.22538038508184127
- memorization: 0.22538038508184127
- excercises: 0.22538038508184127
- experinece: 0.22538038508184127
- umm: 0.22538038508184127
- forgot: 0.22538038508184127
- middle: 0.20155569540515902
- tables: 0.1982381403591313
- things: 0.1791357605841879
- loss: 0.17172144932393446
- syndrome: 0.16992445595647265
- remember: 0.16613813830829846
- investigation: 0.16503991591401224
- ability: 0.15263526456210774
- experience: 0.1401452141073872
- setting: 0.13106022928087824
- 39: 0.11711831617312281
- test: 0.11462361163739879
- extensive: 0.10858584491680631
- reveals: 0.10720407768288613
- such: 0.09065441853196099
- yo: 0.08804609860753908
- brain: 0.08785641678640031
- decreased: 0.0872959556441427
- physical: 0.07641637443260897
- man: 0.07461096395103727
- exam: 0.07094506178531937
- case: 0.07080252714471319
- in: 0.07011844011643306
- normal: 0.057541446642993224
- as: 0.0566172444732514
- for: 0.04271530071792216
- old: 0.04171009914129389
- to: 0.035232635014790036
- and: 0.02912179951282764
