Texto: 
palpable thyroid nodule.
thyroid mets whole body scan was negative for distant metastatic disease.
heterogeneous complex cystic mass; 1.1 x 1.1 x 0.9 cm that is distorting the ventral surface of the gland and contains internal echogenicity and prominent vascularity.
(please note: does not contain calcifications as the factoid states)
papillary carcinoma of the thyroid gland
thyroid adenoma, hyperplastic nodule, thyroid cyst, thyroiditis, carcinoma.
palpable thyroid nodule


Keywords by value: 
- thyroid: 0.6109952643576982
- nodule: 0.306827363975944
- gland: 0.21052223643842166
- distorting: 0.1914776697725105
- palpable: 0.18206608487378526
- hyperplastic: 0.1560835877204401
- carcinoma: 0.1550149902787753
- thyroiditis: 0.1435430568390415
- ventral: 0.13917322718779104
- whole: 0.1359984604819991
- distant: 0.13550993561504948
- mets: 0.13321348365914765
- vascularity: 0.1295874001713733
- contain: 0.1295874001713733
- echogenicity: 0.1264612575243765
- contains: 0.1261390460114212
- papillary: 0.12075251688989337
- states: 0.11384219404688824
- please: 0.1086990145129529
- surface: 0.10811277473023642
- the: 0.10342174771437401
- adenoma: 0.10330588779312326
- prominent: 0.10205308492588638
- complex: 0.09983775232789184
- note: 0.09754516651629234
- calcifications: 0.09456878998677182
- heterogeneous: 0.09378541819227472
- factoid: 0.09049377602427072
- does: 0.08957980955118679
- internal: 0.08732769982325617
- body: 0.08527887072567865
- negative: 0.08022063897475716
- cystic: 0.07804021206778966
- scan: 0.07687698278618248
- cyst: 0.07474856989978568
- cm: 0.0744179158694553
- metastatic: 0.07106686051954768
- that: 0.056231841933215856
- disease: 0.05439209534612877
- and: 0.05355127105806049
- as: 0.05205594187289239
- not: 0.05115417497968967
- of: 0.05071554621346153
- mass: 0.049495204248591634
- was: 0.045159094865034735
- for: 0.039273992083910025
- is: 0.03548572055923514
