Texto: 
right sided aortic arch.
right sided aortic arch
4 year old evaluated for reflux.


Keywords by value: 
- arch: 0.5618904350297039
- aortic: 0.511908547025557
- sided: 0.42607856872287364
- reflux: 0.28684035408664993
- evaluated: 0.2829825960669263
- right: 0.21960740368624485
- year: 0.10206671481793297
- for: 0.1003816167330157
- old: 0.09801937749535101
