Texto: 
b/l lower lung rales.
chest radiographs and ct demonstrate interstitial thickening at the right base consistent with fibrosis as well as pleural plaques and calcifications.  there is also hyperinflation of the lungs and flattening of the hemidiaphragms.
asbestosis
interstitial processes
-pneumoconioses
-chemical inhalation
-chronic aspiration
-connective tissue disease related fibrosis
-drug-induced fibrosis
-idiopathic pulmonary fibrosis
-desquamative interstitial pneumonitis
pleural calcifications
-tuberculosis
-healed empyema
-hemothorax
-pneumoconioses
83 year-old male with dyspnea.
this case represents a classic case of asbestosis given the findings of fibrosis with pleural calcifications in a patient with known exposure.  malignant mesothelioma is less likely because it is usually unilateral.  this patient also has hyperinflation and flattening of the diaphragms consistent with obstructive airway disease secondary to smoking.


Keywords by value: 
- fibrosis: 0.4016897615989729
- interstitial: 0.2608126575978637
- asbestosis: 0.23477278142220995
- hyperinflation: 0.22766788286530137
- pleural: 0.21657774038129748
- calcifications: 0.2099693462772204
- flattening: 0.18916481271761845
- diaphragms: 0.14171145030844132
- hemidiaphragms: 0.12630711397435465
- inhalation: 0.12470479495627936
- pneumonitis: 0.11090277764026797
- mesothelioma: 0.1062353369483503
- consistent: 0.10399795839438133
- empyema: 0.10342688629331537
- 83: 0.09734460767195656
- plaques: 0.09675466555645118
- case: 0.09635785951486868
- airway: 0.09618472537688454
- the: 0.09567725233606957
- rales: 0.09432959520115371
- processes: 0.09432959520115371
- with: 0.09389172939403125
- of: 0.09383566260798278
- exposure: 0.09113947945580723
- also: 0.09021687219829662
- obstructive: 0.08918243225430071
- smoking: 0.08881694774769572
- unilateral: 0.08776587894042123
- represents: 0.0856916770824155
- dyspnea: 0.08439227842503524
- aspiration: 0.08384551071664023
- disease: 0.08051051306371734
- and: 0.07926593525515843
- is: 0.07878829314661792
- as: 0.07705256731757626
- base: 0.07294905897691495
- related: 0.07287886419780241
- classic: 0.07172832428984124
- lungs: 0.07077466835294072
- malignant: 0.06836067163412222
- because: 0.0670232626083951
- given: 0.0659691973435468
- this: 0.06590567765973586
- thickening: 0.0652420948272515
- less: 0.0652420948272515
- patient: 0.06238266875135721
- radiographs: 0.0621992254732342
- known: 0.06208825724741136
- usually: 0.06037236830490378
- pulmonary: 0.058455243718729004
- lung: 0.058336851502865744
- likely: 0.05730724663106141
- secondary: 0.056842127253157716
- chest: 0.05062068272706719
- tissue: 0.05030678274793027
- demonstrate: 0.0498555579920995
- it: 0.04908967865860244
- lower: 0.04900481414132443
- findings: 0.04733031245326156
- well: 0.0464350721138224
- has: 0.04380415530867919
- male: 0.042698203011058714
- there: 0.03815816394058247
- ct: 0.03650988836151094
- at: 0.036222503155323514
- right: 0.03179469426027922
- to: 0.02397471836107534
- in: 0.023856714846955476
