Texto: 
pe:  chest: cta bilaterally
labs:  elevated d-dimer (1.6), o2 sat=93% on ra
-anticoagulation therapy
-if patient were unstable: more aggressive therapy such as thrombolysis could be performed
ct (pe/dvt):  large right main pulmonary artery intraluminal hypodense filling defect.  additional filling defects in right lung lobar branches.
pulmonary embolism
1) pulmonary embolism
63 y/o female with 2 days of sob.
a negative d-dimer has a good negative predictive value.  however, a positive d-dimer is nonspecific and must be interpreted in the conjunction with clinical picture.


Keywords by value: 
- pulmonary: 0.22592548707513166
- embolism: 0.22400509804916166
- pe: 0.20427518188814953
- filling: 0.19135382804915
- predictive: 0.157040322401467
- negative: 0.15297604150026237
- thrombolysis: 0.14999213180376583
- conjunction: 0.1466534453128032
- therapy: 0.14197323209813234
- interpreted: 0.13686408448450157
- unstable: 0.1301465658177405
- picture: 0.1296705336715941
- sob: 0.12786460552601925
- o2: 0.12743570852528327
- lobar: 0.12743570852528327
- intraluminal: 0.1261977378309851
- value: 0.1258003213456283
- branches: 0.12251796412118368
- ra: 0.12218216528981299
- hypodense: 0.11996694955250839
- 63: 0.11937352638310944
- cta: 0.11637194538640999
- nonspecific: 0.11611862564757466
- main: 0.10767524516650284
- aggressive: 0.10683890223324413
- defects: 0.10651320300138864
- must: 0.10587613969881335
- good: 0.10048540206408421
- be: 0.10023736012349051
- additional: 0.09577513909437085
- defect: 0.09062939936545798
- could: 0.08986669412117199
- labs: 0.08559552282913871
- elevated: 0.08422464556721322
- bilaterally: 0.0823979351483971
- right: 0.08192286759561743
- positive: 0.08141210456325242
- such: 0.07947268075871451
- clinical: 0.07829922012213883
- days: 0.07821153340006683
- artery: 0.07673183485319056
- lung: 0.07515596977425529
- however: 0.07312625637657182
- performed: 0.07309168559386434
- more: 0.06784133119685208
- chest: 0.06521514965202979
- were: 0.06368567266272246
- large: 0.061903922550821805
- in: 0.06146970546954303
- female: 0.059617841130600265
- has: 0.056433346804877764
- as: 0.0496338101145556
- with: 0.04838467482972558
- ct: 0.04703606717658319
- patient: 0.040184119011668525
- on: 0.037313762324423135
- is: 0.033834591261760145
- and: 0.02552978126472988
- the: 0.024652398953344964
- of: 0.02417789113067349
