Texto: 
tachypnea and tachycardia
multiple filling defects in the right and left pulmonary arteries (lower lobes) consistent with pulmonary embolism.
pulmonary embolism
• thromboemboli
• tumor emboli
• septic emboli
86 y/o woman with shortness of breath


Keywords by value: 
- emboli: 0.4115150033001826
- pulmonary: 0.3835311609875331
- embolism: 0.38027110811694637
- thromboemboli: 0.3017235791316459
- 86: 0.23347190353750966
- tachypnea: 0.22176311493737577
- tachycardia: 0.2142333099772065
- septic: 0.1993253193598762
- defects: 0.18081683893432665
- lobes: 0.1749926257160509
- shortness: 0.16817218608122478
- arteries: 0.16646175541102756
- filling: 0.16242115217105482
- breath: 0.15372094206891354
- consistent: 0.11372363762394924
- tumor: 0.10970406179507881
- woman: 0.10923115972763194
- lower: 0.1071752909629821
- multiple: 0.10258640958500591
- and: 0.08667872558321375
- with: 0.08213783558327693
- left: 0.07154550112870214
- right: 0.06953613982898348
- in: 0.052175493366216553
- the: 0.041849918369590525
- of: 0.04104439377613756
