Texto: 
not available
surgical removal
radiation therapy
• complex mass occupying the region of the fourth ventricle.
• enhances heterogeneously with contrast administration.
• third and lateral ventricular hydrocephalus
ependymoma
• medullobastoma
• pilocytic astrocytoma
• ependymoma
• subependymoma
• choroid plexus papilloma
7 year old boy with a 6 week history of abnormal gait, nausea and vomiting.


Keywords by value: 
- ependymoma: 0.3356220520207347
- medullobastoma: 0.28579613626256145
- subependymoma: 0.24317603709893937
- occupying: 0.21609112840021838
- heterogeneously: 0.20630821626248486
- pilocytic: 0.19056705142403316
- choroid: 0.1863146135082776
- papilloma: 0.18216816506755934
- plexus: 0.17910824116345433
- fourth: 0.17814522868838753
- enhances: 0.17511490676833902
- gait: 0.17206040801139752
- ventricular: 0.1671121383671794
- hydrocephalus: 0.16217456231335206
- administration: 0.15820625611345385
- complex: 0.15306807883789614
- nausea: 0.152608818571964
- removal: 0.15185659209059926
- third: 0.15126629436321715
- astrocytoma: 0.14997360745755575
- vomiting: 0.1470020846940469
- ventricle: 0.14623381680179626
- boy: 0.13589961412377607
- available: 0.13478802831446532
- week: 0.13362254627998033
- radiation: 0.13165150412304355
- abnormal: 0.11935488247662587
- region: 0.11883203597732835
- therapy: 0.1141455549704257
- lateral: 0.09859275494944728
- surgical: 0.09655735549044721
- contrast: 0.09652695240501945
- and: 0.08210311219010427
- the: 0.07928147350866488
- not: 0.07842796042686122
- with: 0.0778019275730114
- of: 0.07775546869899184
- history: 0.07590128327464515
- mass: 0.07588447906097981
- year: 0.06122444190907465
- old: 0.05879665759922527
