Texto: 
polydactly involving hands and feet.
polydactyly
1 yo female


Keywords by value: 
- polydactly: 0.5878950474974732
- polydactyly: 0.5071615250084451
- hands: 0.34857622861349424
- feet: 0.3455068689174611
- involving: 0.25749289396574654
- yo: 0.22966446394192808
- female: 0.17739078038323786
- and: 0.07596296235623519
