Texto: 
negative
intraventricular portion of cyst was fenestrated with a surgical endoscope.
• large suprasellar csf lesion (arachnoid cyst)
• invaginating into the third ventricle and left lateral ventricle
• no pathologic enhancement noted
arachnoid cyst with extension through third ventricle into lateral ventricle
• epidermoid cyst
• craniopharyngioma
• rathke cleft cyst
• arachnoid cyst
• diverticula of membrane of lilequist
18 year old woman presented to er with three day history of headache.  ten pound weight loss over past 6 months.
irregular menses.


Keywords by value: 
- cyst: 0.4256649896343301
- ventricle: 0.3621027003719108
- arachnoid: 0.33700555320789094
- fenestrated: 0.19667605556188614
- lilequist: 0.19667605556188614
- third: 0.18728203524364434
- invaginating: 0.18173221781632828
- endoscope: 0.176921376600595
- pound: 0.15472339911246413
- ten: 0.14703370110947933
- menses: 0.14402051740414973
- rathke: 0.13436137292918718
- diverticula: 0.1331957160460942
- into: 0.130750935715169
- membrane: 0.12907667965859188
- intraventricular: 0.12815911988164203
- lateral: 0.12206719206641947
- suprasellar: 0.12064983632568636
- craniopharyngioma: 0.11882682972287688
- cleft: 0.11107894166943175
- epidermoid: 0.10684525080516603
- pathologic: 0.10076870890451091
- csf: 0.09717682348803319
- of: 0.09626865317599603
- irregular: 0.09494804813023272
- 18: 0.09319278108959114
- er: 0.09198513899243599
- portion: 0.08794283303297434
- extension: 0.08705717230101011
- weight: 0.0857619239591779
- headache: 0.08477898903174208
- three: 0.08255557630874959
- past: 0.08005238783624796
- day: 0.07833784821479164
- negative: 0.07613772745848714
- loss: 0.07492554708373966
- through: 0.07320865075426433
- with: 0.07224463025499685
- presented: 0.07171652456970902
- months: 0.0715858611357747
- enhancement: 0.07078668140019025
- over: 0.06838376889941064
- noted: 0.06520522917919067
- woman: 0.06404977430769582
- large: 0.061620420264014784
- surgical: 0.05977358713691182
- lesion: 0.05896062567485307
- history: 0.04698649778233914
- was: 0.04286067651727264
- left: 0.04195206945939943
- no: 0.03999256343912241
- year: 0.03790083618977043
- old: 0.036397922442212724
- to: 0.03074542480369024
- and: 0.025412862157313188
- the: 0.024539498006352235
