Texto: 
temperature is normal.
stridor on inspiration and expiration.
bronchoscopy performed with removal of peanut from right mainstem bronchus.
expiratory chest radiograph shows appropriate loss of volume of the left lung but persistent air trapping without loss of volume of the right lung.
foreign body aspiration (peanut)
foreign body aspiration
mucus plug
right middle lobe pneumonia
17 month old boy presents to emergency room with stridor.


Keywords by value: 
- peanut: 0.43032386056921407
- stridor: 0.31511443969867586
- foreign: 0.24393736678115846
- volume: 0.2364073571794147
- aspiration: 0.23526143196824068
- expiration: 0.18246506776101984
- body: 0.17709209331646494
- mainstem: 0.16763882919674689
- expiratory: 0.16468675625108387
- loss: 0.16393582118688524
- lung: 0.1636868939526779
- inspiration: 0.1633386292934864
- mucus: 0.15466554591416648
- trapping: 0.15291765005209673
- plug: 0.15291765005209673
- bronchoscopy: 0.14699019803169278
- bronchus: 0.14225721900064617
- temperature: 0.13699419967013995
- right: 0.13381870842098365
- of: 0.13164635867893565
- appropriate: 0.11820367858970734
- room: 0.1101025826722728
- 17: 0.10982991141910385
- pneumonia: 0.10619414420574112
- persistent: 0.10366270332443146
- removal: 0.1028422449230458
- emergency: 0.099819130355276
- middle: 0.09620871059272224
- boy: 0.09203565817100934
- air: 0.08800257098346927
- radiograph: 0.08762945449062727
- month: 0.08184344697633895
- performed: 0.07959548007005873
- shows: 0.07896450835503399
- lobe: 0.07775105282887113
- chest: 0.07101807958345645
- without: 0.07096584080084423
- but: 0.06653122380025749
- presents: 0.06472164148820135
- normal: 0.054932591967040034
- the: 0.05369200377928687
- from: 0.05343437404227801
- with: 0.052690006938750686
- left: 0.04589520680862961
- on: 0.040633990053744865
- old: 0.03981901725983955
- is: 0.036845237766415434
- to: 0.033635232968665434
- and: 0.02780145483497163
