Texto: 
cellulitis
multiple surgical debridements
extensive air in the superficial soft tissue of the right inguinal region with extension into the scrotum.
necrotizing fasciitis and fourier's gangrene
necrotizing fasciitis and fourier's gangrene
63 year old male with dm admitted in dka with inguinal and perineal cellulitis.


Keywords by value: 
- fourier: 0.4254173222657066
- gangrene: 0.3718018841485857
- fasciitis: 0.3379743089897249
- cellulitis: 0.2921840531696847
- necrotizing: 0.2911344885261319
- inguinal: 0.28087146799097135
- debridements: 0.2127086611328533
- dka: 0.2127086611328533
- perineal: 0.1788810859739925
- dm: 0.1557221561707323
- scrotum: 0.15346811437626004
- superficial: 0.1344910049807865
- 63: 0.1344910049807865
- admitted: 0.11405239845909007
- extensive: 0.10724753438799281
- extension: 0.09853335834048768
- air: 0.09104584826659654
- and: 0.0862886280551145
- the: 0.08332314569769914
- region: 0.08325996485766628
- with: 0.0817681743266206
- soft: 0.07410428443207415
- into: 0.07399349451433614
- tissue: 0.0730183905812278
- in: 0.06925423680573731
- multiple: 0.06808314635938377
- surgical: 0.06765315395603953
- male: 0.061974825148330796
- right: 0.046148794995309175
- year: 0.04289705919666589
- old: 0.04119602601434611
- of: 0.027239782345413036
