Texto: 
relatively homogeneous mass in the region of third ventricle and hypothalamus
chordoid glioma
• hypothalamic glioma (astrocytoma)
• langerhan histiocytosis
• germ cell neoplasm
• hypothalamic hamartoma
• chordoid glioma
46 y.o. woman with progressive headache over several months.


Keywords by value: 
- chordoid: 0.505691943741726
- glioma: 0.43606610673242324
- hypothalamic: 0.3911353423937148
- hypothalamus: 0.2077299311704541
- langerhan: 0.2077299311704541
- histiocytosis: 0.17161577497172623
- hamartoma: 0.16830579408303523
- germ: 0.15978866735506495
- 46: 0.1572067885495471
- homogeneous: 0.15107526676183827
- relatively: 0.139336086071205
- progressive: 0.1310496384387264
- third: 0.1302837460086228
- astrocytoma: 0.12917037112762345
- ventricle: 0.1259493367394176
- headache: 0.117953911164089
- neoplasm: 0.11680638999107716
- several: 0.1122630390975641
- region: 0.10234852951301256
- months: 0.09959817168676695
- cell: 0.09788114080449985
- over: 0.09514306662475812
- woman: 0.08911313374993497
- mass: 0.06535834197298493
- in: 0.04256589173278111
- and: 0.03535718601464625
- the: 0.034142065161556365
- with: 0.03350490806155524
- of: 0.033484900841281584
