Texto: 
non contributory
treatment: small and asymptomatic zenker's diverticula do not require any treatment. larger and symptomatic cases can be surgically treated by resecting the diverticulum and to incise the cricopharyngeus muscle. another option may be endoscopic stapling via a fiberoptic endoscope.
• ap image demonstrates midline contrast collection compatible with a diverticulum located in the hypopharynx
• lateral images showing focal posterior outpouching, positioned immediately above the cricopharyngeus.
zenker's diverticulum
• zenker's diverticulum
• killian-jamieson diverticulum
83 y/o man has a history of pharyngeal dysphagia.
while a rare entity, zenkers diverticula are most typically seen in elderly male patients with dysphagia.  thus, our patient presents with the prototypical demographic and symptomatology.  the size of this lesion is small, and will likely be managed conservatively.


Keywords by value: 
- diverticulum: 0.4184707593304355
- zenker: 0.33411251126636143
- cricopharyngeus: 0.2523478616928471
- diverticula: 0.20463834922726268
- dysphagia: 0.17065872636082033
- incise: 0.15108392573521506
- resecting: 0.1443687568268826
- stapling: 0.1443687568268826
- zenkers: 0.13960426866308848
- prototypical: 0.13960426866308848
- fiberoptic: 0.13590864453189855
- endoscope: 0.13590864453189855
- demographic: 0.12617393084642356
- hypopharynx: 0.12442898745977198
- be: 0.11497254308770123
- the: 0.11310549269800366
- symptomatology: 0.10737679687812056
- outpouching: 0.10679562692036891
- pharyngeal: 0.10623416147931293
- entity: 0.10276084463668568
- positioned: 0.10231917461363134
- elderly: 0.09951899257098046
- endoscopic: 0.09879880761342501
- and: 0.09760911077674711
- small: 0.09746537593947095
- 83: 0.09589713980599399
- option: 0.09531596984824232
- conservatively: 0.09503285792293874
- compatible: 0.09448075198726272
- managed: 0.09243981682682999
- treatment: 0.09000562033383218
- surgically: 0.08767532866303587
- thus: 0.08679884667310918
- immediately: 0.08646084219999561
- larger: 0.08456601865622662
- our: 0.0836941518660871
- showing: 0.08157135990079
- require: 0.08120193987834787
- do: 0.07830462181337888
- another: 0.07731261009654136
- via: 0.07721660029531985
- collection: 0.07628592600680367
- located: 0.07473213315149345
- symptomatic: 0.07264469156104573
- rare: 0.07131905270542147
- midline: 0.07105299647246564
- above: 0.06815486382695256
- ap: 0.06782581371181962
- muscle: 0.06708253827394098
- typically: 0.06632153253562395
- contributory: 0.06458154846756882
- asymptomatic: 0.06431584794003245
- size: 0.06396808410050268
- cases: 0.06354340328495191
- any: 0.061056433153350465
- while: 0.061056433153350465
- will: 0.06080576564321472
- image: 0.060419368291618654
- treated: 0.058831408491028477
- focal: 0.056509864506380826
- likely: 0.056455115219070005
- with: 0.05549736250826678
- patients: 0.053146592216989426
- man: 0.05001552079395902
- can: 0.049576776081223885
- most: 0.04916694578821111
- posterior: 0.04885313682303457
- may: 0.04754211724273422
- demonstrates: 0.04746253206157671
- in: 0.04700395376187433
- lateral: 0.04688519537414168
- contrast: 0.045902815320459645
- presents: 0.04544669990239526
- lesion: 0.04529276716126901
- non: 0.04482582420288219
- seen: 0.04447742725146033
- images: 0.04370035066333173
- has: 0.04315280842135476
- male: 0.04206330110667045
- by: 0.040118989000675884
- not: 0.03729594785432512
- of: 0.03697614843230049
- history: 0.036094401635338016
- are: 0.035848451738436066
- this: 0.03246284584063923
- patient: 0.030727534117143122
- is: 0.025872249607697913
- to: 0.02361822573911004
