Texto: 
abdominal distension
colostomy and reanastamosis
abdominal radiographs demonstrate multiple dilated bowel loops in the abdomen.  there is no gas in the rectum.
barium enema shows filling of rectum, sigmoid, descending and transverse colon.
colonic atresia
distal bowel obstruction:
• ileal atresia
• meconium ileus
• colonic atresia
• immature left colon
• hischsprungs disease
neonate on day 3 of life with abdominal distension, feeding intolerence.
the colon is the least frequent location for intestinal atresia.  colon atresia usually results from an intrauterine vascular insult to the large bowel.   multiple atresia syndromes may involve the colon in addition to the small bowel. a proximal location is more common than distal; and, atresia beyond the splenic flexure is unusual.


Keywords by value: 
- atresia: 0.5938575732875838
- colon: 0.3256972785815394
- bowel: 0.21960979833192368
- distension: 0.17768406337596468
- rectum: 0.17262627388271232
- colonic: 0.1669857015841236
- abdominal: 0.14036930343109805
- reanastamosis: 0.13681366923490182
- hischsprungs: 0.13681366923490182
- the: 0.13656319286412316
- intolerence: 0.13073276490699057
- location: 0.11914266287415941
- colostomy: 0.10874158675258319
- insult: 0.10763016315634595
- neonate: 0.10305024602590551
- immature: 0.10085158162082337
- ileal: 0.09954664107641378
- meconium: 0.09954664107641378
- distal: 0.09941378421730998
- intrauterine: 0.0952321707941328
- is: 0.09371420243326026
- flexure: 0.09346573674850252
- ileus: 0.0930548245950543
- beyond: 0.08915126646622153
- syndromes: 0.08795083753219868
- intestinal: 0.08657396708780199
- enema: 0.08631313694135616
- splenic: 0.0839275871846715
- multiple: 0.08368909775206908
- feeding: 0.08023223261344489
- sigmoid: 0.07923203836808668
- least: 0.07907163731611515
- frequent: 0.07844665707779008
- loops: 0.07770036603377653
- descending: 0.07726979037233465
- unusual: 0.07671426925653921
- barium: 0.07617859247760973
- involve: 0.07528486861693717
- gas: 0.0749175680858057
- life: 0.07018564943057959
- addition: 0.06924533633015452
- results: 0.06666367662159862
- filling: 0.06625087931254511
- transverse: 0.06591535401204363
- in: 0.06384646829319304
- dilated: 0.061272700932075236
- obstruction: 0.0599231916909773
- vascular: 0.056479041151950155
- radiographs: 0.05548683606151534
- day: 0.05449411939655266
- usually: 0.053857128883721385
- proximal: 0.0534470193931971
- and: 0.05303381096752951
- abdomen: 0.052199983767819376
- shows: 0.05021066744052701
- common: 0.04851685995522065
- than: 0.04849607359652469
- more: 0.04697630448626934
- demonstrate: 0.044475267208165026
- small: 0.04412976311261573
- may: 0.04305164478300484
- large: 0.04286498309126304
- to: 0.0427748499181695
- disease: 0.03591100697481633
- there: 0.03404022752486909
- from: 0.03397698080847369
- of: 0.0334836582818437
- an: 0.032714175091844454
- left: 0.02918309775097086
- no: 0.02782000752752664
- for: 0.025929661188435052
- on: 0.02583768079954365
- with: 0.016751832379844192
