Texto: 
weakness right upper extremity.
physical therapy.
possible surgical repair.
• pseudomeningocele c7/t1 neural foramen on right
• c8 nerve root is not seen on the right
cervical nerve root avulsion
• neurofibromatosis with dural ectasia
• traumatic nerve root avulasion
26 year old man was in mva 6 months ago.  at that time, he had right upper extremity weakness.  he has had no subsequent improvement.


Keywords by value: 
- root: 0.42466637918477534
- nerve: 0.32021864653631277
- avulasion: 0.23927812573205318
- weakness: 0.21839522034266873
- extremity: 0.21552986488620268
- c8: 0.2064189172268068
- pseudomeningocele: 0.20291647024953463
- right: 0.19842351415049767
- he: 0.17720130918072505
- ectasia: 0.16738756375778638
- upper: 0.1599113424618549
- had: 0.14909434756422585
- neurofibromatosis: 0.14837398702575674
- avulsion: 0.14528460984560085
- neural: 0.13857163355581947
- mva: 0.1374670749821833
- foramen: 0.13300227805258852
- dural: 0.13277518234806812
- improvement: 0.1306062290816137
- 26: 0.12154393172533909
- repair: 0.11575002126346293
- traumatic: 0.11337930246347802
- subsequent: 0.11327158407790831
- ago: 0.10947517244421592
- cervical: 0.10716193140317769
- possible: 0.10137722908253055
- on: 0.09037681497106875
- time: 0.08868472322009269
- months: 0.08709209991296274
- therapy: 0.08596753402014301
- physical: 0.08112847461341326
- man: 0.07921173622444204
- surgical: 0.07272116505255716
- seen: 0.07044081875900446
- has: 0.0683429628194353
- that: 0.06493033013849822
- not: 0.059067200276642334
- at: 0.056514117643096204
- was: 0.05214474286339236
- no: 0.04865536679386145
- year: 0.046110549762943744
- old: 0.04428208933533776
- is: 0.04097499693945845
- in: 0.03722109385034299
- the: 0.029855007375403697
- with: 0.029297855081603864
