Texto: 
pain in the lower abdomen

wbc: 16.4
normal metabolic panel
patient was admitted and treated with antibiotics.
<li>multiple diverticula within the sigmoid colon and descending colon
<li>fat stranding is seen surrounding the diverticula of the sigmoid colon with thickening of the sigmoid bowel wall
<li>small amount of left sided pelvic free fluid is evident
diverticulitis
<li>diverticulitis
<li>abscess
<li>colon cancer
<li>chron's disease
46 y.o. man with complaints of urinary frequency and abdominal pain.
the patient's urinary frequency was likely related to fat stranding adjacent to the bladder.


Keywords by value: 
- li: 0.6468589501151144
- colon: 0.29681661823142774
- sigmoid: 0.2707735130581222
- diverticula: 0.2110971399273965
- frequency: 0.18523609631081722
- diverticulitis: 0.18318945317682375
- stranding: 0.17447017864233272
- urinary: 0.16854970482962237
- the: 0.13612121315604567
- chron: 0.13444977625150453
- fat: 0.12124656874340593
- panel: 0.1022845130312752
- 46: 0.08953838980269152
- metabolic: 0.0883479527758771
- descending: 0.08802252650702554
- evident: 0.08376483356909324
- complaints: 0.08025674889952253
- admitted: 0.07985236641003216
- amount: 0.0779626672626807
- of: 0.07628637749536374
- pelvic: 0.07618054877204104
- free: 0.07586120559478038
- bladder: 0.07562555547866703
- related: 0.07406118834655533
- antibiotics: 0.07179769510910101
- pain: 0.06974627166608859
- wbc: 0.06888144437704834
- was: 0.06792835758335108
- thickening: 0.06630052658354406
- surrounding: 0.06499574292476792
- cancer: 0.06491220064312517
- patient: 0.06339471163292845
- adjacent: 0.06317062006944958
- sided: 0.06268829332716648
- abscess: 0.06257889468727439
- bowel: 0.06254258359485382
- treated: 0.06068824400339688
- and: 0.06041390832256379
- abdomen: 0.059464047109855714
- wall: 0.059283258517481785
- likely: 0.058236950219835035
- with: 0.05724896894080438
- fluid: 0.056268612767202075
- is: 0.053377657866144734
- abdominal: 0.053300954454512176
- man: 0.051594109468985995
- small: 0.050270787905744525
- lower: 0.04979982619045819
- to: 0.04872732723375127
- multiple: 0.047667567038385754
- seen: 0.04588122275011626
- within: 0.04488496136481447
- disease: 0.04090832326712888
- normal: 0.039790394600057115
- left: 0.03324416933142944
- in: 0.02424374571501225
